time ms
1547856992	21.254000
1547857890	99.073000
1547858790	21.847000
1547859689	21.201000
1547860588	21.032000
1547861488	21.227000
1547862389	21.031000
1547863292	21.068000
1547864191	21.075000
1547865088	20.977000
1547865991	20.961000
1547866889	21.035000
1547867789	21.222000
1547868688	21.305000
1547869589	21.188000
1547870489	21.251000
1547871388	21.112000
1547872289	21.060000
1547873188	21.195000
1547874088	21.068000
1547874989	21.177000
1547875889	20.938000
1547876789	21.130000
1547877688	21.109000
1547878589	21.131000
1547879488	21.277000
1547880389	21.011000
1547881288	21.085000
1547882189	21.117000
1547883089	21.177000
1547883989	21.215000
1547884888	21.010000
1547885788	21.155000
1547887589	21.073000
1547888489	20.902000
1547889389	21.289000
1547890289	21.669000
1547891188	21.302000
1547892089	21.017000
1547892989	21.221000
1547893889	20.966000
1547894789	21.257000
1547895689	20.968000
1547896589	21.297000
1547897488	21.251000
1547898389	21.286000
1547899289	21.163000
1547900188	21.238000
1547901089	21.311000
1547901989	21.128000
1547902889	21.310000
1547903788	21.368000
1547904688	22.157000
1547905589	20.958000
1547906489	21.232000
1547907388	21.302000
1547908289	21.076000
1547909189	21.469000
1547910090	21.089000
1547910988	21.419000
1547911888	21.267000
1547912788	21.115000
1547913688	21.044000
1547914588	21.330000
1547915488	25.678000
1547916389	26.683000
1547917288	21.738000
1547918189	32.650000
1547919088	24.886000
1547919989	30.939000
1547920888	26.409000
1547921789	24.830000
1547922688	21.731000
1547923589	23.603000
1547924490	23.507000
1547925390	22.243000
1547926289	21.006000
1547927189	21.042000
1547928089	21.436000
1547928989	21.033000
1547929889	21.270000
1547930788	22.021000
1547931689	21.329000
1547932589	21.345000
1547933489	21.506000
1547934388	21.094000
1547935288	21.462000
1547936189	21.231000
1547937089	21.203000
1547937988	23.913000
1547938889	21.045000
1547939789	20.972000
1547940689	21.233000
1547941589	20.900000
1547942489	21.003000
1547943390	100.796000
1547944290	21.120000
1547945188	21.292000
1547946091	88.067000
1547946989	21.267000
1547947889	21.116000
1547948791	86.310000
1547949689	21.006000
1547950590	21.061000
1547951489	21.167000
1547952390	88.134000
1547953289	21.057000
1547954189	20.830000
1547955089	21.007000
1547955991	97.614000
1547956889	21.068000
1547957789	21.078000
1547958689	21.068000
1547959589	20.873000
1547960490	92.606000
1547961388	21.020000
1547962291	94.374000
1547963189	20.848000
1547964089	20.930000
1547964989	20.826000
1547965889	21.006000
1547966789	21.133000
1547967689	20.999000
1547968589	20.839000
1547969489	20.734000
1547970389	21.070000
1547971289	21.065000
1547972190	85.765000
1547973089	21.193000
1547973989	21.293000
1547974888	21.031000
1547975789	21.024000
1547976690	21.303000
1547977589	21.226000
1547978489	21.017000
1547979401	21.253000
1547980289	21.035000
1547981189	20.870000
1547982089	21.043000
1547982989	21.166000
1547983889	21.192000
1547984789	20.997000
1547985689	21.902000
1547986589	21.240000
1547987489	21.044000
1547988388	21.078000
1547989289	21.282000
1547990189	21.270000
1547991088	20.967000
1547991989	21.231000
1547992888	21.016000
1547993789	21.289000
1547994689	23.845000
1547995589	21.166000
1547996488	22.359000
1547997401	22.810000
1547998289	21.672000
1547999189	21.370000
1548000089	23.461000
1548000989	25.786000
1548001890	22.059000
1548002790	26.636000
1548003689	23.856000
1548004589	22.803000
1548005490	23.336000
1548006388	21.609000
1548007288	30.358000
1548008189	21.536000
1548009089	21.129000
1548009990	23.683000
1548010890	30.024000
1548011789	21.542000
1548012688	21.256000
1548013589	21.056000
1548014489	26.023000
1548015391	30.452000
1548016290	29.784000
1548017190	29.669000
1548018090	27.409000
1548018989	28.194000
1548019889	21.451000
1548020788	21.270000
1548021689	21.029000
1548022589	21.326000
1548023490	21.046000
1548024389	21.400000
1548025289	21.043000
1548026189	21.124000
1548027089	21.421000
1548027988	21.251000
1548028888	21.729000
1548029789	20.921000
1548030688	21.498000
1548031589	21.150000
1548032489	21.126000
1548033391	21.455000
1548034288	21.167000
1548035189	21.129000
1548036088	21.193000
1548036989	21.104000
1548037888	21.069000
1548038789	20.961000
1548039688	21.087000
1548040591	21.045000
1548041489	21.207000
1548042389	21.396000
1548043288	20.988000
1548044188	21.046000
1548045089	21.247000
1548045989	21.212000
1548046889	21.743000
1548047790	21.171000
1548048689	21.022000
1548049589	20.877000
1548050489	21.141000
1548051389	20.958000
1548052289	21.042000
1548053189	20.952000
1548054088	20.752000
1548054989	21.361000
1548055890	21.037000
1548056789	21.103000
1548057689	20.985000
1548058589	20.964000
1548059503	21.048000
1548060388	21.040000
1548061288	20.789000
1548062188	21.137000
1548063087	20.971000
1548063989	21.025000
1548064889	21.360000
1548065789	20.901000
1548066689	103.815000
1548067589	20.909000
1548068490	95.555000
1548069388	20.881000
1548070289	21.081000
1548071189	20.971000
1548072090	21.212000
1548072988	21.103000
1548073890	20.676000
1548074788	20.704000
1548075688	21.081000
1548076592	26.993000
1548077488	22.247000
1548078389	21.808000
1548079290	101.479000
1548080189	21.343000
1548081089	21.174000
1548081989	20.983000
1548082892	20.973000
1548083789	21.200000
1548084689	21.187000
1548085589	20.897000
1548086492	21.474000
1548087389	21.053000
1548088289	21.134000
1548089189	20.916000
1548090092	21.083000
1548090989	21.594000
1548091889	21.032000
1548092789	21.348000
1548093691	21.434000
1548094590	21.137000
1548095489	21.361000
1548096390	20.976000
1548097291	21.252000
1548098189	21.251000
1548099089	21.247000
1548099990	21.541000
1548100891	21.468000
1548101789	24.759000
1548102689	46.917000
1548103590	26.871000
1548104490	26.025000
1548105389	28.473000
1548106289	23.996000
1548107189	24.294000
1548108089	25.596000
1548108990	21.495000
1548109889	21.024000
1548110789	20.876000
1548111691	20.821000
1548112588	22.120000
1548113489	20.870000
1548114389	20.837000
1548115291	20.779000
1548116188	21.660000
1548117089	21.394000
1548117989	20.964000
1548118889	20.952000
1548119789	21.074000
1548120689	21.120000
1548121589	20.936000
1548122492	21.158000
1548123400	21.146000
1548124289	21.144000
1548125189	20.918000
1548126089	21.062000
1548126989	21.128000
1548127888	21.024000
1548128789	20.990000
1548129692	20.964000
1548130589	21.064000
1548131488	21.066000
1548132389	21.188000
1548133289	20.690000
1548134188	21.041000
1548135088	21.251000
1548135990	20.972000
1548136891	21.023000
1548137788	21.191000
1548138689	20.725000
1548139589	21.082000
1548140491	23.246000
1548141389	21.139000
1548142289	21.022000
1548143189	21.002000
1548144089	20.884000
1548144990	20.826000
1548145888	21.074000
1548146789	20.927000
1548147691	21.000000
1548148590	20.993000
1548149492	20.997000
1548150390	21.074000
1548151290	21.264000
1548152192	20.947000
1548153093	21.162000
1548153989	21.866000
1548154892	20.842000
1548155795	21.095000
1548156691	21.076000
1548157595	21.107000
1548158493	24.979000
1548159393	25.886000
1548160289	21.068000
1548161189	21.348000
1548162093	21.469000
1548162990	21.442000
1548163892	21.279000
1548164789	21.390000
1548165692	20.924000
1548166589	21.355000
1548167490	22.280000
1548168389	21.171000
1548169292	21.034000
1548170191	21.122000
1548171089	21.084000
1548171990	21.066000
1548172892	21.112000
1548173789	21.149000
1548174689	30.310000
1548175589	21.215000
1548176491	21.112000
1548177389	21.232000
1548178289	21.281000
1548179191	21.308000
1548180091	21.298000
1548180989	21.236000
1548181889	21.311000
1548182790	21.379000
1548183691	21.261000
1548184589	21.428000
1548185489	21.425000
1548186389	23.771000
1548187292	48.805000
1548188189	30.442000
1548189089	31.674000
1548189989	31.617000
1548190904	28.142000
1548191789	25.639000
1548192688	23.059000
1548193588	21.668000
1548194492	21.091000
1548195389	23.552000
1548196289	20.888000
1548197190	21.249000
1548198091	21.388000
1548198989	37.051000
1548199889	22.371000
1548200790	21.340000
1548201690	21.266000
1548202590	21.371000
1548203490	21.271000
1548204389	21.132000
1548205292	21.058000
1548206189	21.353000
1548207089	21.278000
1548207988	21.664000
1548208891	21.158000
1548209788	20.991000
1548210689	20.957000
1548211590	21.143000
1548212490	21.004000
1548213389	21.171000
1548214289	20.917000
1548215191	21.044000
1548216091	20.987000
1548216988	20.907000
1548217889	21.016000
1548218789	21.634000
1548219692	20.844000
1548220589	21.054000
1548221488	20.783000
1548222389	21.006000
1548223292	21.065000
1548224189	21.197000
1548225089	21.084000
1548225989	20.967000
1548226892	21.196000
1548227789	21.147000
1548228689	21.088000
1548229589	22.144000
1548230494	21.202000
1548231391	20.957000
1548232288	21.151000
1548233188	22.571000
1548234092	20.945000
1548234989	21.017000
1548235890	21.035000
1548236789	20.971000
1548237691	21.130000
1548238589	21.065000
1548239489	21.033000
1548240389	21.332000
1548241292	27.635000
1548242189	27.954000
1548243090	22.418000
1548243989	22.253000
1548244892	26.167000
1548245790	20.993000
1548246689	21.466000
1548247590	31.316000
1548248491	23.444000
1548249390	22.652000
1548250291	21.068000
1548251189	21.330000
1548252092	21.365000
1548252990	20.973000
1548253889	21.764000
1548254789	21.484000
1548255692	21.222000
1548256589	26.278000
1548257490	22.228000
1548258390	21.111000
1548259294	21.205000
1548260189	23.250000
1548261091	21.994000
1548261990	21.337000
1548262893	21.017000
1548263790	21.108000
1548264690	21.095000
1548265591	21.240000
1548266492	21.135000
1548267390	21.363000
1548268289	21.091000
1548269189	21.089000
1548270092	21.184000
1548270990	20.856000
1548271889	21.062000
1548272790	21.935000
1548273692	24.993000
1548274589	27.722000
1548275492	28.683000
1548276390	26.550000
1548277294	31.632000
1548278191	26.343000
1548279089	21.280000
1548279989	21.282000
1548280890	21.166000
1548281790	21.006000
1548282689	20.959000
1548283589	21.196000
1548284489	21.111000
1548285389	20.970000
1548286289	21.095000
1548287188	21.214000
1548288091	21.071000
1548288988	21.072000
1548289890	20.860000
1548290789	21.028000
1548291691	20.881000
1548292591	21.126000
1548293489	21.015000
1548294389	21.149000
1548295292	21.531000
1548297090	21.364000
1548297991	21.318000
1548298890	21.295000
1548299789	21.343000
1548300689	21.541000
1548301589	21.259000
1548302491	21.035000
1548303389	21.212000
1548304289	21.240000
1548305190	21.230000
1548306092	20.919000
1548306989	21.186000
1548307889	21.099000
1548308789	21.041000
1548309692	20.849000
1548310589	21.205000
1548311490	20.932000
1548312390	20.949000
1548313292	21.065000
1548314189	21.154000
1548315089	20.989000
1548315989	21.104000
1548316891	21.188000
1548317789	21.047000
1548318690	21.079000
1548319589	21.026000
1548320492	20.949000
1548321390	20.892000
1548322289	21.136000
1548323189	20.990000
1548324092	20.701000
1548324989	26.487000
1548325889	22.253000
1548326790	23.142000
1548327692	20.984000
1548328589	21.083000
1548329488	23.397000
1548330389	21.048000
1548331292	21.271000
1548332189	24.922000
1548333089	21.347000
1548333988	21.159000
1548334891	20.953000
1548335790	21.558000
1548336689	21.124000
1548337589	21.317000
1548338492	21.184000
1548339389	21.075000
1548340291	21.575000
1548341188	21.508000
1548342092	21.322000
1548342991	21.096000
1548343889	20.951000
1548344789	24.651000
1548345694	21.048000
1548346589	21.474000
1548347492	24.541000
1548348389	20.984000
1548349291	21.208000
1548350191	21.131000
1548351089	21.422000
1548351989	21.148000
1548352891	21.874000
1548353790	21.468000
1548354690	21.220000
1548355589	21.091000
1548356493	21.373000
1548357389	27.073000
1548358291	21.329000
1548359189	21.372000
1548360091	21.208000
1548360990	26.510000
1548361890	40.283000
1548362790	29.997000
1548363691	21.761000
1548364589	21.643000
1548365489	21.143000
1548366391	21.051000
1548367290	21.013000
1548368189	21.197000
1548369088	20.905000
1548369988	21.117000
1548370891	20.866000
1548371789	20.908000
1548372689	21.197000
1548373589	20.999000
1548374491	21.319000
1548375389	21.187000
1548376289	21.099000
1548377190	20.877000
1548378091	20.876000
1548378989	21.158000
1548379889	20.837000
1548380790	20.965000
1548381692	20.782000
1548382590	20.815000
1548383489	20.962000
1548384390	20.993000
1548385290	21.111000
1548386189	21.072000
1548387089	20.934000
1548387989	20.995000
1548388891	20.954000
1548389788	21.212000
1548390689	21.011000
1548391589	21.135000
1548392491	20.964000
1548393389	21.134000
1548394289	21.218000
1548395189	20.961000
1548396990	21.004000
1548397891	21.127000
1548398790	21.097000
1548399691	21.337000
1548400588	21.310000
1548401488	20.868000
1548402392	21.148000
1548403292	21.067000
1548404189	21.076000
1548405089	21.189000
1548405990	21.604000
1548406891	20.993000
1548407789	20.915000
1548408689	21.012000
1548409589	20.980000
1548410490	21.373000
1548411390	21.136000
