time bw
1547856157	88.485296
1547856405	90.592648
1547857310	91.546324
1547858217	91.523162
1547859107	91.311581
1547860004	91.455790
1547860904	92.227895
1547861805	92.013948
1547862704	91.756974
1547863610	91.728487
1547864509	91.464243
1547865408	91.632122
1547866306	91.766061
1547867204	91.933030
1547868103	92.066515
1547869004	90.433258
1547869909	91.566629
1547870804	91.983314
1547871703	91.891657
1547872604	91.945829
1547873505	89.822914
1547874404	91.361457
1547875307	92.030729
1547876204	91.965364
1547877107	92.282682
1547878004	92.141341
1547878905	92.270671
1547879805	92.585335
1547880705	92.542668
1547881604	92.571334
1547882504	92.585667
1547883404	92.592833
1547884305	92.796417
1547885203	92.698208
1547886103	92.649104
1547887904	92.324552
1547888805	92.012276
1547889704	92.006138
1547890604	92.303069
1547891504	92.101535
1547892406	92.000767
1547893305	92.350384
1547894205	92.225192
1547895106	92.412596
1547896005	92.506298
1547896906	92.603149
1547897805	92.601574
1547898707	92.650787
1547899606	92.625394
1547900504	92.812697
1547901405	92.906348
1547902306	92.953174
1547903205	92.676587
1547904106	92.188294
1547905005	92.594147
1547905918	92.797073
1547906805	91.998537
1547907705	92.499268
1547908608	92.199634
1547909507	92.349817
1547910407	92.674909
1547911304	92.837454
1547912205	92.918727
1547913104	92.959364
1547914005	92.429682
1547914907	92.564841
1547915807	92.782420
1547916708	92.891210
1547917605	92.945605
1547918506	90.622803
1547919404	91.811401
1547920305	92.255701
1547921204	89.227850
1547922105	90.913925
1547923004	91.956963
1547923906	92.478481
1547924812	92.539241
1547925709	92.469620
1547926605	92.734810
1547927505	92.867405
1547928404	92.733703
1547929305	92.866851
1547930205	92.583426
1547931105	92.241713
1547932007	92.620856
1547932907	92.810428
1547933807	92.755214
1547934707	92.727607
1547935606	92.813804
1547936505	92.906902
1547937406	92.953451
1547938305	92.576725
1547939206	92.238363
1547940111	92.619181
1547941010	91.559591
1547941907	92.079795
1547942814	92.039898
1547943717	92.119949
1547944608	91.659974
1547945510	92.179987
1547946419	92.089994
1547947308	92.094997
1547948210	92.497498
1547949117	92.348749
1547950013	92.724375
1547950909	92.612187
1547951808	92.806094
1547952717	92.403047
1547953616	92.351523
1547954507	92.375762
1547955409	92.687881
1547956315	92.843940
1547957213	92.921970
1547958109	92.810985
1547959009	92.905493
1547959920	92.552746
1547960817	92.076373
1547961712	92.088187
1547962614	92.144093
1547963508	92.522047
1547964408	92.611023
1547965311	92.305512
1547966209	92.402756
1547967112	92.701378
1547968011	91.950689
1547968918	92.025344
1547969808	90.362672
1547970717	91.581336
1547971609	91.890668
1547972515	90.395334
1547973409	91.647667
1547974309	92.323834
1547975213	92.511917
1547976111	92.455958
1547977011	92.727979
1547977908	92.863990
1547978809	92.731995
1547979721	92.615997
1547980610	92.757999
1547981509	92.628999
1547982407	92.514500
1547983310	92.757250
1547984209	92.578625
1547985109	92.789312
1547986008	92.394656
1547986913	92.697328
1547987816	92.748664
1547988708	92.874332
1547989608	92.387166
1547990511	92.443583
1547991408	92.171792
1547992308	92.535896
1547993208	92.717948
1547994109	92.708974
1547995011	92.604487
1547995909	92.452243
1547996810	92.526122
1547997720	92.163061
1547998609	92.181530
1547999509	92.290765
1548000409	92.395383
1548001309	92.697691
1548002212	91.598846
1548003110	92.049423
1548004011	91.874711
1548004909	91.987356
1548005810	91.743678
1548006709	92.221839
1548007610	92.360919
1548008509	92.130460
1548009409	90.465230
1548010312	91.732615
1548011211	91.966307
1548012118	92.333154
1548013010	92.416577
1548013910	92.408288
1548014810	92.304144
1548015716	92.552072
1548016613	92.576036
1548017514	92.188018
1548018413	92.444009
1548019312	92.722005
1548020210	92.061002
1548021108	92.280501
1548022011	92.390251
1548022909	88.395125
1548023809	90.447563
1548024708	84.923781
1548025611	88.811891
1548026510	90.805945
1548027409	91.902973
1548028308	92.401486
1548029219	91.800743
1548030114	91.000372
1548031014	79.750186
1548031912	85.625093
1548032813	88.662546
1548033716	89.881273
1548034612	89.990637
1548035513	90.495318
1548036412	90.797659
1548037313	90.848830
1548038212	81.724415
1548039112	86.562207
1548040014	88.931104
1548040914	89.665552
1548041815	83.982776
1548042712	87.591388
1548043612	89.795694
1548044513	90.597847
1548045413	88.498923
1548046313	85.799462
1548047213	88.099731
1548048116	89.899865
1548049014	90.249933
1548049914	91.124966
1548050813	91.062483
1548051713	91.281242
1548052613	91.340621
1548053515	91.420310
1548054413	89.910155
1548055314	90.055078
1548056216	83.927539
1548057114	87.563769
1548058012	89.581885
1548058912	69.790942
1548059829	80.895471
1548060711	86.347736
1548061609	89.423868
1548062509	90.961934
1548063410	91.780967
1548064312	91.690483
1548065211	91.045242
1548066111	92.022621
1548067023	92.211310
1548067913	91.555655
1548068818	92.277828
1548069712	92.188914
1548070613	91.994457
1548071512	91.397228
1548072419	92.148614
1548073311	92.374307
1548074214	92.387154
1548075111	92.693577
1548076011	91.796788
1548076917	91.948394
1548077811	91.674197
1548078714	91.787099
1548079631	91.893549
1548080513	87.696775
1548081416	76.848387
1548082318	83.874194
1548083215	56.587097
1548084116	74.543548
1548085017	83.471774
1548085914	86.785887
1548086817	86.942944
1548087713	87.671472
1548088614	90.135736
1548089514	91.367868
1548090415	91.183934
1548091314	91.941967
1548092213	92.470983
1548093116	91.335492
1548094016	92.117746
1548094915	91.708873
1548095813	92.004436
1548096714	92.352218
1548097614	92.576109
1548098514	92.238055
1548099427	92.519027
1548100321	92.759514
1548101220	92.379757
1548102114	92.489878
1548103020	92.744939
1548103915	92.122470
1548104815	90.461235
1548105713	90.730617
1548106619	91.865309
1548107513	91.782654
1548108415	90.991327
1548109314	91.245664
1548110215	91.872832
1548111114	91.486416
1548112014	84.043208
1548112913	88.471604
1548113813	89.385802
1548114713	91.192901
1548115623	91.196450
1548116514	89.098225
1548117414	74.099113
1548118315	82.999556
1548119214	86.949778
1548120114	81.674889
1548121014	86.987445
1548121915	89.293722
1548122817	90.446861
1548123725	91.123431
1548124614	77.061715
1548125514	80.580858
1548126414	86.090429
1548127314	62.045214
1548128214	75.522607
1548129116	83.611304
1548130016	87.405652
1548130914	88.202826
1548131814	89.451413
1548132715	88.125706
1548133615	89.562853
1548134513	90.281427
1548135413	77.090713
1548136314	84.295357
1548137218	77.647678
1548138114	83.823839
1548139015	87.561920
1548139915	86.480960
1548140817	84.240480
1548141714	87.870240
1548142614	89.785120
1548143514	90.042560
1548144414	90.621280
1548145314	90.910640
1548146213	91.105320
1548147120	91.402660
1548148019	91.301330
1548148915	91.050665
1548149819	90.875332
1548150715	90.487666
1548151617	76.643833
1548152517	84.021917
1548153421	87.210958
1548154316	88.155479
1548155219	89.227740
1548156121	90.313870
1548157017	90.756935
1548157921	91.178467
1548158830	90.589234
1548159720	91.044617
1548160615	91.422308
1548161518	79.161154
1548162426	85.230577
1548163316	88.315289
1548164218	81.907644
1548165118	86.653822
1548166017	89.276911
1548166915	90.488456
1548167815	90.794228
1548168715	91.447114
1548169618	75.723557
1548170522	83.811778
1548171414	72.255889
1548172316	81.927945
1548173219	86.763972
1548174116	85.481986
1548175015	75.440993
1548175914	82.720497
1548176817	85.610248
1548177716	85.755124
1548178627	73.977562
1548179517	82.588781
1548180417	86.444391
1548181316	84.722195
1548182215	68.861098
1548183116	79.580549
1548184017	85.640274
1548184915	75.170137
1548185816	75.685069
1548186716	83.442534
1548187620	68.121267
1548188518	73.510634
1548189420	82.605317
1548190321	86.802658
1548191232	89.051329
1548192115	70.825665
1548193015	80.712832
1548193915	66.106416
1548194820	79.153208
1548195715	84.226604
1548196628	87.913302
1548197516	84.306651
1548198417	74.603326
1548199335	81.301663
1548200216	85.900831
1548201117	88.850416
1548202926	90.425208
1548203823	91.712604
1548204721	90.406302
1548205623	91.553151
1548206521	91.226575
1548207421	91.763288
1548208323	92.331644
1548209224	92.115822
1548210132	92.307911
1548211021	92.203955
1548211921	92.201978
1548212823	92.350989
1548213720	90.025494
1548214621	91.112747
1548215524	91.256374
1548216423	91.328187
1548217319	91.064093
1548218221	90.782047
1548219120	90.941023
1548220024	89.420512
1548220921	90.710256
1548221820	91.555128
1548222721	91.727564
1548223625	91.813782
1548224521	92.306891
1548225421	91.753445
1548226320	92.176723
1548227224	92.088361
1548228134	92.294181
1548229020	91.847090
1548229921	92.373545
1548230826	92.186773
1548231723	92.393386
1548232620	91.596693
1548233533	90.048347
1548234424	91.274173
1548235323	92.087087
1548236224	91.593543
1548237133	92.146772
1548238034	90.423386
1548238922	91.511693
1548239822	91.855846
1548240725	91.627923
1548241626	91.563962
1548242531	91.731981
1548243434	91.915990
1548244321	91.657995
1548245226	91.678998
1548246121	91.939499
1548247022	91.919749
1548247925	90.759875
1548248827	91.729937
1548249724	90.364969
1548250624	90.832484
1548251523	91.116242
1548252426	91.808121
1548253323	92.054061
1548254222	91.527030
1548255122	91.463515
1548256024	91.031758
1548256923	91.315879
1548257823	91.557939
1548258724	90.878970
1548259626	91.189485
1548260521	91.894742
1548261424	91.547371
1548262323	91.873686
1548263227	90.436843
1548264122	91.368421
1548265023	91.534211
1548265925	91.667105
1548266836	90.133553
1548267722	90.066776
1548268621	91.333388
1548269531	91.816694
1548270424	91.608347
1548271322	90.804174
1548272221	91.502087
1548273124	90.601043
1548274025	91.100522
1548274923	91.600261
1548275832	91.700130
1548276726	92.000065
1548277630	91.900033
1548278537	92.300016
1548279422	92.450008
1548280322	92.425004
1548281222	92.212502
1548282123	92.606251
1548283022	92.803126
1548283921	92.651563
1548284823	92.225781
1548285722	92.612891
1548286622	92.606445
1548287520	92.303223
1548289311	92.651611
1548290210	92.175806
1548291109	92.287903
1548292012	91.993951
1548292913	92.446976
1548293810	92.073488
1548294710	91.786744
1548295612	91.793372
1548297414	91.996686
1548298311	91.698343
1548299210	91.849171
1548300110	91.824586
1548301011	91.812293
1548301910	92.056146
1548302812	92.278073
1548303710	92.139037
1548304610	91.019518
1548305511	91.609759
1548306413	91.654880
1548307321	91.577440
1548308211	91.338720
1548309110	91.119360
1548310013	91.859680
1548310911	92.179840
1548311812	92.439920
1548312712	92.269960
1548313613	92.284980
1548314511	89.842490
1548315412	90.671245
1548316310	91.685622
1548317213	92.292811
1548318111	92.346406
1548319011	92.273203
1548319909	90.786601
1548320812	91.393301
1548321711	91.796650
1548322610	92.248325
1548323510	92.274163
1548324414	92.487081
1548325310	91.443541
1548326211	87.871770
1548327112	90.185885
1548328014	91.642943
1548328910	91.571471
1548329809	90.985736
1548330713	91.642868
1548331612	91.971434
1548332510	92.235717
1548333410	92.117858
1548334309	92.408929
1548335213	92.254465
1548336112	92.277232
1548337010	91.738616
1548337910	92.069308
1548338815	92.484654
1548339710	92.542327
1548340612	92.271164
1548341510	92.385582
1548342414	92.542791
1548343312	92.471395
1548344210	91.835698
1548345112	91.767849
1548346017	91.983924
1548346912	91.941962
1548347813	90.770981
1548348711	91.835491
1548349614	92.317745
1548350513	92.408873
1548351411	92.204436
1548352311	91.502218
1548353214	91.551109
1548354111	92.275555
1548355011	92.637777
1548355911	91.168889
1548356844	89.034444
1548357711	90.717222
1548358612	90.608611
1548359511	91.054306
1548360414	91.977153
1548361316	92.338576
1548362217	88.219288
1548363114	88.559644
1548364013	90.529822
1548364911	90.914911
1548365811	90.757456
1548366714	91.878728
1548367614	92.089364
1548368512	92.244682
1548369411	92.372341
1548370310	92.086170
1548371214	92.443085
1548372110	91.821543
1548373011	90.960771
1548373912	87.380386
1548374940	88.940193
1548375716	90.620096
1548376616	89.860048
1548377523	91.430024
1548378418	92.015012
1548379314	90.357506
1548380216	90.878753
1548381115	91.339377
1548382018	92.019688
1548382917	92.109844
1548383816	91.654922
1548384717	92.177461
1548385615	92.588731
1548386515	92.444365
1548387414	92.422183
1548388317	92.561091
1548389217	92.030546
1548390114	92.215273
1548391015	92.457636
1548391916	90.878818
1548392818	91.189409
1548393715	88.894705
1548394616	89.397352
1548395515	89.448676
1548397316	83.974338
1548398217	88.487169
1548399116	90.593585
1548400018	91.746792
1548400916	91.573396
1548401816	90.536698
1548403619	91.568349
1548404515	91.684175
1548405414	91.192087
1548406315	90.896044
1548407216	90.248022
1548408117	91.274011
1548409015	92.137005
1548409916	91.468503
1548410816	91.584251
1548411717	91.742126
