time bw
1547856257	79.397084
1547857163	83.848542
1547858066	87.474271
1547858960	89.187135
1547859858	81.193568
1547860758	85.546784
1547861658	84.173392
1547862558	85.986696
1547863462	78.693348
1547864363	80.346674
1547865259	85.073337
1547866160	80.436668
1547867059	85.718334
1547867958	86.709167
1547868858	86.454584
1547869761	75.727292
1547870659	83.763646
1547871558	84.581823
1547872458	82.290911
1547873358	78.045456
1547874258	81.772728
1547875161	84.336364
1547876058	80.018182
1547876958	84.559091
1547877858	87.479545
1547878759	88.039773
1547879658	88.219886
1547880559	88.259943
1547881459	87.879972
1547882359	87.389986
1547883259	83.344993
1547884159	82.322496
1547885058	73.761248
1547885958	77.380624
1547887759	79.190312
1547888659	75.645156
1547889559	75.872578
1547890459	83.186289
1547891359	84.493145
1547892259	85.696572
1547893160	78.998286
1547894059	84.899143
1547894961	68.449572
1547895859	76.924786
1547896760	78.512393
1547897659	82.706196
1547898559	77.353098
1547899460	82.176549
1547900358	79.138275
1547901260	80.619137
1547902160	84.559569
1547903059	84.429784
1547903959	88.314892
1547904859	73.257446
1547905760	77.028723
1547906659	78.464362
1547907559	79.782181
1547908462	82.191090
1547909360	74.895545
1547910261	83.447773
1547911159	77.273886
1547912058	82.036943
1547912958	83.018472
1547913859	82.609236
1547914761	86.754618
1547915660	77.627309
1547916562	84.363654
1547917459	80.531827
1547918360	85.615914
1547919258	87.707957
1547920160	85.203978
1547921059	86.251989
1547921960	88.825995
1547922859	90.362997
1547923759	88.881499
1547924663	79.440749
1547925562	81.270375
1547926459	75.285187
1547927360	83.692594
1547928259	85.946297
1547929159	84.473148
1547930059	88.236574
1547930959	86.018287
1547931860	87.659144
1547932761	85.079572
1547933661	85.839786
1547934560	83.069893
1547935458	75.834946
1547936359	80.917473
1547937260	77.008737
1547938159	82.454368
1547939060	84.427184
1547939960	86.163592
1547940861	81.431796
1547941760	80.815898
1547942663	79.157949
1547943565	81.478975
1547944461	77.339487
1547945361	82.319744
1547946266	87.059872
1547947161	87.379936
1547948062	87.789968
1547948965	84.944984
1547949860	84.722492
1547950761	76.561246
1547951660	82.880623
1547952566	82.940311
1547953460	85.020156
1547954360	73.260078
1547955260	69.080039
1547956167	73.940019
1547957060	80.420010
1547957960	83.660005
1547958860	82.730002
1547959772	68.865001
1547960666	80.232501
1547961560	86.166250
1547962467	86.533125
1547963360	83.466563
1547964261	87.683281
1547965161	86.841641
1547966060	89.170820
1547966962	79.335410
1547967861	78.867705
1547968770	78.133853
1547969660	82.116926
1547970560	86.958463
1547971460	82.079232
1547972366	73.989616
1547973261	83.044808
1547974161	82.822404
1547975061	78.111202
1547975961	82.305601
1547976862	86.852800
1547977760	76.076400
1547978661	81.488200
1547979573	85.994100
1547980462	88.447050
1547981361	88.473525
1547982260	88.136763
1547983162	90.168381
1547984061	80.634191
1547984961	86.117095
1547985861	85.758548
1547986762	87.179274
1547987665	87.439637
1547988560	89.119818
1547989461	81.859909
1547990361	77.229955
1547991261	83.964977
1547992161	82.332489
1547993060	81.516244
1547993961	80.858122
1547994863	86.429061
1547995761	87.114531
1547996660	72.657265
1547997573	75.678633
1547998460	76.039316
1547999361	75.619658
1548000261	81.859829
1548001161	82.429915
1548002062	85.414957
1548002962	84.207479
1548003862	88.253739
1548004761	89.326870
1548005662	81.913435
1548006561	86.606717
1548007462	82.853359
1548008361	84.826679
1548009261	75.013340
1548010163	81.706670
1548011062	82.203335
1548011970	81.101667
1548012860	82.200834
1548013761	83.550417
1548014662	87.875208
1548015564	82.687604
1548016464	85.543802
1548017365	74.271901
1548018264	80.535951
1548019163	86.317975
1548020062	85.008988
1548020961	88.604494
1548021864	77.202247
1548022761	72.801123
1548023662	81.850562
1548024561	71.275281
1548025462	76.937640
1548026361	78.818820
1548027262	76.209410
1548028161	83.904705
1548029063	61.352353
1548029962	52.426176
1548030861	48.413088
1548031761	51.206544
1548032662	44.403272
1548033565	39.451636
1548034461	38.575818
1548035363	41.687909
1548036261	51.193955
1548037162	56.346977
1548038061	49.973489
1548038962	46.586744
1548039861	45.643372
1548040763	40.871686
1548041662	42.235843
1548042561	40.067922
1548043461	41.133961
1548044361	42.566980
1548045262	42.133490
1548046162	43.916745
1548047062	40.808373
1548047964	39.404186
1548048863	42.852093
1548049763	43.026047
1548050662	41.713023
1548051563	43.256512
1548052462	43.078256
1548053362	42.239128
1548054262	39.419564
1548055163	37.009782
1548056062	41.254891
1548056962	51.227445
1548057862	60.013723
1548058762	48.506861
1548059677	42.953431
1548060562	42.626715
1548061462	57.413358
1548062361	65.556679
1548063259	78.528339
1548064161	84.214170
1548065061	75.457085
1548065961	69.128542
1548066866	73.514271
1548067762	71.757136
1548068668	69.178568
1548069561	78.589284
1548070464	80.194642
1548071362	84.697321
1548072269	79.148660
1548073162	83.324330
1548074064	74.312165
1548074962	72.406083
1548075862	81.853041
1548076768	70.226521
1548077662	81.113260
1548078563	86.356630
1548079468	83.778315
1548080362	65.989158
1548081265	61.544579
1548082163	71.472289
1548083065	77.336145
1548083966	75.418072
1548084863	70.209036
1548085764	75.654518
1548086666	83.277259
1548087562	73.088630
1548088463	73.044315
1548089363	74.422157
1548090265	81.161079
1548091163	82.880539
1548092063	83.190270
1548092963	87.395135
1548093865	79.547567
1548094763	83.723784
1548095664	84.161892
1548096563	72.080946
1548097465	78.140473
1548098362	84.370236
1548099276	74.185118
1548100164	75.642559
1548101065	80.071280
1548101964	86.085640
1548102865	78.792820
1548103764	77.096410
1548104664	77.098205
1548105563	84.549102
1548106464	78.874551
1548107363	84.437276
1548108264	64.518638
1548109164	73.309319
1548110066	81.904659
1548110963	79.852330
1548111864	84.676165
1548112763	82.488082
1548113663	59.644041
1548114563	73.922021
1548115466	56.411010
1548116362	46.805505
1548117263	44.352753
1548118164	44.626376
1548119064	40.213188
1548119963	39.256594
1548120863	42.428297
1548121763	55.364149
1548122666	54.032074
1548123575	45.666037
1548124463	48.183019
1548125363	42.241509
1548126263	47.170755
1548127163	42.135377
1548128063	59.767689
1548128963	48.883844
1548129866	62.241922
1548130763	50.220961
1548131662	56.610481
1548132563	47.205240
1548133464	42.202620
1548134362	54.251310
1548135263	55.325655
1548136164	47.662828
1548137067	43.331414
1548137963	41.065707
1548138864	41.432853
1548139764	39.466427
1548140665	41.733213
1548141563	55.666607
1548142463	50.783303
1548143363	62.191652
1548144263	53.345826
1548145164	47.622913
1548146063	54.011456
1548146968	49.255728
1548147866	43.677864
1548148764	55.688932
1548149667	47.044466
1548150564	45.872233
1548151466	41.386117
1548152366	50.093058
1548153269	42.696529
1548154166	40.548265
1548155067	39.424132
1548155969	47.962066
1548156866	56.981033
1548157770	50.390517
1548158667	45.995258
1548159569	61.147629
1548160464	52.923815
1548161368	48.011907
1548162271	42.155954
1548163165	39.927977
1548164066	38.313988
1548164963	37.856994
1548165866	37.628497
1548166764	51.264249
1548167664	46.382124
1548168564	53.991062
1548169466	45.895531
1548170367	44.897766
1548171263	41.198883
1548172165	42.099441
1548173066	46.749721
1548173964	42.274860
1548174864	43.137430
1548175763	40.518715
1548176666	39.459358
1548177564	55.029679
1548178464	45.914839
1548179366	43.057420
1548180266	54.278710
1548181165	50.089355
1548182064	44.044677
1548182965	44.322339
1548183866	44.161169
1548184764	44.530585
1548185665	42.415292
1548186565	42.807646
1548187468	42.053823
1548188366	42.326912
1548189267	40.463456
1548190166	39.931728
1548191080	41.865864
1548191964	56.982932
1548192863	47.091466
1548193764	44.245733
1548194667	40.572866
1548195564	43.586433
1548196476	57.393217
1548197365	62.246608
1548198266	49.773304
1548199178	38.586652
1548200064	41.443326
1548200965	42.771663
1548202768	67.035832
1548203666	78.167916
1548204566	73.283958
1548205468	66.341979
1548206366	69.920989
1548207265	77.410495
1548208164	72.655247
1548209068	79.827624
1548209965	77.963812
1548210866	83.681906
1548211766	85.790953
1548212668	86.245476
1548213565	85.622738
1548214466	80.911369
1548215367	81.705685
1548216268	79.902842
1548217165	73.951421
1548218065	73.225711
1548218965	81.812855
1548219869	78.056428
1548220766	79.728214
1548221665	82.714107
1548222566	82.807053
1548223468	83.603527
1548224366	76.251763
1548225266	81.925882
1548226166	78.062941
1548227068	84.881470
1548227967	73.590735
1548228866	80.245368
1548229766	70.422684
1548230671	64.261342
1548231568	74.980671
1548232465	80.140335
1548233365	80.720168
1548234269	79.310084
1548235167	85.555042
1548236068	71.477521
1548236970	81.288760
1548237871	73.694380
1548238768	82.947190
1548239666	81.423595
1548240566	68.061798
1548241470	76.380899
1548242368	84.240449
1548243271	81.720225
1548244166	86.710112
1548245069	85.355056
1548245967	88.827528
1548246866	88.313764
1548247768	79.906882
1548248671	83.253441
1548249567	77.326721
1548250467	80.963360
1548251368	75.531680
1548252269	81.565840
1548253167	78.232920
1548254067	84.566460
1548254967	84.533230
1548255869	85.666615
1548256768	88.933308
1548257667	90.316654
1548258568	89.958327
1548259471	79.029163
1548260366	73.264582
1548261268	82.082291
1548262167	86.091145
1548263070	78.345573
1548263967	85.122786
1548264867	81.361393
1548265768	84.530697
1548266669	77.615348
1548267567	84.107674
1548268466	79.503837
1548269367	79.751919
1548270269	85.425959
1548271167	88.662980
1548272066	79.331490
1548272969	76.665745
1548273870	84.232872
1548274768	82.566436
1548275672	82.433218
1548276569	79.216609
1548277475	83.258305
1548278370	80.779152
1548279267	86.439576
1548280166	80.219788
1548281067	82.309894
1548281968	83.254947
1548282867	76.327474
1548283766	81.913737
1548284667	86.406868
1548285567	89.253434
1548286466	85.176717
1548287365	86.688359
1548289168	67.744179
1548290067	58.272090
1548290967	53.536045
1548291870	51.168022
1548292770	49.984011
1548293667	49.392006
1548294567	49.096003
1548295470	48.948001
1548297270	48.874001
1548298169	48.837000
1548299068	48.818500
1548299967	48.809250
1548300867	48.804625
1548301767	48.802313
1548302669	48.801156
1548303567	48.800578
1548304467	48.800289
1548305368	48.800145
1548306270	48.800072
1548307167	48.800036
1548308068	48.800018
1548308967	48.800009
1548309870	48.800005
1548310768	48.800002
1548311668	48.800001
1548312569	48.800001
1548313470	48.800000
1548314368	48.800000
1548315268	48.800000
1548316167	48.800000
1548317070	48.800000
1548317968	48.800000
1548318868	48.800000
1548319767	48.800000
1548320670	48.800000
1548321568	48.800000
1548322468	48.800000
1548323368	48.800000
1548324271	48.800000
1548325167	48.800000
1548326068	48.800000
1548326970	48.800000
1548327871	48.800000
1548328767	48.800000
1548329667	48.800000
1548330568	48.800000
1548331470	48.800000
1548332368	48.800000
1548333268	48.800000
1548334167	48.800000
1548335070	48.800000
1548335969	48.800000
1548336868	48.800000
1548337768	48.800000
1548338672	48.800000
1548339568	48.800000
1548340469	48.800000
1548341367	48.800000
1548342271	48.800000
1548343169	48.800000
1548344067	48.800000
1548344968	48.800000
1548345874	48.800000
1548346769	48.800000
1548347671	48.800000
1548348568	48.800000
1548349470	48.800000
1548350370	48.800000
1548351269	48.800000
1548352168	48.800000
1548353070	48.800000
1548353969	48.800000
1548354869	48.800000
1548355768	48.800000
1548356701	48.800000
1548357569	48.800000
1548358469	48.800000
1548359368	48.800000
1548360271	48.800000
1548361172	48.800000
1548362073	48.800000
1548362970	48.800000
1548363871	48.800000
1548364768	48.800000
1548365668	48.800000
1548366571	48.800000
1548367472	48.800000
1548368368	48.800000
1548369268	48.800000
1548370168	48.800000
1548371070	48.800000
1548371968	48.800000
1548372869	48.800000
1548373769	48.800000
1548374681	48.800000
1548375570	48.800000
1548376470	48.800000
1548377370	48.800000
1548378272	48.800000
1548379168	48.800000
1548380070	48.800000
1548380969	48.800000
1548381872	48.800000
1548382771	48.800000
1548383670	48.800000
1548384570	48.800000
1548385469	48.800000
1548386369	48.800000
1548387268	48.800000
1548388169	48.800000
1548389071	48.800000
1548389968	48.800000
1548390869	48.800000
1548391770	48.800000
1548392672	48.800000
1548393569	48.800000
1548394471	48.800000
1548395369	48.800000
1548397170	48.800000
1548398072	48.800000
1548398970	48.800000
1548399872	48.800000
1548400769	48.800000
1548401670	48.800000
1548402572	48.800000
1548403472	48.800000
1548404368	48.800000
1548405269	48.800000
1548406170	48.800000
1548407071	48.800000
1548407970	48.800000
1548408869	48.800000
1548409771	48.800000
1548410670	48.800000
1548411570	48.800000
