time bw
1547856758	12.759785
1547857661	9.809893
1547858555	10.854946
1547859453	12.027473
1547860352	9.113737
1547861253	11.506868
1547862153	12.053434
1547863058	12.976717
1547863957	13.438359
1547864853	12.319179
1547865754	12.409590
1547866652	11.049795
1547867551	10.924897
1547868452	9.712449
1547869357	8.476224
1547870252	11.188112
1547871151	12.544056
1547872051	13.222028
1547872952	13.561014
1547873851	13.730507
1547874753	13.815254
1547875651	13.857627
1547876553	15.928813
1547877451	16.914407
1547878351	17.357203
1547879251	17.678602
1547880150	17.789301
1547881050	17.744650
1547881950	17.872325
1547882850	17.886163
1547883751	17.943081
1547884649	17.971541
1547885549	15.885770
1547886277	14.842885
1547887349	14.321443
1547888249	11.900721
1547889149	12.850361
1547890049	12.175180
1547890949	11.887590
1547891849	12.393795
1547892749	9.966898
1547893649	11.533449
1547894550	12.666724
1547895449	14.983362
1547896349	15.391681
1547897249	13.495841
1547898149	9.252920
1547899049	6.921460
1547899947	7.500730
1547900849	7.630365
1547901749	12.765183
1547902648	10.367591
1547903548	7.503796
1547904447	9.951898
1547905348	12.675949
1547906248	11.537974
1547907148	9.633987
1547908050	6.471994
1547908948	6.075997
1547909849	5.057998
1547910746	10.078999
1547911646	11.089500
1547912546	14.494750
1547913446	15.847375
1547914348	9.953687
1547915247	7.141844
1547916149	12.470922
1547917045	12.885461
1547917947	11.442730
1547918845	10.676365
1547919746	10.313183
1547920645	10.806591
1547921546	9.923296
1547922444	11.411648
1547923345	10.395824
1547924251	7.272912
1547925148	6.451456
1547926044	10.175728
1547926945	12.037864
1547927844	12.168932
1547928744	14.734466
1547929645	15.117233
1547930544	16.158616
1547931446	15.229308
1547932346	11.114654
1547933245	9.727327
1547934145	8.998664
1547935044	9.749332
1547935943	11.474666
1547936844	11.637333
1547937743	14.268666
1547938644	15.184333
1547939544	11.782167
1547940448	10.016083
1547941343	13.708042
1547942249	11.954021
1547943150	14.927010
1547944045	16.413505
1547944946	12.481753
1547945851	15.140876
1547946745	16.570438
1547947646	16.185219
1547948549	17.042610
1547949444	17.521305
1547950345	17.760652
1547951244	17.080326
1547952149	17.490163
1547953047	17.695082
1547953943	17.847541
1547954843	17.073770
1547955750	17.486885
1547956643	17.693443
1547957544	17.846721
1547958443	16.573361
1547959355	17.236680
1547960248	17.618340
1547961142	17.759170
1547962048	17.779585
1547962942	17.889793
1547963842	12.029896
1547964745	14.914948
1547965642	16.307474
1547966546	12.438737
1547967442	14.469369
1547968351	16.134684
1547969241	17.017342
1547970143	17.458671
1547971041	16.779336
1547971948	11.629668
1547972841	12.964834
1547973741	10.122417
1547974641	10.661208
1547975541	9.385604
1547976443	9.892802
1547977340	9.416401
1547978240	13.608201
1547979153	15.754100
1547980041	16.227050
1547980940	15.913525
1547981839	16.356763
1547982741	17.078381
1547983640	14.689191
1547984540	16.244595
1547985440	15.022298
1547986343	15.661149
1547987246	15.830574
1547988138	14.615287
1547989039	15.007644
1547989941	15.303822
1547990839	15.201911
1547991739	13.550955
1547992638	12.225478
1547993538	13.662739
1547994441	14.531369
1547995339	15.265685
1547996239	15.632842
1547997150	13.816421
1547998038	12.908211
1547998938	12.454105
1547999838	12.227053
1548000738	12.063526
1548001640	12.931763
1548002539	10.270882
1548003438	11.085441
1548004337	11.942720
1548005238	10.126360
1548006138	10.613180
1548007038	9.541590
1548007936	10.370795
1548008837	10.045398
1548009739	7.452699
1548010637	9.476349
1548011545	7.458175
1548012437	12.079087
1548013336	10.564544
1548014237	9.112272
1548015142	6.981136
1548016038	6.065568
1548016939	5.907784
1548017839	7.528892
1548018737	7.054446
1548019635	9.177223
1548020534	11.488611
1548021438	12.744306
1548022335	13.372153
1548023235	13.686076
1548024134	13.843038
1548025035	13.921519
1548025935	13.960760
1548026835	13.980380
1548027734	13.890190
1548028642	13.895095
1548029538	13.697547
1548030438	15.798774
1548031336	16.899387
1548032237	17.399693
1548033140	17.649847
1548034036	17.724923
1548034937	17.762462
1548035836	17.831231
1548036736	17.915615
1548037635	17.857808
1548038535	17.928904
1548039437	17.914452
1548040336	17.907226
1548041238	17.953613
1548042135	17.926806
1548043035	17.913403
1548043936	17.856702
1548044835	15.078351
1548045735	16.489175
1548046634	17.244588
1548047538	17.522294
1548048436	17.711147
1548049335	17.855573
1548050234	17.827787
1548051135	17.913893
1548052034	17.956947
1548052936	15.978473
1548053834	13.989237
1548054735	13.894618
1548055636	14.447309
1548056535	16.023655
1548057433	15.911827
1548058333	16.855914
1548059250	14.127957
1548060133	15.913978
1548061031	16.806989
1548061930	17.253495
1548062829	17.376747
1548063732	15.038374
1548064631	12.174187
1548065531	11.062093
1548066440	12.381047
1548067332	14.140523
1548068237	15.070262
1548069132	16.485131
1548070033	17.142565
1548070931	17.471283
1548071838	16.985641
1548072730	17.492821
1548073632	16.196410
1548074530	16.998205
1548075430	16.899103
1548076336	15.099551
1548077229	16.099776
1548078131	15.499888
1548079035	16.199944
1548079931	16.799972
1548080833	12.354986
1548081731	14.527493
1548082633	16.163746
1548083533	13.631873
1548084430	15.815937
1548085331	16.907968
1548086232	16.253984
1548087129	17.026992
1548088031	17.463496
1548088930	17.631748
1548089831	17.765874
1548090730	14.532937
1548091628	16.266469
1548092532	14.083234
1548093432	13.991617
1548094330	12.495809
1548095229	14.497904
1548096130	11.638952
1548097029	14.769476
1548097927	13.984738
1548098841	13.592369
1548099730	10.021185
1548100629	9.980592
1548101528	11.190296
1548102429	10.355148
1548103329	9.172574
1548104228	8.311287
1548105127	8.305644
1548106028	11.552822
1548106926	13.826411
1548107828	12.513205
1548108728	15.256603
1548109629	16.578301
1548110527	17.239151
1548111427	17.569575
1548112326	16.634788
1548113226	17.267394
1548114125	17.583697
1548115034	17.741848
1548115927	17.870924
1548116826	17.885462
1548117727	17.892731
1548118626	17.946366
1548119526	17.973183
1548120426	17.886591
1548121326	17.943296
1548122229	17.921648
1548123137	17.910824
1548124026	17.855412
1548124926	17.877706
1548125825	17.938853
1548126725	17.969426
1548127625	17.884713
1548128526	17.942357
1548129427	17.921178
1548130325	17.910589
1548131224	17.955295
1548132125	17.977647
1548133025	17.938824
1548133923	17.919412
1548134824	17.959706
1548135725	17.879853
1548136628	17.889926
1548137523	17.744963
1548138424	17.872482
1548139324	16.936241
1548140226	15.968120
1548141123	16.884060
1548142023	17.392030
1548142923	17.646015
1548143823	17.823008
1548144723	17.861504
1548145622	17.880752
1548146528	17.940376
1548147427	17.870188
1548148323	17.935094
1548149227	17.967547
1548150122	17.983773
1548151025	17.991887
1548151925	17.945943
1548152828	17.972972
1548153724	17.886486
1548154626	17.943243
1548155528	17.921621
1548156424	17.910811
1548157328	17.905405
1548158224	17.902703
1548159127	15.851351
1548160022	16.725676
1548160925	17.312838
1548161832	17.606419
1548162722	17.053209
1548163624	17.476605
1548164524	17.688302
1548165423	17.794151
1548166320	16.647076
1548167221	17.273538
1548168120	17.586769
1548169023	17.743384
1548169927	17.871692
1548170819	17.835846
1548171721	17.917923
1548172624	17.908962
1548173520	17.854481
1548174419	17.827240
1548175318	17.913620
1548176221	17.956810
1548177120	17.928405
1548178019	17.964203
1548178921	17.932101
1548179821	17.866051
1548180720	17.883025
1548181618	15.341513
1548182520	14.670756
1548183420	12.785378
1548184318	11.182689
1548185219	14.491345
1548186119	15.995672
1548187022	16.247836
1548187920	11.653918
1548188821	7.946959
1548189722	6.618480
1548190633	5.879240
1548191517	11.839620
1548192416	13.619810
1548193316	15.759905
1548194222	16.879952
1548195117	17.339976
1548196029	17.619988
1548196918	17.709994
1548197818	17.804997
1548198736	17.652499
1548199617	17.726249
1548200517	17.813125
1548201388	17.856562
1548202325	17.578281
1548203222	17.639141
1548204120	17.719570
1548205022	17.709785
1548205921	17.854893
1548206820	17.827446
1548207721	17.863723
1548208622	17.881862
1548209518	17.890931
1548210419	17.945465
1548211319	17.922733
1548212222	17.961366
1548213118	17.980683
1548214019	17.990342
1548214922	17.945171
1548215821	17.872585
1548216717	17.936293
1548217618	17.868146
1548218517	17.884073
1548219421	17.892037
1548220318	17.946018
1548221217	17.973009
1548222118	17.886505
1548223021	17.843252
1548223918	16.421626
1548224818	17.160813
1548225717	16.780407
1548226620	14.740203
1548227519	13.120102
1548228416	14.660051
1548229317	15.330025
1548230222	15.715013
1548231119	15.957506
1548232015	16.028753
1548232916	16.064377
1548233819	16.082188
1548234717	11.096094
1548235619	9.258047
1548236528	7.954024
1548237429	6.382012
1548238317	8.791006
1548239216	12.895503
1548240118	11.797751
1548241019	12.948876
1548241925	12.524438
1548242828	10.922219
1548243715	8.686109
1548244620	11.243055
1548245515	11.221527
1548246414	12.510764
1548247318	11.705382
1548248219	11.702691
1548249116	12.801345
1548250016	15.350673
1548250916	12.040336
1548251819	9.980168
1548252715	9.480084
1548253615	10.090042
1548254514	11.095021
1548255416	13.847511
1548256315	14.073755
1548257214	13.286878
1548258115	13.393439
1548259018	15.646719
1548259913	16.773360
1548260815	17.286680
1548261713	17.543340
1548262618	17.721670
1548263513	17.210835
1548264413	15.805417
1548265315	16.852709
1548266215	16.576354
1548267113	17.188177
1548268012	15.994089
1548268921	15.747044
1548269814	16.773522
1548270712	17.286761
1548271611	16.893381
1548272514	16.396690
1548273415	14.998345
1548274312	13.949173
1548275220	10.609586
1548276114	8.814793
1548277019	10.807397
1548277914	12.053698
1548278811	12.726849
1548279711	13.013425
1548280611	13.356712
1548281511	13.328356
1548282410	15.664178
1548283310	16.832089
1548284211	17.366045
1548285110	17.683022
1548286010	17.741511
1548286908	17.820756
1548287929	17.860378
1548288699	17.830189
1548289597	17.865094
1548290497	17.882547
1548291399	17.941274
1548292300	17.920637
1548293196	17.960318
1548294096	17.830159
1548294999	17.865080
1548295732	17.882540
1548296800	17.941270
1548297697	17.970635
1548298596	17.935317
1548299496	17.917659
1548300396	17.958829
1548301295	17.929415
1548302197	17.964707
1548303096	17.932354
1548303995	17.966177
1548304896	17.933088
1548305797	17.966544
1548306694	17.933272
1548307596	17.966636
1548308494	17.983318
1548309397	17.891659
1548310295	17.895830
1548311196	17.447915
1548312096	16.673957
1548312997	13.386979
1548313894	15.643489
1548314795	16.821745
1548315694	17.360872
1548316596	17.680436
1548317494	17.790218
1548318394	17.845109
1548319292	17.822555
1548320195	17.861277
1548321093	17.880639
1548321993	17.940319
1548322893	17.970160
1548323797	17.985080
1548324692	17.992540
1548325593	17.946270
1548326494	17.973135
1548327395	17.936567
1548328292	17.868284
1548329191	17.784142
1548330095	17.842071
1548330994	17.921035
1548331892	17.910518
1548332792	17.905259
1548333690	17.902629
1548334594	17.901315
1548335493	17.900657
1548336391	17.850329
1548337291	17.925164
1548338195	17.962582
1548339091	17.981291
1548339992	17.990646
1548340890	17.895323
1548341794	14.847661
1548342692	15.123831
1548343590	14.661915
1548344491	13.180958
1548345396	14.790479
1548346291	16.345239
1548347193	14.372620
1548348090	16.136310
1548348992	17.018155
1548349891	17.459077
1548350790	17.729539
1548351689	14.564769
1548352591	12.232385
1548353489	13.266192
1548354389	15.133096
1548355289	15.066548
1548356221	15.633274
1548357089	15.566637
1548357990	16.583319
1548358888	13.841659
1548359792	14.320830
1548360692	10.710415
1548361593	7.695207
1548362490	9.047604
1548363390	8.813802
1548364288	8.561901
1548365188	10.830950
1548366091	14.365475
1548366991	16.032738
1548367888	16.966369
1548368787	17.433184
1548369686	17.716592
1548370590	17.758296
1548371486	17.829148
1548372387	17.914574
1548373287	17.807287
1548374286	17.853644
1548375091	17.726822
1548375991	17.863411
1548376897	17.881705
1548377792	17.940853
1548378688	17.970426
1548379590	17.935213
1548380489	17.967607
1548381391	17.933803
1548382291	17.866902
1548383189	17.933451
1548384090	17.966725
1548384989	17.933363
1548385888	17.966681
1548386787	17.983341
1548387688	17.891670
1548388589	17.895835
1548389486	17.847918
1548390388	17.873959
1548391288	17.886979
1548392190	17.943490
1548393087	17.971745
1548393989	17.935872
1548394887	17.967936
1548395613	17.883968
1548396688	17.941984
1548397589	15.620992
1548398488	13.610496
1548399389	12.255248
1548400287	13.027624
1548401187	15.513812
1548402089	16.756906
1548402989	17.378453
1548403885	17.639227
1548404785	17.819613
1548405686	17.859807
1548406587	17.929903
1548407486	17.964952
1548408385	17.932476
1548409286	17.916238
1548410186	17.908119
1548411087	17.904059
