time bw
1549761385	7.200246
1549762288	7.295123
1549763186	7.172562
1549764084	7.181281
1549764985	7.150640
1549765885	7.180320
1549766800	7.085160
1549767691	7.107580
1549768586	7.203790
1549979968	7.241895
1549980865	7.150948
1549981758	7.030474
1549982661	7.150237
1549983559	7.140118
1549984461	7.110059
1549985360	7.130030
1549986260	7.125015
1549987161	7.117507
1549988062	7.108754
1549988960	7.009377
1549989860	7.119688
1549990762	7.109844
1549991467	7.104922
1549991711	7.202461
1549992606	7.186231
1549993506	7.098115
1549994405	7.094058
1549995307	7.187029
1549996205	7.218514
1549997105	7.244257
1549998006	7.247129
1549998904	7.183564
1549999807	7.041782
1550007907	7.120891
1550082655	7.250446
1550082915	7.210223
1550083451	7.215111
1550084348	7.197556
1550085252	7.173778
1550086145	7.176889
1550087054	7.053444
1550087952	7.036722
1550088912	7.063361
1550089802	7.106681
1550090667	7.083340
1550091572	7.171670
1550092442	7.165835
1550093345	7.172918
1550094250	7.146459
1550095146	7.208229
1550096042	7.074115
1550096943	7.157057
1550097846	7.183529
1550098746	7.186764
1550099641	7.088382
1550100543	6.959191
1550101449	7.119596
1550102343	7.144798
1550103247	7.217399
1550104141	6.913699
1550105042	7.056850
1550105950	7.033425
1550106840	7.236712
1550107743	7.193356
1550108644	7.136678
1550109541	7.053339
1550110442	7.161670
1550111341	7.135835
1550112243	7.137917
1550113141	7.158959
1550114055	7.179479
1550114940	7.169740
1550115854	7.239870
1550116746	7.254935
1550117641	7.127467
1550118542	7.143734
1550119443	7.211867
1550120345	7.130933
1550121241	7.110467
1550122142	7.065233
1550123039	7.172617
1550123941	7.136308
1550124839	7.158154
1550125738	7.169077
1550126639	7.229539
1550127541	7.264769
1550128440	7.082385
1550129340	7.171192
1550130238	7.060596
1550131139	7.020298
1550132038	7.145149
1550132938	7.012575
1550133841	7.036287
1550134751	7.053144
1550135638	6.971572
1550136539	7.020786
1550137438	7.055393
1550138339	7.107696
1550139241	7.113848
1550140139	7.086924
1550141037	7.153462
1550141938	6.981731
1550142838	6.980866
1550143737	7.100433
1550144640	7.195216
1550145538	7.082608
1550146436	7.086304
1550147335	7.103152
1550148237	7.131576
1550149143	7.185788
1550150037	7.172894
1550150936	7.141447
1550151837	7.095724
1550152739	7.197862
1550153640	7.118931
1550154536	7.024465
1550155436	7.147233
1550156338	7.228616
1550157235	7.244308
1550158148	7.282154
1550159036	7.201077
1550159941	7.205539
1550160835	7.232769
1550161735	7.221385
1550162637	7.020692
1550163537	7.100346
1550166340	7.295173
1550167240	7.212587
1550168143	7.141293
1550169037	7.145647
1550169940	7.072823
1550170839	7.181412
1550171743	7.220706
1550172637	7.170353
1550173524	7.175176
1550174438	7.257588
1550175339	7.143794
1550176237	7.131897
1550177143	7.180949
1550178062	7.150474
1550178936	7.070237
1550179836	7.105119
1550180737	7.207559
1550182540	7.273780
1550183823	6.981890
1550184280	6.960945
1550185182	7.165472
1550186089	7.097736
1550186984	7.178868
1550187879	7.149434
1550188781	7.124717
1550189691	7.202359
1550190579	7.226179
1550191490	7.288090
1550192380	7.229045
1550193267	7.294522
