time bw
1547112481	0.980000
1547116081	0.990000
1547119680	0.990000
1547123285	0.990000
1547126878	0.980000
1547130478	0.690000
1547134083	0.490000
1547137678	0.500000
1547141276	0.960000
1547144875	0.970000
1547148477	0.940000
1547152082	0.610000
1547155681	0.970000
1547159279	0.880000
1547162873	0.960000
1547166472	0.990000
1547170072	0.960000
1547173674	0.990000
1547177273	0.930000
1547180870	0.910000
1547184471	0.980000
1547188074	0.960000
1547191670	0.970000
1547195268	0.980000
1547198869	0.500000
1547202474	0.990000
1547206075	0.990000
1547209668	0.500000
1547213270	0.990000
