time bw
1547112831	56.100000
1547116433	91.900000
1547120033	85.500000
1547123638	92.200000
1547127231	57.500000
1547130833	83.600000
1547134438	91.800000
1547138033	87.100000
1547141632	91.300000
1547145230	91.700000
1547148833	26.800000
1547152439	91.800000
1547156041	91.900000
1547159635	79.500000
1547163230	90.800000
1547166830	88.000000
1547170438	72.400000
1547174033	85.200000
1547177631	87.900000
1547181230	51.200000
1547184833	82.600000
1547188434	88.400000
1547192032	52.100000
1547195630	86.000000
1547199233	79.300000
1547202840	73.100000
1547206435	88.500000
1547210042	57.600000
1547213634	90.000000
