time bw
1547112662	91.400000
1547116262	81.800000
1547119864	89.100000
1547123463	93.100000
1547127064	93.100000
1547130663	93.300000
1547134263	93.700000
1547137864	93.300000
1547141463	93.200000
1547145063	92.200000
1547148664	93.100000
1547152264	88.300000
1547155865	92.700000
1547159464	90.300000
1547163062	92.800000
1547166662	93.100000
1547170262	92.500000
1547173863	93.100000
1547177464	92.900000
1547181062	92.200000
1547184663	85.300000
1547188266	94.400000
1547191863	86.800000
1547195462	92.400000
1547199063	94.200000
1547202662	71.800000
1547206263	90.900000
1547209863	77.300000
1547213463	93.400000
