time bw
1547112847	18.400000
1547116451	7.570000
1547120050	18.400000
1547123654	18.600000
1547127248	18.500000
1547130849	18.500000
1547134454	18.500000
1547138049	18.500000
1547141649	18.300000
1547145246	18.600000
1547148850	18.600000
1547152456	13.500000
1547156059	4.400000
1547159652	18.500000
1547163246	18.600000
1547166847	18.500000
1547170454	18.600000
1547174049	17.900000
1547177648	18.600000
1547181247	18.400000
1547184850	17.900000
1547188451	18.500000
1547192048	18.500000
1547195645	18.300000
1547199249	18.500000
1547202856	18.600000
1547206451	18.500000
1547210059	18.500000
1547213650	18.500000
