time ms
1554551011	33.479000
1554551070	33.207000
1554551131	33.723000
1554551190	33.355000
1554551253	33.562000
1554551310	73.202000
1554551371	33.264000
1554551430	33.424000
1554551490	33.504000
1554551550	33.331000
1554551611	33.591000
1554551671	33.504000
1554551792	33.526000
1554551850	33.407000
1554551910	33.624000
1554552034	36.540000
1554552091	33.600000
1554552154	39.001000
1554552211	85.124000
1554552271	33.587000
1554552331	33.512000
1554552390	33.535000
1554552450	33.174000
1554552572	33.382000
1554552631	33.264000
1554552690	33.513000
1554552750	33.495000
1554552810	33.623000
1554552934	35.426000
1554552991	33.579000
1554553054	104.459000
1554553111	33.400000
1554553171	33.273000
1554553230	33.522000
1554553291	33.344000
1554553412	33.645000
1554553470	33.261000
1554553592	33.327000
1554553651	33.489000
1554553710	33.257000
1554553770	33.272000
1554553833	34.057000
1554553891	33.483000
1554553952	33.684000
1554554011	84.497000
1554554071	33.447000
1554554131	33.167000
1554554191	33.412000
1554554250	33.435000
1554554310	33.469000
1554554432	33.364000
1554554491	33.367000
1554554551	33.107000
1554554611	33.656000
1554554670	33.229000
1554554734	34.702000
1554554791	33.471000
1554554854	50.292000
1554554911	85.831000
1554554970	33.184000
1554555030	33.331000
1554555152	33.568000
1554555211	33.248000
1554555332	33.547000
1554555390	33.551000
1554555450	33.119000
1554555572	33.091000
1554555632	36.996000
1554555691	33.255000
1554555756	39.886000
1554555811	42.648000
1554555870	33.321000
1554555992	33.218000
1554556051	33.148000
1554556110	33.375000
1554556170	33.654000
1554556230	33.336000
1554556290	38.247000
1554556413	33.195000
1554556471	33.215000
1554556591	33.224000
1554556652	55.484000
1554556711	33.151000
1554556770	33.485000
1554556830	33.478000
1554556952	33.538000
1554557010	33.368000
1554557070	33.349000
1554557131	33.488000
1554557252	33.212000
1554557310	33.514000
1554557370	33.368000
1554557490	33.105000
1554557554	44.204000
1554557612	102.608000
1554557671	33.204000
1554557730	33.473000
1554557790	33.204000
1554557851	33.491000
1554557973	33.328000
1554558031	33.511000
1554558091	33.334000
1554558150	33.581000
1554558210	33.084000
1554558337	34.676000
1554558391	33.147000
1554558455	48.750000
1554558511	91.864000
1554558570	33.265000
1554558631	33.168000
1554558752	33.118000
1554558811	33.366000
1554558870	33.528000
1554558992	33.550000
1554559051	33.519000
1554559111	33.263000
1554559234	35.008000
1554559291	33.277000
1554559353	33.555000
1554559415	108.280000
1554559471	33.321000
1554559592	33.696000
1554559650	33.124000
1554559772	33.518000
1554559831	33.156000
1554559891	33.238000
1554559950	33.093000
1554560010	33.297000
1554560070	33.405000
1554560191	33.501000
1554560252	59.335000
1554560311	33.442000
1554560371	33.227000
1554560430	33.319000
1554560490	33.498000
1554560551	33.397000
1554560672	33.138000
1554560730	33.515000
1554560791	33.471000
1554560912	33.554000
1554560970	33.483000
1554561031	40.467000
1554561092	33.179000
1554561153	34.355000
1554561211	94.990000
1554561271	33.416000
1554561330	33.530000
1554561452	33.168000
1554561511	33.519000
1554561570	33.131000
1554561630	33.515000
1554561752	33.109000
1554561810	33.499000
1554561870	33.234000
1554561990	33.333000
1554562053	33.914000
1554562110	70.462000
1554562171	36.443000
1554562230	33.629000
1554562290	32.980000
1554562412	33.621000
1554562471	33.369000
1554562531	33.448000
1554562591	33.311000
1554562652	33.567000
1554562710	33.362000
1554562770	33.542000
1554562833	34.594000
1554562891	33.414000
1554562954	41.311000
1554563011	53.065000
1554563071	33.097000
1554563130	33.499000
1554563190	33.212000
1554563252	33.571000
1554563372	33.601000
1554563431	33.117000
1554563552	33.568000
1554563610	33.194000
1554563734	36.466000
1554563791	32.915000
1554563854	33.511000
1554563911	56.320000
1554563970	33.434000
1554564031	33.326000
1554564091	33.605000
1554564212	33.456000
1554564270	33.556000
1554564393	33.131000
1554564451	33.457000
1554564511	33.219000
1554564571	33.477000
1554564632	35.341000
1554564690	33.281000
1554564757	33.679000
1554564811	44.161000
1554564870	33.098000
1554564930	33.535000
1554564990	33.115000
1554565052	33.351000
1554565172	33.657000
1554565231	33.229000
1554565352	33.471000
1554565410	33.128000
1554565470	33.625000
1554565533	36.876000
1554565591	33.529000
1554565656	39.809000
1554565710	54.836000
1554565770	33.463000
1554565830	33.222000
1554565952	33.225000
1554566010	33.338000
1554566133	33.471000
1554566191	33.331000
1554566312	33.463000
1554566370	34.971000
1554566491	33.397000
1554566553	34.212000
1554566611	63.611000
1554566671	33.459000
1554566730	33.386000
1554566791	33.481000
1554566851	33.401000
1554566910	33.488000
1554566970	33.469000
1554567031	33.229000
1554567152	33.515000
1554567210	33.198000
1554567334	37.648000
1554567392	33.464000
1554567454	35.390000
1554567511	72.484000
1554567570	33.445000
1554567631	33.543000
1554567692	33.569000
1554567754	33.302000
1554567811	33.365000
1554567932	33.148000
1554567991	33.397000
1554568110	33.408000
1554568170	33.387000
1554568232	41.407000
1554568291	33.490000
1554568352	33.368000
1554568411	90.921000
1554568471	33.524000
1554568530	33.483000
1554568590	33.951000
1554568713	33.533000
1554568771	33.223000
1554568831	33.392000
1554568891	36.467000
1554568951	33.485000
1554569011	33.442000
1554569075	33.483000
1554569131	34.631000
1554569191	33.400000
1554569254	41.780000
1554569311	86.624000
1554569370	33.378000
1554569430	33.303000
1554569490	33.717000
1554569614	33.538000
1554569671	33.184000
1554569730	33.515000
1554569791	33.544000
1554569851	33.550000
1554569911	33.482000
1554569970	33.314000
1554570032	33.816000
1554570091	33.504000
1554570153	33.384000
1554570211	67.813000
1554570270	33.478000
1554570392	33.652000
1554570451	33.296000
1554570511	33.696000
1554570570	33.189000
1554570630	33.440000
1554570754	33.063000
1554570811	33.287000
1554570874	33.221000
1554570991	33.414000
1554571054	51.571000
1554571111	33.540000
1554571171	33.182000
1554571230	33.488000
1554571291	33.158000
1554571412	33.282000
1554571470	33.457000
1554571592	33.837000
1554571651	33.578000
1554571711	33.274000
1554571771	33.414000
1554571891	33.437000
1554571952	33.571000
1554572014	40.618000
1554572070	33.543000
1554572130	34.826000
1554572252	33.335000
1554572310	33.138000
1554572370	33.359000
1554572431	33.434000
1554572491	33.718000
1554572551	33.267000
1554572610	33.385000
1554572670	34.516000
1554572733	34.150000
1554572791	33.429000
1554572854	33.847000
1554572911	63.458000
1554572971	33.503000
1554573030	33.212000
1554573090	33.548000
1554573151	33.751000
1554573211	33.581000
1554573270	33.506000
1554573330	33.351000
1554573452	33.145000
1554573515	33.684000
1554573571	33.524000
1554573632	33.188000
1554573691	33.326000
1554573754	33.504000
1554573811	66.340000
1554573871	33.391000
1554573931	33.562000
1554573990	33.481000
1554574051	33.073000
1554574172	33.531000
1554574230	33.126000
1554574291	33.506000
1554574413	33.119000
1554574470	33.347000
1554574533	33.282000
1554574591	33.412000
1554574654	43.542000
1554574711	86.681000
1554574770	33.179000
1554574892	33.208000
1554574951	33.433000
1554575011	33.279000
1554575070	33.433000
1554575130	33.541000
1554575190	35.104000
1554575312	33.332000
1554575371	33.317000
1554575432	35.537000
1554575491	33.524000
1554575555	33.586000
1554575612	33.452000
1554575671	33.526000
1554575731	33.253000
1554575790	33.341000
1554575850	33.515000
1554575972	33.311000
1554576030	33.577000
1554576090	35.408000
1554576150	33.536000
1554576272	33.830000
1554576333	35.935000
1554576391	33.248000
1554576453	33.585000
1554576511	67.987000
1554576570	33.217000
1554576630	33.567000
1554576752	33.227000
1554576811	33.440000
1554576870	33.366000
1554576930	33.615000
1554577057	33.272000
1554577111	33.428000
1554577233	33.725000
1554577290	33.485000
1554577353	33.863000
1554577412	94.797000
1554577470	33.572000
1554577530	33.277000
1554577652	33.276000
1554577710	33.290000
1554577770	33.434000
1554577892	33.242000
1554577950	33.239000
1554578010	33.158000
1554578070	33.491000
1554578190	33.690000
1554578253	33.724000
1554578311	85.259000
1554578370	33.492000
1554578430	33.139000
1554578552	33.629000
1554578611	33.557000
1554578671	33.233000
1554578730	33.560000
1554578790	33.245000
1554578850	33.506000
1554578972	33.355000
1554579032	36.574000
1554579091	33.432000
1554579153	39.862000
1554579211	99.003000
1554579270	33.497000
1554579330	33.556000
1554579391	33.327000
1554579451	33.160000
1554579572	33.274000
1554579630	33.638000
1554579751	34.906000
1554579811	33.320000
1554579934	34.068000
1554579990	33.072000
1554580053	35.477000
1554580111	92.295000
1554580171	33.443000
1554580230	33.183000
1554580291	34.730000
1554580350	33.039000
1554580410	33.192000
1554580470	33.532000
1554580592	33.498000
1554580651	33.376000
1554580710	33.366000
1554580770	33.348000
1554580832	36.729000
1554580892	33.571000
1554580953	42.353000
1554581011	93.788000
1554581071	35.759000
1554581130	33.475000
1554581190	34.856000
1554581312	33.128000
1554581371	33.557000
1554581492	33.591000
1554581550	33.190000
1554581673	33.421000
1554581732	34.163000
1554581792	34.199000
1554581853	33.390000
1554581911	100.607000
1554581971	33.552000
1554582092	33.642000
1554582150	33.622000
1554582272	33.456000
1554582331	33.327000
1554582452	33.691000
1554582511	33.287000
1554582570	33.548000
1554582691	33.346000
1554582756	33.770000
1554582811	42.155000
1554582871	33.555000
1554582992	33.629000
1554583050	33.266000
1554583110	33.633000
1554583171	33.359000
1554583292	33.421000
1554583350	33.518000
1554583414	33.628000
1554583534	34.549000
1554583591	33.445000
1554583656	56.010000
1554583711	33.160000
1554583771	33.165000
1554583830	33.605000
1554583890	33.292000
1554584012	33.201000
1554584071	33.535000
1554584131	33.491000
1554584190	33.382000
1554584251	33.263000
1554584310	33.050000
1554584370	33.541000
1554584491	33.526000
1554584552	33.516000
1554584611	75.327000
1554584670	33.558000
1554584730	33.520000
1554584852	33.460000
1554584911	33.539000
1554584970	33.179000
1554585031	33.589000
1554585152	33.606000
1554585210	33.361000
1554585270	33.534000
1554585390	33.592000
1554585455	39.947000
1554585511	35.563000
1554585571	33.306000
1554585631	33.488000
1554585690	33.274000
1554585750	33.613000
1554585810	33.301000
1554585870	33.700000
1554585931	33.151000
1554586053	33.277000
1554586111	33.132000
1554586171	33.614000
1554586291	33.459000
1554586352	34.206000
1554586411	88.760000
1554586470	33.784000
1554586530	33.583000
1554586592	33.453000
1554586712	33.546000
1554586771	33.373000
1554586831	33.548000
1554586890	33.185000
1554586950	33.363000
1554587010	33.366000
1554587070	33.312000
1554587133	33.158000
1554587191	33.164000
1554587254	40.307000
1554587310	33.479000
1554587370	33.369000
1554587430	33.778000
1554587552	33.037000
1554587611	33.337000
1554587671	33.619000
1554587792	33.597000
1554587851	33.343000
1554587910	33.656000
1554588034	33.690000
1554588091	33.410000
1554588154	33.333000
1554588211	63.144000
1554588271	33.412000
1554588331	33.571000
1554588391	33.142000
1554588451	33.489000
1554588511	33.584000
1554588570	33.389000
1554588630	33.094000
1554588690	33.578000
1554588813	33.284000
1554588871	33.535000
1554588933	33.380000
1554588991	33.442000
1554589053	33.815000
1554589111	66.216000
1554589171	33.252000
1554589231	33.642000
1554589290	33.477000
1554589350	33.343000
1554589472	33.779000
1554589531	33.279000
1554589590	33.685000
1554589650	33.187000
1554589772	33.607000
1554589891	33.348000
1554589951	33.630000
1554590011	33.349000
1554590070	33.601000
1554590130	33.248000
1554590190	33.540000
1554590251	34.442000
1554590372	33.720000
1554590430	33.398000
1554590552	33.254000
1554590611	33.618000
1554590671	33.363000
1554590732	38.539000
1554590790	33.186000
1554590854	33.810000
1554590911	52.356000
1554590971	33.416000
1554591031	33.345000
1554591091	33.354000
1554591150	33.551000
1554591210	33.443000
1554591333	33.165000
1554591391	33.508000
1554591451	33.100000
1554591511	33.362000
1554591570	33.626000
1554591632	41.666000
1554591691	33.332000
1554591753	33.128000
1554591810	48.404000
1554591871	33.612000
1554591930	33.388000
1554591991	33.623000
1554592112	33.406000
1554592170	33.294000
1554592292	33.569000
1554592351	33.308000
1554592411	33.567000
1554592470	33.703000
1554592532	39.748000
1554592590	33.272000
1554592652	33.803000
1554592711	79.156000
1554592771	33.532000
1554592892	33.171000
1554592950	33.518000
1554593011	33.155000
1554593132	33.195000
1554593190	33.831000
1554593250	33.196000
1554593310	33.617000
1554593370	33.218000
1554593491	33.567000
1554593553	33.500000
1554593611	88.545000
1554593670	33.141000
1554593731	33.551000
1554593791	33.136000
1554593913	33.704000
1554593970	33.171000
1554594092	33.573000
1554594151	33.636000
1554594210	33.310000
1554594270	33.573000
1554594333	37.659000
1554594391	33.511000
1554594453	33.457000
1554594510	33.282000
1554594570	33.572000
1554594693	33.456000
1554594752	33.596000
1554594811	33.096000
1554594871	33.630000
1554594931	33.249000
1554594990	33.544000
1554595050	33.106000
1554595173	33.415000
1554595232	33.539000
1554595290	33.331000
1554595354	33.748000
1554595411	58.034000
1554595470	33.258000
1554595531	33.653000
1554595653	33.299000
1554595711	33.548000
1554595770	33.188000
1554595893	33.584000
1554595951	33.235000
1554596011	33.571000
1554596071	33.214000
1554596132	39.441000
1554596191	33.383000
1554596251	33.487000
1554596311	92.094000
1554596371	33.464000
1554596431	33.554000
1554596491	33.213000
1554596550	33.422000
1554596672	36.570000
1554596731	33.190000
1554596791	33.503000
1554596850	33.328000
1554596911	33.589000
1554597034	33.283000
1554597090	33.636000
1554597151	33.818000
1554597211	103.409000
1554597270	33.523000
1554597394	33.584000
1554597451	33.504000
1554597511	33.698000
1554597571	33.232000
1554597630	33.602000
1554597691	33.227000
1554597751	33.240000
1554597811	33.443000
1554597870	33.237000
1554597931	38.316000
1554597991	33.268000
1554598055	33.740000
1554598111	34.713000
1554598171	33.422000
1554598230	33.185000
1554598290	33.533000
1554598350	33.488000
1554598410	33.641000
1554598532	33.430000
1554598591	33.732000
1554598650	33.340000
1554598710	33.532000
1554598770	33.242000
1554598833	33.768000
1554598891	33.186000
1554598955	34.431000
1554599011	47.547000
1554599071	33.704000
1554599131	33.388000
1554599252	33.410000
1554599310	33.545000
1554599370	33.527000
1554599430	33.534000
1554599552	33.355000
1554599611	33.217000
1554599670	33.352000
1554599791	33.754000
1554599852	33.580000
1554599911	87.199000
1554599971	33.306000
1554600030	33.556000
1554600090	33.526000
1554600212	33.166000
1554600270	33.560000
1554600330	33.297000
1554600453	33.514000
1554600511	33.082000
1554600571	33.619000
1554600691	33.405000
1554600752	35.775000
1554600811	88.755000
1554600870	33.431000
1554600992	33.621000
1554601050	33.292000
1554601110	33.625000
1554601171	33.273000
1554601292	33.335000
1554601350	33.291000
1554601410	33.591000
1554601470	33.579000
1554601591	33.221000
1554601653	33.542000
1554601710	33.447000
1554601771	33.445000
1554601831	33.361000
1554601891	33.563000
1554601951	33.182000
1554602010	33.563000
1554602070	33.515000
1554602130	33.494000
1554602252	33.480000
1554602311	33.619000
1554602371	33.405000
1554602490	33.098000
1554602553	33.639000
1554602611	47.143000
1554602670	36.034000
1554602730	33.277000
1554602790	33.720000
1554602912	33.341000
1554602971	33.531000
1554603030	33.007000
1554603090	33.646000
1554603150	33.361000
1554603272	33.640000
1554603332	39.848000
1554603391	33.587000
1554603452	36.519000
1554603511	63.265000
1554603571	33.863000
1554603649	33.589000
1554603692	33.046000
1554603751	33.423000
1554603871	33.545000
1554603931	33.423000
1554603990	33.350000
1554604051	33.301000
1554604172	33.647000
1554604291	33.409000
1554604351	33.260000
1554604411	33.537000
1554604470	33.130000
1554604530	33.634000
1554604590	33.398000
1554604650	33.703000
1554604772	33.189000
1554604831	33.603000
1554604890	33.157000
1554604950	33.476000
1554605010	33.144000
1554605070	33.530000
1554605133	37.110000
1554605191	33.622000
1554605254	35.316000
1554605310	61.121000
1554605371	33.721000
1554605430	33.338000
1554605491	33.753000
1554605551	33.295000
1554605610	33.396000
1554605671	33.632000
1554605730	33.093000
1554605790	33.448000
1554605850	33.247000
1554605911	33.486000
1554606034	36.544000
1554606090	33.395000
1554606155	42.818000
1554606211	46.765000
1554606271	33.085000
1554606330	33.575000
1554606390	33.406000
1554606512	33.247000
1554606571	33.389000
1554606692	33.129000
1554606750	33.657000
1554606810	33.077000
1554606933	34.635000
1554606991	32.962000
1554607052	33.920000
1554607110	70.438000
1554607170	33.503000
1554607292	33.263000
1554607351	37.052000
1554607411	33.650000
1554607470	33.411000
1554607530	33.544000
1554607652	33.014000
1554607711	33.297000
1554607770	33.279000
1554607890	32.988000
1554607952	33.787000
1554608010	63.215000
1554608071	33.547000
1554608193	33.429000
1554608250	33.735000
1554608311	33.130000
1554608370	33.644000
1554608430	33.327000
1554608491	33.537000
1554608551	33.327000
1554608610	34.630000
1554608670	33.327000
1554608733	34.141000
1554608791	33.273000
1554608852	33.584000
1554608911	53.137000
1554608970	33.439000
1554609031	33.556000
1554609091	33.490000
1554609150	33.531000
1554609210	33.227000
1554609333	33.700000
1554609391	33.175000
1554609451	33.560000
1554609511	32.956000
1554609571	33.607000
1554609690	33.534000
1554609755	34.968000
1554609811	71.168000
1554609871	33.472000
1554609931	33.595000
1554609991	33.260000
1554610050	33.493000
1554610110	33.485000
1554610232	33.469000
1554610291	33.489000
1554610350	33.221000
1554610410	33.428000
1554610470	33.395000
1554610591	34.078000
1554610654	34.110000
1554610710	70.350000
1554610771	33.223000
1554610831	33.618000
1554610890	34.706000
1554611012	33.620000
1554611071	33.561000
1554611131	33.685000
1554611191	33.227000
1554611250	33.660000
1554611310	33.079000
1554611434	39.320000
1554611491	33.232000
1554611553	33.681000
1554611611	87.265000
1554611671	33.236000
1554611731	33.448000
1554611791	33.128000
1554611851	33.558000
1554611910	33.157000
1554611971	33.503000
1554612093	33.126000
1554612151	33.449000
1554612211	33.225000
1554612270	33.336000
1554612390	33.533000
1554612454	34.593000
1554612510	72.647000
1554612570	33.083000
1554612630	33.675000
1554612752	33.107000
1554612811	33.973000
1554612870	33.368000
1554612931	33.332000
1554612990	33.575000
1554613050	33.196000
1554613172	33.557000
1554613232	34.419000
1554613291	33.577000
1554613354	38.737000
1554613411	33.546000
1554613470	33.367000
1554613592	33.467000
1554613651	33.012000
1554613710	33.338000
1554613770	33.644000
1554613830	33.336000
1554613890	33.431000
1554613950	33.581000
1554614071	33.545000
1554614131	39.146000
1554614190	33.625000
1554614251	33.563000
1554614312	83.389000
1554614371	33.540000
1554614492	33.195000
1554614550	33.224000
1554614611	33.353000
1554614671	33.155000
1554614730	33.422000
1554614791	33.559000
1554614851	33.226000
1554614910	33.522000
1554614970	33.289000
1554615091	33.110000
1554615152	33.691000
1554615211	75.271000
1554615271	34.098000
1554615331	33.500000
1554615390	33.668000
1554615450	33.502000
1554615572	33.280000
1554615631	33.600000
1554615691	33.087000
1554615750	33.594000
1554615810	33.165000
1554615934	36.874000
1554615995	34.164000
1554616053	34.193000
1554616110	55.151000
1554616171	33.601000
1554616230	33.349000
1554616291	33.540000
1554616350	33.082000
1554616410	33.664000
1554616470	33.370000
1554616590	33.423000
1554616650	33.921000
1554616711	33.376000
1554616833	33.661000
1554616890	33.613000
1554616954	33.470000
1554617011	44.234000
1554617071	33.116000
1554617131	33.622000
1554617191	33.462000
1554617250	33.210000
1554617372	33.481000
1554617431	33.554000
1554617491	33.570000
1554617550	33.597000
1554617610	33.566000
1554617734	36.064000
1554617791	33.034000
1554617853	36.069000
1554617911	72.918000
1554617971	33.525000
1554618094	33.281000
1554618150	33.033000
1554618210	33.662000
1554618270	33.120000
1554618330	33.611000
1554618390	33.429000
1554618513	33.541000
1554618634	38.814000
1554618691	33.592000
1554618752	33.766000
1554618810	76.931000
1554618871	33.132000
1554618930	33.233000
1554619052	33.392000
1554619110	33.677000
1554619232	33.190000
1554619290	33.396000
1554619350	33.421000
1554619410	33.744000
1554619470	33.243000
1554619533	40.234000
1554619591	33.172000
1554619653	33.582000
1554619710	33.149000
1554619770	33.509000
1554619891	33.562000
1554619950	33.240000
1554620072	33.587000
1554620130	33.427000
1554620190	33.680000
1554620313	33.195000
1554620371	33.675000
1554620432	33.671000
1554620491	33.526000
1554620555	39.578000
1554620611	78.820000
1554620671	33.556000
1554620730	33.222000
1554620791	33.106000
1554620912	33.238000
1554620970	33.527000
1554621030	33.035000
1554621152	33.391000
1554621211	33.285000
1554621271	33.333000
1554621390	33.139000
1554621452	33.564000
1554621511	93.880000
1554621570	33.272000
1554621692	33.311000
1554621751	33.518000
1554621811	33.423000
1554621870	33.411000
1554621930	33.284000
1554622052	33.301000
1554622111	33.585000
1554622171	33.501000
1554622231	39.369000
1554622290	33.603000
1554622351	33.509000
1554622411	96.752000
1554622471	33.509000
1554622531	33.710000
1554622590	33.561000
1554622650	33.282000
1554622772	33.484000
1554622831	33.067000
1554622890	33.666000
1554622950	33.627000
1554623011	33.386000
1554623070	33.526000
1554623131	37.973000
1554623191	33.507000
1554623253	33.402000
1554623310	71.040000
1554623371	33.539000
1554623431	33.212000
1554623491	33.176000
1554623612	33.577000
1554623670	33.757000
1554623731	33.613000
1554623852	33.575000
1554623910	33.426000
1554624034	36.010000
1554624091	33.475000
1554624154	34.347000
1554624211	51.945000
1554624271	33.439000
1554624392	33.442000
1554624450	35.233000
1554624510	34.874000
1554624570	34.604000
1554624693	33.496000
1554624751	34.301000
1554624810	33.528000
1554624935	37.973000
1554624991	33.209000
1554625052	33.736000
1554625111	75.531000
1554625170	33.479000
1554625230	33.478000
1554625353	33.552000
1554625411	33.193000
1554625470	33.874000
1554625592	33.534000
1554625650	33.723000
1554625710	33.382000
1554625770	33.406000
1554625891	33.505000
1554625954	37.260000
1554626011	61.401000
1554626071	33.259000
1554626130	33.447000
1554626190	33.218000
1554626311	33.790000
1554626370	33.402000
1554626431	33.350000
1554626491	34.466000
1554626550	33.630000
1554626611	33.340000
1554626670	33.859000
1554626732	40.531000
1554626790	33.388000
1554626853	34.896000
1554626911	91.265000
1554626971	33.486000
1554627030	33.449000
1554627092	33.674000
1554627151	33.610000
1554627272	33.403000
1554627330	35.709000
1554627390	35.483000
1554627450	33.462000
1554627572	33.458000
1554627632	41.050000
1554627691	33.584000
1554627753	33.783000
1554627811	36.590000
1554627871	33.451000
1554627930	33.443000
1554627990	33.579000
1554628112	33.395000
1554628171	33.463000
1554628231	33.416000
1554628291	33.388000
1554628412	33.431000
1554628470	33.279000
1554628590	33.287000
1554628652	33.476000
1554628710	73.731000
1554628771	33.484000
1554628830	33.466000
1554628890	33.824000
1554628950	33.055000
1554629070	33.426000
1554629130	33.703000
1554629190	33.344000
1554629312	33.560000
1554629371	33.262000
1554629491	33.216000
1554629556	54.763000
1554629611	58.599000
1554629671	33.557000
1554629731	33.370000
1554629790	33.213000
1554629850	33.653000
1554629910	33.251000
1554630032	33.494000
1554630091	33.505000
1554630150	33.170000
1554630210	33.623000
1554630333	37.075000
1554630390	33.222000
1554630452	33.708000
1554630511	88.574000
1554630571	33.540000
1554630692	33.451000
1554630750	33.544000
1554630810	33.187000
1554630932	33.807000
1554630990	33.208000
1554631050	33.555000
1554631172	33.045000
1554631232	37.586000
1554631291	33.684000
1554631353	33.647000
1554631410	55.617000
1554631471	33.383000
1554631530	33.610000
1554631590	33.648000
1554631650	33.586000
1554631772	33.271000
1554631830	33.660000
1554631890	33.057000
1554632012	33.268000
1554632071	33.587000
1554632133	39.511000
1554632191	33.416000
1554632254	43.373000
1554632311	40.075000
1554632370	33.110000
1554632492	33.712000
1554632551	33.569000
1554632611	33.422000
1554632671	33.084000
1554632731	33.321000
1554632790	33.394000
1554632850	33.576000
1554632972	33.583000
1554633032	38.217000
1554633090	33.286000
1554633155	36.177000
1554633211	64.709000
1554633271	33.538000
1554633330	34.131000
1554633391	33.533000
1554633450	33.529000
1554633510	33.635000
1554633570	34.178000
1554633692	33.690000
1554633750	33.524000
1554633810	33.762000
1554633870	33.218000
1554633932	33.327000
1554633991	33.568000
1554634052	33.443000
1554634111	90.843000
1554634170	33.287000
1554634230	34.597000
1554634290	33.641000
1554634412	33.212000
1554634470	33.590000
1554634530	33.569000
1554634652	33.161000
1554634711	33.283000
1554634771	33.369000
1554634832	33.736000
1554634891	33.400000
1554634952	34.296000
1554635010	50.142000
1554635071	33.484000
1554635131	33.360000
1554635190	33.330000
1554635251	33.567000
1554635310	33.401000
1554635370	33.485000
1554635431	33.431000
1554635552	33.361000
1554635610	33.452000
1554635670	34.264000
1554635733	36.335000
1554635791	33.252000
1554635854	33.616000
1554635912	48.337000
1554635970	33.453000
1554636031	33.517000
1554636091	33.364000
1554636150	33.147000
1554636210	33.472000
1554636271	33.239000
1554636392	33.409000
1554636451	33.550000
1554636572	33.434000
1554636691	33.521000
1554636750	33.355000
1554636810	33.571000
1554636932	33.710000
1554636990	33.301000
1554637112	33.426000
1554637170	33.119000
1554637231	33.276000
1554637351	33.538000
1554637410	33.320000
1554637470	33.568000
1554637591	33.268000
1554637653	34.361000
1554637710	67.065000
1554637771	33.447000
1554637831	33.642000
1554637890	33.996000
1554637950	33.446000
1554638072	33.315000
1554638131	33.560000
1554638191	35.905000
1554638250	33.292000
1554638311	33.266000
1554638435	38.327000
1554638491	33.126000
1554638554	34.781000
1554638610	44.826000
1554638670	33.560000
1554638730	33.454000
1554638791	35.189000
1554638851	33.492000
1554638911	33.571000
1554638971	33.388000
1554639092	33.432000
1554639150	33.014000
1554639210	33.245000
1554639335	37.354000
1554639391	33.257000
1554639454	33.291000
1554639511	84.426000
1554639570	33.482000
1554639631	33.518000
1554639752	33.476000
1554639810	33.173000
1554639871	33.305000
1554639931	33.412000
1554640052	33.215000
1554640110	33.176000
1554640170	33.546000
1554640233	33.828000
1554640290	33.462000
1554640354	38.435000
1554640411	66.815000
1554640470	33.207000
1554640530	33.314000
1554640652	33.380000
1554640710	33.472000
1554640832	33.605000
1554640890	33.411000
1554640950	33.612000
1554641072	33.587000
1554641133	38.019000
1554641191	35.275000
1554641253	33.657000
1554641311	83.991000
1554641370	33.526000
1554641430	33.366000
1554641552	33.102000
1554641611	33.302000
1554641671	33.483000
1554641730	33.781000
1554641790	33.530000
1554641851	33.557000
1554641972	33.479000
1554642032	40.172000
1554642091	33.251000
1554642153	34.379000
1554642211	40.740000
1554642270	33.535000
1554642392	33.424000
1554642451	34.434000
1554642511	33.316000
1554642570	33.376000
1554642630	33.547000
1554642752	33.439000
1554642811	33.261000
1554642871	33.614000
1554642991	33.333000
1554643053	37.429000
1554643111	80.754000
1554643170	33.363000
1554643230	33.341000
1554643352	33.386000
1554643411	33.362000
1554643470	33.110000
1554643530	33.599000
1554643652	33.359000
1554643710	33.500000
1554643770	33.661000
1554643831	38.744000
1554643890	33.582000
1554643952	34.603000
1554644011	70.781000
1554644071	33.299000
1554644130	33.242000
1554644191	34.382000
1554644312	33.322000
1554644370	33.475000
1554644431	33.519000
1554644491	33.226000
1554644613	33.462000
1554644671	33.476000
1554644732	38.237000
1554644791	33.771000
1554644853	34.045000
1554644911	34.501000
1554644971	33.554000
1554645030	33.235000
1554645090	33.550000
1554645212	33.216000
1554645270	33.326000
1554645330	33.133000
1554645453	33.637000
1554645511	33.558000
1554645571	33.413000
1554645632	33.687000
1554645691	33.116000
1554645753	33.715000
1554645810	56.466000
1554645871	33.362000
1554645931	33.470000
1554645990	33.125000
1554646050	33.626000
1554646110	33.124000
1554646170	33.421000
1554646230	33.368000
1554646290	33.190000
1554646350	33.517000
1554646410	33.004000
1554646471	33.196000
1554646532	33.540000
1554646590	33.651000
1554646651	33.567000
1554646711	90.690000
1554646770	33.465000
1554646892	33.665000
1554646951	33.514000
1554647010	33.445000
1554647070	33.294000
1554647130	33.638000
1554647190	33.350000
1554647312	33.179000
1554647371	33.381000
1554647491	33.490000
1554647551	34.214000
1554647611	34.066000
1554647671	33.485000
1554647731	33.293000
1554647791	33.693000
1554647912	33.568000
1554647970	33.333000
1554648092	33.393000
1554648151	33.554000
1554648211	33.485000
1554648271	33.661000
1554648390	33.105000
1554648454	33.989000
1554648511	67.230000
1554648570	33.255000
1554648692	33.442000
1554648751	33.567000
1554648811	33.459000
1554648932	33.513000
1554648990	33.478000
1554649050	33.742000
1554649173	33.636000
1554649232	33.414000
1554649291	33.121000
1554649355	33.398000
1554649411	47.805000
1554649470	33.612000
1554649530	33.759000
1554649652	33.473000
1554649711	33.208000
1554649832	33.480000
1554649891	33.430000
1554649951	33.298000
1554650010	33.114000
1554650070	33.387000
1554650131	36.439000
1554650190	33.286000
1554650252	33.685000
1554650311	49.798000
1554650370	33.633000
1554650431	33.256000
1554650553	33.518000
1554650611	33.571000
1554650671	33.350000
1554650730	33.397000
1554650790	33.523000
1554650912	33.216000
1554650971	33.494000
