time ms
1554759059	18.650000
1554759119	19.421000
1554759179	18.790000
1554759300	81.664000
1554759367	18.774000
1554759421	18.978000
1554759480	18.667000
1554759539	18.658000
1554759600	18.639000
1554759659	18.669000
1554759782	18.759000
1554759840	18.732000
1554759900	18.724000
1554759959	18.704000
1554760019	18.735000
1554760079	18.971000
1554760155	18.557000
1554760202	56.059000
1554760264	18.661000
1554760321	18.838000
1554760379	18.634000
1554760502	18.715000
1554760560	20.064000
1554760682	18.685000
1554760739	18.699000
1554760799	18.627000
1554760859	19.586000
1554760982	20.422000
1554761041	18.617000
1554761099	99.254000
1554761167	18.624000
1554761224	18.750000
1554761279	18.701000
1554761340	18.653000
1554761399	21.102000
1554761521	18.701000
1554761579	18.711000
1554761702	18.636000
1554761760	18.695000
1554761819	18.648000
1554761888	18.949000
1554761949	19.292000
1554762002	51.863000
1554762062	18.673000
1554762122	18.779000
1554762180	18.659000
1554762240	18.687000
1554762300	18.703000
1554762359	18.718000
1554762419	18.749000
1554762479	18.647000
1554762539	18.655000
1554762662	18.644000
1554762720	18.623000
1554762779	18.919000
1554762902	59.693000
1554762969	18.727000
1554763021	18.584000
1554763079	18.614000
1554763139	18.704000
1554763261	18.706000
1554763319	18.717000
1554763442	18.619000
1554763499	18.744000
1554763559	18.698000
1554763681	19.225000
1554763741	18.610000
1554763803	43.780000
1554763867	22.398000
1554763921	18.606000
1554763980	18.568000
1554764039	18.586000
1554764099	18.670000
1554764222	18.669000
1554764280	18.760000
1554764340	18.714000
1554764400	18.814000
1554764459	18.625000
1554764519	18.634000
1554764644	18.624000
1554764700	71.548000
1554764768	18.703000
1554764825	18.716000
1554764880	18.750000
1554764940	18.627000
1554764999	18.605000
1554765059	18.858000
1554765180	18.719000
1554765239	18.581000
1554765299	18.781000
1554765359	18.714000
1554765482	18.870000
1554765541	22.771000
1554765600	48.065000
1554765663	18.724000
1554765720	18.652000
1554765780	19.825000
1554765840	18.710000
1554765899	18.636000
1554765959	18.747000
1554766019	18.685000
1554766142	18.599000
1554766200	18.769000
1554766259	18.601000
1554766319	18.637000
1554766443	18.606000
1554766501	52.060000
1554766564	18.670000
1554766621	19.555000
1554766679	18.612000
1554766742	18.588000
1554766806	18.802000
1554766859	18.710000
1554766919	18.705000
1554767042	18.653000
1554767099	18.694000
1554767159	18.727000
1554767219	18.632000
1554767279	18.769000
1554767400	89.658000
1554767467	18.887000
1554767522	18.549000
1554767579	18.720000
1554767639	18.667000
1554767762	18.660000
1554767825	18.702000
1554767880	18.605000
1554767939	18.592000
1554767999	18.577000
1554768122	18.695000
1554768180	18.846000
1554768242	18.542000
1554768300	102.934000
1554768365	18.775000
1554768424	18.727000
1554768480	18.627000
1554768539	18.701000
1554768599	18.630000
1554768722	18.640000
1554768780	18.722000
1554768840	18.561000
1554768899	18.705000
1554768961	18.644000
1554769020	18.615000
1554769079	18.675000
1554769199	106.864000
1554769265	18.774000
1554769323	18.623000
1554769380	18.638000
1554769439	18.574000
1554769499	18.516000
1554769622	18.679000
1554769680	18.694000
1554769739	18.579000
1554769799	18.652000
1554769922	18.699000
1554769979	18.943000
1554770100	79.538000
1554770164	18.580000
1554770222	18.644000
1554770280	18.598000
1554770340	18.579000
1554770399	18.526000
1554770459	18.644000
1554770582	18.684000
1554770640	18.591000
1554770762	18.586000
1554770819	18.608000
1554770879	18.918000
1554770943	18.498000
1554770999	100.149000
1554771069	18.670000
1554771123	18.606000
1554771180	18.652000
1554771301	18.578000
1554771359	19.037000
1554771490	18.848000
1554771539	18.515000
1554771599	18.763000
1554771659	18.737000
1554771782	18.584000
1554771841	19.140000
1554771901	89.433000
1554771968	18.932000
1554772023	18.590000
1554772079	18.570000
1554772139	18.647000
1554772199	18.693000
1554772260	18.572000
1554772319	18.599000
1554772379	18.571000
1554772439	18.526000
1554772499	19.155000
1554772560	18.608000
1554772681	18.722000
1554772741	18.597000
1554772803	32.156000
1554772865	18.587000
1554772922	18.515000
1554772979	18.613000
1554773039	18.594000
1554773100	18.563000
1554773221	18.556000
1554773279	18.671000
1554773402	18.571000
1554773460	18.744000
1554773519	18.561000
1554773579	18.670000
1554773642	18.503000
1554773704	57.023000
1554773771	18.748000
1554773821	18.620000
1554773879	18.545000
1554773939	18.684000
1554774062	18.624000
1554774120	18.541000
1554774180	18.586000
1554774239	18.624000
1554774300	18.561000
1554774422	18.656000
1554774480	18.806000
1554774600	18.851000
1554774662	19.622000
1554774722	18.582000
1554774779	18.594000
1554774839	18.543000
1554774900	18.722000
1554774959	19.002000
1554775020	19.012000
1554775142	18.642000
1554775200	18.624000
1554775260	19.442000
1554775320	18.624000
1554775379	19.569000
1554775443	18.529000
1554775500	67.716000
1554775567	18.501000
1554775620	18.579000
1554775679	18.671000
1554775739	18.577000
1554775799	18.705000
1554775859	18.567000
1554775920	18.665000
1554776043	18.829000
1554776103	21.033000
1554776166	18.735000
1554776282	20.417000
1554776401	18.599000
1554776522	18.585000
1554776579	18.599000
1554776640	18.645000
1554776761	18.670000
1554776819	18.628000
1554776940	18.676000
1554777000	18.685000
1554777059	18.591000
1554777119	18.673000
1554777244	18.597000
1554777303	31.663000
1554777367	18.651000
1554777423	18.660000
1554777481	18.649000
1554777602	18.558000
1554777659	18.595000
1554777719	18.596000
1554777843	18.621000
1554777900	18.647000
1554777959	18.717000
1554778019	18.686000
1554778080	18.809000
1554778199	96.704000
1554778264	18.773000
1554778350	18.615000
1554778390	18.696000
1554778439	18.580000
1554778499	18.679000
1554778624	18.607000
1554778680	18.815000
1554778739	18.687000
1554778799	18.579000
1554778922	18.593000
1554778980	18.864000
1554779041	18.531000
1554779100	97.475000
1554779170	18.507000
1554779224	18.539000
1554779281	18.748000
1554779340	18.668000
1554779400	18.572000
1554779461	18.572000
1554779519	18.686000
1554779647	18.599000
1554779704	19.114000
1554779760	18.586000
1554779881	18.982000
1554779941	18.455000
1554780001	73.262000
1554780066	18.579000
1554780122	18.619000
1554780180	18.571000
1554780301	18.619000
1554780359	18.672000
1554780420	18.540000
1554780480	18.829000
1554780540	18.517000
1554780599	18.583000
1554780663	18.632000
1554780787	19.694000
1554780901	18.607000
1554780960	18.547000
1554781019	18.617000
1554781142	18.641000
1554781200	18.605000
1554781259	18.668000
1554781319	18.675000
1554781442	18.579000
1554781500	18.613000
1554781560	18.599000
1554781620	18.530000
1554781679	18.701000
1554781741	18.544000
1554781800	83.458000
1554781868	18.648000
1554781921	18.634000
1554781980	18.582000
1554782040	18.546000
1554782100	18.594000
1554782160	18.707000
1554782220	18.677000
1554782280	18.634000
1554782402	18.613000
1554782461	18.575000
1554782520	18.816000
1554782580	18.653000
1554782700	108.262000
1554782767	18.570000
1554782823	18.648000
1554782880	18.609000
1554783002	18.595000
1554783060	18.681000
1554783120	18.615000
1554783179	18.601000
1554783240	18.689000
1554783367	18.588000
1554783420	18.592000
1554783479	19.877000
1554783601	79.536000
1554783668	18.610000
1554783721	18.624000
1554783779	18.617000
1554783839	18.610000
1554783900	18.517000
1554784021	18.651000
1554784086	18.603000
1554784207	18.539000
1554784260	18.653000
1554784382	18.928000
1554784441	18.636000
1554784499	92.116000
1554784565	18.632000
1554784624	18.742000
1554784680	18.564000
1554784740	18.569000
1554784861	18.544000
1554784919	18.577000
1554784980	18.583000
1554785040	18.694000
1554785099	18.525000
1554785159	18.557000
1554785220	18.578000
1554785281	18.668000
1554785402	78.504000
1554785465	18.604000
1554785524	18.621000
1554785580	18.532000
1554785640	18.559000
1554785762	18.927000
1554785820	18.561000
1554785880	18.840000
1554785940	18.602000
1554786000	18.573000
1554786059	18.641000
1554786182	20.498000
1554786241	18.705000
1554786301	80.504000
1554786369	18.607000
1554786422	18.608000
1554786481	18.675000
1554786541	18.660000
1554786662	18.685000
1554786719	18.605000
1554786842	18.670000
1554786900	18.614000
1554786960	18.627000
1554787020	18.599000
1554787079	18.827000
1554787202	64.149000
1554787266	18.602000
1554787322	18.716000
1554787379	18.648000
1554787439	18.595000
1554787562	18.613000
1554787620	18.580000
1554787680	18.605000
1554787739	18.570000
1554787862	18.635000
1554787920	18.564000
1554787980	18.877000
1554788041	18.509000
1554788100	36.301000
1554788164	18.490000
1554788222	18.593000
1554788280	18.622000
1554788400	18.610000
1554788459	18.595000
1554788519	18.610000
1554788642	22.117000
1554788704	18.865000
1554788760	18.593000
1554788820	18.618000
1554788881	18.963000
1554788944	18.522000
1554789001	50.444000
1554789122	18.668000
1554789180	18.720000
1554789240	18.609000
1554789300	18.625000
1554789360	18.679000
1554789484	19.113000
1554789540	18.494000
1554789600	18.685000
1554789659	18.688000
1554789782	19.052000
1554789901	18.672000
1554789960	18.599000
1554790020	18.520000
1554790081	18.564000
1554790139	18.643000
1554790199	18.554000
1554790260	18.525000
1554790382	18.627000
1554790439	18.611000
1554790499	18.654000
1554790560	18.532000
1554790620	18.538000
1554790679	18.718000
1554790741	18.443000
1554790803	47.933000
1554790867	18.761000
1554790923	18.586000
1554790979	18.613000
1554791039	18.660000
1554791162	18.669000
1554791220	18.552000
1554791287	18.578000
1554791345	18.566000
1554791403	18.535000
1554791460	18.505000
1554791520	18.541000
1554791580	18.639000
1554791700	44.737000
1554791767	18.618000
1554791822	18.676000
1554791880	18.564000
1554792002	18.597000
1554792122	18.598000
1554792180	18.487000
1554792239	18.668000
1554792300	18.633000
1554792422	19.075000
1554792488	21.951000
1554792603	78.748000
1554792664	18.643000
1554792724	18.619000
1554792779	18.612000
1554792840	18.570000
1554792961	18.630000
1554793019	18.528000
1554793142	18.546000
1554793200	18.569000
1554793322	18.599000
1554793379	19.272000
1554793501	91.177000
1554793569	18.582000
1554793622	18.554000
1554793682	18.633000
1554793740	18.605000
1554793862	18.654000
1554793920	18.596000
1554793980	18.588000
1554794103	18.659000
1554794160	18.650000
1554794220	18.571000
1554794280	18.727000
1554794401	73.857000
1554794465	18.708000
1554794522	18.592000
1554794581	18.541000
1554794640	18.528000
1554794762	18.613000
1554794821	18.569000
1554794880	18.728000
1554795003	18.613000
1554795060	18.549000
1554795119	18.623000
1554795180	18.747000
1554795300	82.705000
1554795363	18.641000
1554795422	18.548000
1554795480	18.638000
1554795540	18.552000
1554795600	18.615000
1554795722	18.612000
1554795779	18.559000
1554795840	18.542000
1554795962	18.583000
1554796019	18.568000
1554796150	18.631000
1554796202	69.523000
1554796264	18.783000
1554796322	18.727000
1554796380	18.459000
1554796439	18.584000
1554796500	18.711000
1554796622	18.575000
1554796680	18.519000
1554796740	18.504000
1554796800	18.613000
1554796923	18.518000
1554796980	18.860000
1554797041	18.496000
1554797103	47.278000
1554797169	18.764000
1554797226	18.595000
1554797283	18.575000
1554797340	18.820000
1554797399	18.638000
1554797460	18.588000
1554797520	18.622000
1554797643	18.625000
1554797700	18.562000
1554797760	18.568000
1554797820	18.730000
1554797880	19.537000
1554797941	18.517000
1554798002	47.306000
1554798064	18.568000
1554798122	18.810000
1554798180	18.723000
1554798240	18.582000
1554798299	18.654000
1554798424	18.636000
1554798481	18.530000
1554798539	18.543000
1554798662	18.659000
1554798720	18.688000
1554798780	18.699000
1554798841	18.465000
1554798902	54.530000
1554798970	18.599000
1554799022	18.516000
1554799079	18.598000
1554799140	18.622000
1554799200	18.631000
1554799260	18.692000
1554799320	18.621000
1554799379	18.489000
1554799442	18.609000
1554799563	18.628000
1554799620	18.691000
1554799679	18.782000
1554799800	99.951000
1554799871	18.682000
1554799923	18.681000
1554799980	18.703000
1554800040	18.638000
1554800100	18.574000
1554800221	18.670000
1554800280	18.611000
1554800339	18.560000
1554800400	18.565000
1554800460	18.640000
1554800520	18.629000
1554800580	18.725000
1554800701	94.341000
1554800766	18.572000
1554800822	19.446000
1554800880	18.712000
1554801002	18.678000
1554801060	18.588000
1554801119	18.734000
1554801242	18.557000
1554801300	18.626000
1554801360	18.635000
1554801420	18.623000
1554801480	19.516000
1554801541	18.578000
1554801603	55.688000
1554801667	18.628000
1554801723	18.576000
1554801780	18.504000
1554801840	18.633000
1554801900	18.758000
1554802025	18.721000
1554802080	18.639000
1554802140	18.578000
1554802200	18.596000
1554802260	18.986000
1554802382	20.647000
1554802442	18.521000
1554802500	86.960000
1554802564	18.664000
1554802622	18.642000
1554802680	18.663000
1554802744	18.622000
1554802862	18.662000
1554802920	18.711000
1554802980	18.573000
1554803047	18.613000
1554803103	18.626000
1554803160	18.737000
1554803282	21.273000
1554803343	18.593000
1554803400	84.421000
1554803467	18.717000
1554803522	18.689000
1554803580	18.603000
1554803640	18.702000
1554803778	18.723000
1554803819	18.599000
1554803942	18.564000
1554804000	18.637000
1554804060	18.556000
1554804185	20.292000
1554804243	18.493000
1554804300	76.076000
1554804364	18.794000
1554804424	18.669000
1554804480	18.588000
1554804539	18.582000
1554804664	18.783000
1554804720	18.562000
1554804842	18.637000
1554804900	18.643000
1554804959	18.633000
1554805082	23.455000
1554805201	18.540000
1554805260	18.655000
1554805320	18.821000
1554805444	18.619000
1554805500	18.657000
1554805560	18.618000
1554805620	18.630000
1554805680	18.683000
1554805739	18.664000
1554805799	18.680000
1554805860	18.558000
1554805920	18.604000
1554805980	19.000000
1554806102	80.302000
1554806167	18.600000
1554806224	18.927000
1554806281	18.649000
1554806402	18.699000
1554806461	18.604000
1554806520	18.870000
1554806582	18.678000
1554806642	18.946000
1554806764	18.606000
1554806820	18.578000
1554806944	18.476000
1554807001	63.277000
1554807064	18.559000
1554807124	18.608000
1554807180	18.657000
1554807240	18.644000
1554807300	18.630000
1554807360	18.609000
1554807483	18.674000
1554807540	18.600000
1554807600	18.631000
1554807660	18.604000
1554807782	18.885000
1554807841	18.458000
1554807901	56.140000
1554807965	19.172000
1554808025	18.605000
1554808080	18.650000
1554808140	18.645000
1554808262	18.727000
1554808319	18.625000
1554808443	18.661000
1554808500	18.659000
1554808560	18.584000
1554808620	18.566000
1554808680	18.928000
1554808742	18.518000
1554808802	70.205000
1554808862	18.752000
1554808923	18.628000
1554808980	18.591000
1554809047	20.753000
1554809163	18.582000
1554809220	18.601000
1554809283	18.682000
1554809402	18.668000
1554809460	18.617000
1554809582	20.741000
1554809641	18.482000
1554809702	59.660000
1554809767	18.659000
1554809822	18.771000
1554809880	18.575000
1554810002	18.603000
1554810060	18.717000
1554810120	18.634000
1554810244	18.594000
1554810301	18.615000
1554810361	18.581000
1554810419	18.617000
1554810545	18.524000
1554810601	60.598000
1554810668	18.854000
1554810723	18.617000
1554810780	18.572000
1554810903	18.631000
1554810961	18.579000
1554811020	18.608000
1554811080	18.626000
1554811140	18.582000
1554811200	18.686000
1554811335	18.658000
1554811380	18.749000
1554811505	87.996000
1554811570	18.617000
1554811622	18.643000
1554811680	18.774000
1554811740	18.614000
1554811800	18.614000
1554811860	18.533000
1554811920	18.684000
1554812042	18.558000
1554812100	18.596000
1554812160	18.598000
1554812220	18.547000
1554812343	18.512000
1554812400	64.060000
1554812468	20.229000
1554812521	18.605000
1554812580	18.605000
1554812640	18.664000
1554812700	18.564000
1554812826	18.672000
1554812882	18.519000
1554812940	18.589000
1554813063	18.580000
1554813120	18.658000
1554813180	18.842000
1554813300	80.055000
1554813365	19.195000
1554813423	18.664000
1554813480	18.631000
1554813603	18.694000
1554813660	18.742000
1554813720	18.726000
1554813844	18.928000
1554813901	18.918000
1554813960	18.603000
1554814083	20.848000
1554814142	18.507000
1554814201	96.230000
1554814267	18.574000
1554814323	18.613000
1554814380	18.556000
1554814502	18.643000
1554814560	18.598000
1554814683	18.809000
1554814740	18.582000
1554814800	18.546000
1554814864	18.637000
1554814920	18.561000
1554815045	18.783000
1554815101	99.874000
1554815171	18.616000
1554815224	18.706000
1554815281	18.578000
1554815341	18.684000
1554815463	18.616000
1554815520	18.586000
1554815580	18.679000
1554815640	18.641000
1554815700	18.726000
1554815760	18.629000
1554815883	19.172000
1554815944	18.651000
1554816003	66.954000
1554816067	18.667000
1554816121	18.681000
1554816181	18.705000
1554816240	18.559000
1554816300	18.675000
1554816360	18.716000
1554816420	18.593000
1554816543	18.557000
1554816600	18.583000
1554816660	18.609000
1554816720	18.564000
1554816845	18.604000
1554816901	61.302000
1554816969	18.908000
1554817030	18.653000
1554817081	18.615000
1554817140	18.646000
1554817263	18.696000
1554817320	18.599000
1554817380	18.501000
1554817440	18.677000
1554817563	18.592000
1554817621	18.584000
1554817681	19.456000
1554817742	18.609000
1554817800	99.706000
1554817923	18.691000
1554817980	18.602000
1554818040	18.666000
1554818100	18.596000
1554818160	18.572000
1554818227	18.602000
1554818344	18.641000
1554818400	18.562000
1554818460	18.595000
1554818583	18.642000
1554818642	18.505000
1554818701	96.633000
1554818771	18.768000
1554818825	18.677000
1554818880	18.617000
1554818940	18.594000
1554819000	18.712000
1554819124	18.569000
1554819181	19.180000
1554819241	18.640000
1554819300	18.589000
1554819362	19.643000
1554819421	18.521000
1554819480	20.205000
1554819600	107.384000
1554819666	18.588000
1554819723	18.647000
1554819780	18.603000
1554819840	18.604000
1554819900	18.635000
1554819960	18.657000
1554820020	18.642000
1554820080	18.682000
1554820204	18.581000
1554820260	18.653000
1554820320	18.524000
1554820380	19.331000
1554820443	18.577000
1554820501	50.003000
1554820566	18.447000
1554820623	18.585000
1554820680	18.625000
1554820741	18.804000
1554820800	18.726000
1554820860	18.616000
1554820982	18.599000
1554821040	18.597000
1554821100	18.742000
1554821160	18.747000
1554821283	18.843000
1554821342	18.564000
1554821401	80.511000
1554821470	18.947000
1554821523	18.596000
1554821588	18.650000
1554821642	18.728000
1554821700	18.799000
1554821823	18.710000
1554821881	18.615000
1554821940	18.683000
1554822000	18.780000
1554822060	18.546000
1554822120	18.584000
1554822180	18.846000
1554822242	18.640000
1554822301	32.841000
1554822367	18.805000
1554822423	18.626000
1554822481	18.732000
1554822540	18.580000
1554822664	18.607000
1554822726	18.620000
1554822780	18.542000
1554822902	18.602000
1554822960	18.641000
1554823020	18.689000
1554823080	18.928000
1554823142	18.697000
1554823200	88.960000
1554823269	18.517000
1554823323	18.633000
1554823380	18.629000
1554823502	18.674000
1554823560	18.561000
1554823620	18.678000
1554823680	18.788000
1554823740	18.594000
1554823863	18.660000
1554823920	18.688000
1554823980	18.750000
1554824043	18.681000
1554824101	57.190000
1554824170	18.610000
1554824222	18.838000
1554824281	18.603000
1554824341	18.676000
1554824462	18.639000
1554824520	18.742000
1554824580	19.387000
1554824703	18.558000
1554824761	18.783000
1554824821	18.681000
1554824880	18.783000
1554825000	23.456000
1554825068	18.877000
1554825123	18.616000
1554825181	18.618000
1554825240	18.609000
1554825363	18.608000
1554825421	18.664000
1554825480	18.668000
1554825540	18.525000
1554825600	18.607000
1554825722	18.606000
1554825780	18.760000
1554825843	18.439000
1554825901	102.886000
1554825969	18.555000
1554826024	18.656000
1554826080	18.579000
1554826140	18.629000
1554826201	18.779000
1554826261	18.663000
1554826322	18.656000
1554826442	18.549000
1554826500	18.630000
1554826560	18.672000
1554826620	20.090000
1554826745	18.612000
1554826800	108.486000
1554826866	18.597000
1554826922	18.576000
1554826980	18.549000
1554827040	18.677000
1554827100	18.699000
1554827161	18.605000
1554827283	18.744000
1554827340	18.565000
1554827400	18.638000
1554827460	18.611000
1554827583	18.867000
1554827642	18.581000
1554827700	83.552000
1554827767	18.644000
1554827824	18.652000
1554827880	18.566000
1554827940	18.527000
1554828000	18.564000
1554828060	18.664000
1554828183	18.562000
1554828240	18.662000
1554828300	18.904000
1554828360	18.618000
1554828420	18.670000
1554828546	18.545000
1554828602	94.182000
1554828666	18.720000
1554828724	18.619000
1554828780	18.660000
1554828902	18.793000
1554828960	18.713000
1554829020	18.631000
1554829142	18.612000
1554829200	18.649000
1554829260	18.577000
1554829320	18.695000
1554829380	20.697000
1554829501	73.976000
1554829568	18.878000
1554829624	18.520000
1554829680	19.430000
1554829740	18.477000
1554829801	18.526000
1554829860	18.550000
1554829920	18.643000
1554829980	18.606000
1554830040	18.531000
1554830101	18.629000
1554830223	18.773000
1554830281	18.690000
1554830342	18.507000
1554830403	55.955000
1554830467	18.800000
1554830522	18.677000
1554830580	18.677000
1554830640	18.674000
1554830772	19.268000
1554830826	18.761000
1554830882	18.687000
1554830940	18.562000
1554831063	18.641000
1554831121	18.572000
1554831180	19.080000
1554831300	94.339000
1554831369	19.130000
1554831423	18.794000
1554831480	18.664000
1554831540	18.637000
1554831600	18.591000
1554831660	18.592000
1554831783	18.570000
1554831840	18.560000
1554831963	18.546000
1554832020	18.583000
1554832080	19.087000
1554832200	100.475000
1554832269	18.616000
1554832323	18.655000
1554832380	18.548000
1554832440	18.694000
1554832563	18.658000
1554832620	18.622000
1554832680	18.627000
1554832740	18.683000
1554832863	18.662000
1554832921	18.648000
1554832981	19.858000
1554833101	106.939000
1554833165	18.639000
1554833221	18.706000
1554833280	18.664000
1554833403	18.624000
1554833461	18.574000
1554833520	18.652000
1554833642	18.638000
1554833700	18.609000
1554833823	18.617000
1554833881	20.151000
1554833942	18.513000
1554834001	57.870000
1554834067	18.546000
1554834128	18.681000
1554834184	18.583000
1554834241	18.779000
1554834300	18.636000
1554834360	18.698000
1554834482	18.738000
1554834540	18.883000
1554834663	18.637000
1554834721	18.602000
1554834780	18.910000
1554834843	18.596000
1554834900	92.735000
1554834966	18.630000
1554835024	18.653000
1554835080	18.568000
1554835140	18.666000
1554835263	18.717000
1554835320	18.903000
1554835381	18.647000
1554835502	18.550000
1554835560	18.648000
1554835620	18.623000
1554835745	18.593000
1554835802	67.918000
1554835862	18.647000
1554835923	18.547000
1554835981	18.991000
1554836102	18.639000
1554836160	18.767000
1554836221	18.581000
1554836343	18.673000
1554836401	18.663000
1554836460	18.688000
1554836520	18.626000
1554836580	19.407000
1554836644	18.443000
1554836701	97.455000
1554836766	18.664000
1554836824	18.530000
1554836881	18.619000
1554837002	18.642000
1554837060	18.536000
1554837120	18.538000
1554837243	18.623000
1554837301	18.703000
1554837360	18.666000
1554837420	18.583000
1554837480	20.492000
1554837542	18.451000
1554837601	87.861000
1554837725	18.600000
1554837781	18.642000
1554837842	18.610000
1554837962	18.743000
1554838020	18.573000
1554838081	18.601000
1554838140	18.614000
1554838200	18.675000
1554838322	18.609000
1554838380	18.788000
1554838443	18.453000
1554838500	94.521000
1554838563	18.745000
1554838623	18.649000
1554838681	18.676000
1554838741	18.700000
1554838800	18.548000
1554838860	18.642000
1554838920	18.646000
1554838981	18.746000
1554839041	18.502000
1554839100	18.732000
1554839160	18.636000
1554839283	19.065000
1554839343	19.084000
1554839400	82.249000
1554839467	18.609000
1554839524	18.636000
1554839581	18.691000
1554839640	18.607000
1554839700	18.746000
1554839823	18.604000
1554839880	18.640000
1554840003	18.559000
1554840063	18.519000
1554840125	18.628000
1554840180	19.559000
1554840242	18.507000
1554840301	104.330000
1554840365	18.591000
1554840423	18.685000
1554840481	18.642000
1554840541	18.614000
1554840600	18.534000
1554840661	18.532000
1554840720	18.647000
1554840780	18.586000
1554840840	18.565000
1554840963	18.635000
1554841021	18.668000
1554841081	19.199000
1554841142	18.596000
1554841203	50.757000
1554841270	18.626000
1554841324	18.649000
1554841381	18.644000
1554841441	18.590000
1554841500	18.802000
1554841561	18.637000
1554841620	18.669000
1554841680	18.589000
1554841803	18.726000
1554841861	18.554000
1554841921	18.909000
1554841981	19.023000
1554842101	87.891000
1554842168	18.727000
1554842224	18.646000
1554842281	19.192000
1554842340	18.586000
1554842463	18.605000
1554842521	18.643000
1554842581	18.894000
1554842641	18.623000
1554842700	18.599000
1554842823	18.672000
1554842881	18.782000
1554842943	18.837000
1554843003	59.744000
1554843063	18.535000
1554843124	18.700000
1554843181	18.664000
1554843241	18.599000
1554843301	18.618000
1554843360	18.601000
1554843420	18.646000
1554843480	18.790000
1554843540	18.571000
1554843664	18.564000
1554843728	18.699000
1554843785	18.962000
1554843845	18.889000
1554843901	104.461000
1554843967	18.581000
1554844025	18.578000
1554844081	18.563000
1554844141	18.581000
1554844201	18.649000
1554844260	18.722000
1554844320	18.565000
1554844442	18.570000
1554844500	18.624000
1554844560	18.623000
1554844683	20.467000
1554844743	18.437000
1554844803	57.554000
1554844868	18.538000
1554844924	18.613000
1554844981	18.529000
1554845041	18.528000
1554845163	18.608000
1554845220	18.658000
1554845280	18.655000
1554845340	18.562000
1554845400	18.600000
1554845523	18.577000
1554845581	18.960000
1554845701	88.047000
1554845765	18.536000
1554845824	18.511000
1554845880	18.607000
1554845942	18.617000
1554846062	18.572000
1554846120	18.664000
1554846245	18.612000
1554846301	18.610000
1554846360	18.648000
1554846421	18.557000
1554846544	18.542000
1554846601	26.678000
1554846668	18.585000
1554846723	18.501000
1554846780	18.590000
1554846902	18.662000
1554846961	18.600000
1554847020	18.676000
1554847080	18.600000
1554847140	18.550000
1554847200	18.617000
1554847324	18.645000
1554847381	18.727000
1554847503	49.148000
1554847567	19.235000
1554847622	18.536000
1554847681	18.578000
1554847740	18.678000
1554847800	18.638000
1554847861	18.674000
1554847983	18.607000
1554848041	18.648000
1554848100	18.647000
1554848161	18.553000
1554848282	20.721000
1554848401	18.532000
1554848460	18.728000
1554848583	18.594000
1554848641	18.651000
1554848701	18.579000
1554848760	18.605000
1554848821	18.635000
1554848942	18.665000
1554849000	18.570000
1554849123	18.714000
1554849181	18.833000
1554849301	18.598000
1554849364	19.115000
1554849423	18.599000
1554849480	18.640000
1554849540	18.618000
1554849602	18.587000
1554849722	18.729000
1554849780	18.615000
1554849910	18.562000
1554849969	18.626000
1554850028	18.549000
1554850144	18.591000
1554850201	38.105000
1554850268	18.561000
1554850323	18.520000
1554850381	18.563000
1554850440	18.595000
1554850500	18.654000
1554850623	18.714000
1554850681	18.574000
1554850740	18.583000
1554850801	18.636000
1554850861	18.567000
1554850920	18.737000
1554851047	18.485000
1554851102	71.981000
1554851163	18.992000
1554851225	18.642000
1554851283	18.812000
1554851341	18.568000
1554851400	18.613000
1554851460	18.710000
1554851583	18.641000
1554851641	18.646000
1554851702	18.527000
1554851761	18.570000
1554851821	18.686000
1554851880	18.811000
1554851942	18.625000
1554852001	72.679000
1554852064	19.125000
1554852122	18.623000
1554852181	19.373000
1554852303	19.106000
1554852362	18.743000
1554852421	18.587000
1554852480	18.695000
1554852540	18.680000
1554852662	18.628000
1554852720	18.634000
1554852845	18.540000
1554852904	47.953000
1554852969	18.584000
1554853024	18.548000
1554853080	18.672000
1554853203	18.602000
1554853261	18.669000
1554853320	18.972000
1554853381	18.682000
1554853503	18.597000
1554853561	18.574000
1554853621	18.645000
1554853744	18.551000
1554853801	104.338000
1554853871	18.680000
1554853924	18.563000
1554853981	18.672000
1554854115	18.612000
1554854160	18.581000
1554854220	18.711000
1554854344	18.614000
1554854401	18.658000
1554854461	18.672000
1554854520	18.556000
1554854581	18.853000
1554854701	63.853000
1554854768	19.295000
1554854826	18.457000
1554854880	18.555000
1554854941	18.539000
1554855065	18.523000
1554855120	18.571000
1554855180	18.582000
1554855303	18.588000
1554855361	18.577000
1554855421	18.537000
1554855480	20.080000
1554855602	87.643000
1554855665	18.632000
1554855723	18.610000
1554855780	18.683000
1554855840	18.632000
1554855963	18.617000
1554856021	18.497000
1554856081	18.573000
1554856142	18.555000
1554856262	18.622000
1554856320	18.676000
1554856445	18.537000
1554856502	67.705000
1554856568	18.613000
1554856623	18.553000
1554856680	18.674000
1554856741	18.655000
1554856863	18.674000
1554856921	18.564000
1554856981	18.659000
1554857042	18.614000
1554857101	18.638000
1554857160	18.668000
1554857221	18.561000
1554857345	18.590000
1554857402	72.428000
1554857470	18.633000
1554857525	18.547000
1554857580	18.672000
1554857703	18.715000
1554857761	18.649000
1554857821	18.601000
1554857881	18.540000
1554857941	18.573000
1554858001	18.611000
1554858061	18.582000
1554858182	18.933000
1554858242	18.438000
1554858301	91.958000
1554858370	18.897000
1554858423	18.676000
1554858480	18.520000
1554858604	18.569000
1554858663	18.594000
1554858722	18.459000
1554858780	18.473000
1554858903	18.838000
1554858961	18.619000
1554859020	18.600000
1554859080	18.581000
1554859142	18.494000
1554859202	63.095000
1554859269	18.732000
1554859322	18.499000
1554859380	18.590000
1554859501	18.592000
1554859561	18.504000
1554859621	18.474000
1554859681	18.556000
1554859742	18.557000
1554859801	18.549000
1554859863	18.564000
1554859927	18.617000
1554859981	18.801000
1554860102	77.410000
1554860167	18.828000
1554860225	18.619000
1554860281	18.750000
1554860341	18.637000
1554860401	18.579000
1554860460	18.542000
1554860521	18.551000
1554860581	18.571000
1554860640	18.603000
1554860701	18.511000
1554860761	18.506000
1554860820	18.554000
1554860881	20.478000
1554860957	18.480000
1554861001	60.000000
1554861065	18.522000
1554861124	18.512000
1554861181	18.504000
1554861240	18.618000
1554861301	18.623000
1554861423	18.631000
1554861480	18.644000
1554861540	18.530000
1554861663	18.546000
1554861721	18.516000
1554861780	18.518000
1554861901	98.051000
1554861969	18.588000
1554862024	18.610000
1554862081	18.529000
1554862140	18.492000
1554862201	18.619000
1554862325	18.595000
1554862380	18.583000
1554862503	18.538000
1554862561	18.642000
1554862620	18.583000
1554862681	18.609000
1554862801	105.441000
1554862868	18.525000
1554862926	18.634000
1554862981	18.646000
1554863102	18.673000
1554863161	18.582000
1554863283	18.602000
1554863341	18.520000
1554863402	18.602000
1554863461	18.547000
1554863520	18.710000
1554863581	18.767000
1554863703	79.241000
1554863768	18.713000
1554863823	18.536000
1554863881	18.527000
1554863941	18.599000
1554864000	18.629000
1554864124	18.591000
1554864181	18.546000
1554864303	18.566000
1554864360	18.634000
1554864422	18.556000
1554864545	18.480000
1554864602	70.996000
1554864670	18.752000
1554864722	18.560000
1554864781	18.551000
1554864841	18.602000
1554864901	18.589000
1554864961	18.592000
1554865084	18.499000
1554865141	18.460000
1554865200	18.504000
1554865261	18.577000
1554865321	18.598000
1554865380	18.599000
1554865442	18.364000
1554865501	82.503000
1554865571	18.569000
1554865623	18.596000
1554865681	18.486000
1554865740	18.600000
1554865800	18.629000
1554865923	18.681000
1554865981	18.556000
1554866041	18.600000
1554866101	18.533000
1554866161	18.646000
1554866284	19.382000
1554866344	18.535000
1554866401	63.660000
1554866468	18.453000
1554866524	18.561000
1554866581	18.536000
1554866640	18.658000
1554866700	18.529000
1554866824	18.582000
1554866882	18.600000
1554866941	18.527000
1554867000	18.565000
1554867060	18.493000
1554867121	18.515000
1554867181	18.742000
1554867301	88.340000
1554867366	18.492000
1554867422	18.703000
1554867481	18.745000
1554867540	18.575000
1554867601	18.521000
1554867661	18.572000
1554867783	18.496000
1554867841	18.548000
1554867901	18.624000
1554867960	18.511000
1554868020	18.652000
1554868145	18.632000
1554868201	60.712000
1554868265	18.532000
1554868321	18.602000
1554868381	18.445000
1554868441	18.458000
1554868501	18.512000
1554868560	18.610000
1554868620	18.596000
1554868681	18.589000
1554868741	18.590000
1554868801	18.708000
1554868860	18.561000
1554868983	18.995000
1554869042	18.429000
1554869101	103.616000
1554869170	18.580000
1554869223	18.524000
1554869282	18.682000
1554869341	18.618000
1554869400	18.577000
1554869460	18.500000
1554869521	18.521000
1554869645	18.611000
1554869702	20.503000
1554869761	18.497000
1554869820	18.580000
1554869881	18.755000
1554870002	100.683000
1554870067	18.985000
1554870122	18.569000
1554870180	19.147000
1554870241	18.523000
1554870363	18.592000
1554870420	18.637000
1554870480	18.544000
1554870603	18.638000
1554870661	18.833000
1554870721	18.572000
1554870781	18.657000
1554870842	18.454000
1554870902	48.004000
1554870967	19.328000
1554871022	18.594000
1554871081	18.480000
1554871140	18.642000
1554871263	21.458000
1554871321	18.556000
1554871381	18.565000
1554871441	18.560000
1554871563	18.522000
1554871621	18.494000
1554871681	18.677000
1554871743	18.539000
1554871802	107.399000
1554871865	18.594000
1554871922	18.553000
1554871985	18.546000
1554872103	18.586000
1554872161	18.627000
1554872221	18.563000
1554872284	18.531000
1554872403	18.602000
1554872461	18.557000
1554872584	19.665000
1554872643	18.381000
1554872702	99.132000
1554872771	18.635000
1554872824	18.587000
1554872881	18.477000
1554872945	18.523000
1554873001	18.519000
1554873060	18.729000
1554873120	18.648000
1554873243	18.596000
1554873301	18.572000
1554873361	18.498000
1554873420	18.668000
1554873482	18.953000
1554873602	71.879000
1554873667	18.936000
1554873725	19.255000
1554873781	18.576000
1554873841	18.564000
1554873963	18.546000
1554874021	18.714000
1554874081	18.516000
1554874141	18.503000
1554874201	18.666000
1554874323	18.594000
1554874381	19.002000
1554874442	18.430000
1554874503	47.744000
1554874569	19.111000
1554874626	18.613000
1554874682	18.593000
1554874742	18.543000
1554874801	18.582000
1554874924	18.467000
1554874981	18.534000
1554875041	18.589000
1554875163	18.571000
1554875221	18.521000
1554875281	20.093000
1554875401	77.086000
1554875464	18.542000
1554875523	18.615000
1554875581	18.549000
1554875641	18.544000
1554875701	18.638000
1554875827	18.654000
1554875881	18.576000
1554875941	18.542000
1554876000	18.617000
1554876123	18.781000
1554876181	20.543000
1554876301	66.930000
1554876370	18.457000
1554876424	18.496000
1554876481	18.581000
1554876603	18.597000
1554876660	18.558000
1554876784	18.518000
1554876841	18.536000
1554876963	18.554000
1554877023	18.546000
1554877083	20.445000
1554877202	79.291000
1554877270	18.472000
1554877324	18.604000
1554877381	18.643000
1554877441	18.531000
1554877501	18.541000
1554877561	18.536000
1554877620	18.571000
1554877742	18.679000
1554877802	18.572000
1554877861	18.597000
1554877921	18.697000
1554877981	18.575000
1554878042	18.527000
1554878101	106.696000
1554878166	18.577000
1554878225	18.613000
1554878281	18.594000
1554878341	18.516000
1554878463	18.564000
1554878521	18.884000
1554878582	18.589000
1554878641	18.590000
1554878764	18.584000
1554878822	18.557000
1554878881	18.704000
1554879002	104.009000
1554879068	18.497000
1554879123	18.578000
1554879181	18.564000
1554879304	18.838000
1554879361	18.627000
1554879421	18.659000
1554879481	18.449000
1554879541	18.567000
1554879602	18.561000
1554879662	18.560000
1554879722	18.505000
1554879781	20.246000
1554879843	18.393000
1554879902	106.847000
1554879968	18.607000
1554880023	18.597000
1554880081	18.629000
1554880141	18.549000
1554880201	18.578000
1554880261	18.658000
1554880321	18.601000
1554880444	18.587000
1554880501	18.587000
1554880561	18.593000
1554880621	18.571000
1554880681	18.627000
1554880803	50.549000
1554880872	18.505000
1554880925	18.591000
1554880982	18.815000
1554881041	18.469000
1554881163	18.605000
1554881221	18.581000
1554881281	18.513000
1554881404	18.593000
1554881461	18.506000
1554881584	18.905000
1554881643	18.441000
1554881701	61.108000
1554881768	18.491000
1554881823	18.599000
1554881881	18.749000
1554881941	18.577000
1554882002	18.599000
1554882061	18.537000
1554882129	18.626000
1554882252	18.505000
1554882301	18.556000
1554882361	18.620000
1554882421	18.701000
1554882545	18.546000
1554882601	73.135000
1554882665	18.692000
1554882723	18.486000
1554882781	18.536000
1554882841	18.642000
1554882901	18.561000
1554882960	18.638000
1554883020	18.702000
1554883143	18.600000
1554883201	18.711000
1554883261	18.637000
1554883321	18.638000
1554883381	18.789000
1554883443	18.516000
1554883502	86.276000
1554883572	18.596000
1554883624	18.581000
1554883681	18.664000
1554883802	18.585000
1554883861	18.534000
1554883921	18.574000
1554883981	18.677000
1554884041	18.539000
1554884101	18.592000
1554884224	18.632000
1554884282	18.796000
1554884344	18.524000
1554884402	89.177000
1554884465	18.595000
1554884525	18.642000
1554884581	18.589000
1554884703	18.649000
1554884761	18.697000
1554884821	18.554000
1554884946	18.674000
1554885001	18.665000
1554885061	18.681000
1554885121	18.679000
1554885181	20.614000
1554885301	60.715000
1554885364	18.687000
1554885423	18.658000
1554885481	18.669000
1554885541	18.592000
1554885601	18.496000
1554885661	18.518000
1554885784	18.539000
1554885842	18.595000
1554885901	18.625000
1554886024	18.590000
1554886082	18.725000
1554886144	18.468000
1554886202	96.028000
1554886278	18.568000
1554886323	18.629000
1554886381	18.626000
1554886441	18.521000
1554886501	18.589000
1554886561	18.859000
1554886620	18.607000
1554886743	18.563000
1554886801	18.558000
1554886861	18.580000
1554886983	19.154000
1554887044	18.592000
1554887101	98.867000
1554887168	18.627000
1554887223	18.626000
1554887282	18.621000
1554887341	18.585000
1554887401	18.659000
1554887523	18.605000
1554887581	18.604000
1554887641	18.580000
1554887764	18.630000
1554887821	18.558000
1554887881	20.156000
1554887943	18.469000
1554888001	84.442000
1554888070	18.667000
1554888123	18.969000
1554888181	18.607000
1554888241	18.600000
1554888301	18.590000
1554888361	18.603000
1554888421	22.534000
1554888480	19.754000
1554888603	18.653000
1554888662	18.553000
1554888721	18.605000
1554888781	18.747000
1554888843	18.527000
1554888902	73.053000
1554888968	18.527000
1554889024	18.656000
1554889088	18.549000
1554889141	18.614000
1554889201	18.576000
1554889324	18.561000
1554889381	18.533000
1554889441	18.551000
1554889501	18.667000
1554889624	18.576000
1554889681	18.843000
1554889803	59.654000
1554889867	18.582000
1554889923	18.604000
1554889981	18.584000
1554890104	18.677000
1554890161	18.604000
1554890222	19.092000
1554890286	18.532000
1554890349	18.648000
1554890463	19.717000
1554890521	18.638000
1554890581	18.598000
1554890643	18.585000
1554890702	111.997000
1554890768	19.008000
1554890824	18.597000
1554890881	18.547000
1554890941	18.593000
1554891001	18.541000
1554891061	18.588000
1554891182	18.594000
1554891242	18.529000
1554891301	18.577000
1554891423	18.614000
1554891481	20.262000
1554891601	47.831000
1554891668	18.603000
1554891723	18.557000
1554891781	18.742000
1554891903	18.580000
1554891961	18.578000
1554892021	18.606000
1554892143	18.518000
1554892201	18.559000
1554892324	18.602000
1554892381	18.786000
1554892443	18.469000
1554892502	72.617000
1554892570	18.778000
1554892624	18.514000
1554892682	18.526000
1554892741	18.561000
1554892801	18.560000
1554892862	18.538000
1554892929	18.674000
1554892981	18.655000
1554893041	18.702000
1554893164	18.597000
1554893221	18.655000
1554893345	18.580000
1554893402	51.747000
1554893464	18.990000
1554893525	18.688000
1554893581	18.751000
1554893704	18.583000
1554893761	18.648000
1554893883	18.534000
1554893941	18.641000
1554894002	18.606000
1554894061	18.557000
1554894121	18.601000
1554894181	18.794000
1554894301	89.319000
1554894370	18.582000
1554894424	18.668000
1554894481	18.602000
1554894604	18.622000
1554894661	18.583000
1554894783	18.581000
1554894841	18.548000
1554894901	18.676000
1554895023	18.587000
1554895081	18.944000
1554895143	18.490000
1554895204	69.561000
1554895268	18.736000
1554895323	18.583000
1554895381	18.647000
1554895441	18.598000
1554895501	18.608000
1554895561	18.719000
1554895683	18.623000
1554895741	18.596000
1554895801	18.594000
1554895861	18.616000
1554895922	18.611000
1554896048	18.673000
1554896101	18.614000
1554896161	18.573000
1554896286	18.669000
1554896341	18.662000
1554896402	18.584000
1554896525	18.692000
1554896581	18.589000
1554896704	18.593000
1554896761	18.597000
1554896821	18.503000
1554896881	18.685000
1554896943	18.577000
1554897005	42.237000
1554897065	18.556000
1554897124	18.664000
1554897182	18.609000
1554897241	18.599000
1554897301	18.617000
1554897361	18.609000
1554897421	18.602000
1554897481	18.467000
1554897541	18.692000
1554897666	18.615000
1554897721	18.598000
1554897781	19.409000
1554897845	18.500000
1554897902	88.475000
1554897964	18.542000
1554898023	18.561000
1554898082	18.626000
1554898143	19.009000
1554898204	18.563000
1554898264	18.640000
1554898322	18.781000
1554898382	18.706000
1554898442	18.667000
1554898503	19.035000
1554898561	18.726000
1554898683	21.284000
1554898743	18.488000
1554898802	18.553000
1554898862	18.649000
1554898923	18.540000
1554898982	18.654000
1554899105	18.538000
1554899164	18.653000
1554899222	18.521000
1554899282	18.567000
1554899342	18.771000
1554899464	18.693000
1554899522	18.635000
1554899645	18.607000
1554899702	111.266000
1554899766	18.567000
1554899825	18.619000
1554899881	18.577000
1554899942	18.657000
1554900001	18.615000
1554900124	18.545000
1554900181	18.625000
1554900303	18.677000
1554900361	18.580000
1554900421	18.587000
1554900547	18.497000
1554900604	57.744000
1554900662	18.570000
1554900722	18.655000
1554900782	18.558000
1554900904	18.677000
1554900962	18.570000
1554901084	18.600000
1554901142	18.571000
1554901201	18.575000
1554901324	18.744000
1554901381	18.729000
1554901502	104.657000
1554901569	18.563000
1554901625	18.609000
1554901682	18.505000
1554901742	18.570000
1554901801	18.645000
1554901861	18.646000
1554901921	18.553000
1554901981	18.583000
1554902042	18.698000
1554902164	18.721000
1554902223	18.660000
1554902283	20.637000
1554902405	43.823000
1554902467	18.873000
1554902524	18.604000
1554902581	18.578000
1554902641	18.620000
1554902701	18.632000
1554902761	18.495000
1554902884	18.637000
1554902942	18.584000
1554903001	18.624000
1554903123	18.543000
1554903181	18.874000
1554903243	18.663000
1554903302	85.747000
1554903369	18.496000
1554903424	18.686000
1554903482	18.676000
1554903543	18.590000
1554903603	18.541000
1554903661	18.563000
1554903722	18.531000
1554903781	18.706000
1554903841	18.770000
1554903965	18.654000
1554904021	18.599000
1554904081	18.932000
1554904203	59.135000
1554904270	19.131000
1554904324	18.627000
1554904381	18.658000
1554904441	18.617000
1554904564	18.670000
1554904621	18.765000
1554904681	18.649000
1554904804	19.033000
1554904862	18.615000
1554904984	18.754000
1554905103	18.585000
1554905161	18.642000
1554905222	18.769000
1554905281	18.598000
1554905404	18.582000
1554905461	18.580000
1554905521	18.765000
1554905581	18.749000
1554905641	18.572000
1554905764	18.741000
1554905821	18.600000
1554905882	18.943000
1554906003	60.532000
1554906070	19.045000
1554906126	18.621000
1554906182	18.631000
1554906242	18.552000
1554906301	18.642000
1554906361	18.605000
1554906483	18.730000
1554906541	18.693000
1554906664	18.601000
1554906722	18.648000
1554906781	18.683000
1554906903	55.215000
1554906971	18.848000
1554907024	18.529000
1554907081	18.703000
1554907141	18.650000
1554907209	18.720000
1554907324	18.577000
1554907381	18.562000
1554907503	18.587000
1554907561	18.573000
1554907621	18.685000
1554907746	18.607000
1554907804	68.262000
1554907870	18.701000
1554907924	18.586000
1554907981	18.601000
1554908041	18.691000
1554908101	18.617000
1554908224	18.599000
1554908282	18.711000
1554908341	18.638000
1554908401	18.524000
1554908525	18.665000
1554908582	18.741000
1554908701	105.426000
1554908771	18.501000
1554908824	18.551000
1554908882	18.638000
1554908942	18.560000
1554909002	18.639000
1554909061	18.667000
1554909121	18.704000
1554909181	18.611000
1554909241	18.764000
1554909362	18.729000
1554909423	18.653000
1554909481	18.883000
1554909601	103.148000
1554909670	18.693000
1554909724	18.811000
1554909782	18.603000
1554909843	18.793000
1554909903	18.713000
1554909961	18.614000
1554910083	19.037000
1554910141	18.683000
1554910201	18.566000
1554910325	18.643000
1554910381	18.882000
1554910501	72.208000
1554910569	18.598000
1554910623	18.650000
1554910682	18.575000
1554910741	18.545000
1554910864	18.678000
1554910922	18.563000
1554910981	18.536000
1554911041	18.754000
1554911101	18.574000
1554911224	18.669000
1554911281	18.685000
1554911344	18.510000
1554911402	79.496000
1554911466	18.641000
1554911524	18.621000
1554911581	18.616000
1554911642	18.681000
1554911765	18.490000
1554911821	18.699000
1554911881	18.727000
1554911941	18.571000
1554912064	18.639000
1554912122	18.876000
1554912181	18.704000
1554912246	18.658000
1554912303	108.653000
1554912365	19.205000
1554912423	18.644000
1554912481	18.741000
1554912604	18.533000
1554912661	19.133000
1554912722	18.688000
1554912781	18.538000
1554912841	18.675000
1554912963	18.549000
1554913021	19.370000
1554913145	18.573000
1554913202	81.695000
1554913266	19.895000
1554913325	18.648000
1554913381	18.633000
1554913441	18.607000
1554913501	18.603000
1554913562	19.301000
1554913684	18.646000
1554913741	18.648000
1554913863	18.724000
1554913921	18.503000
1554913982	18.770000
1554914104	59.371000
1554914171	18.612000
1554914224	18.626000
1554914281	18.686000
1554914403	18.648000
1554914461	18.522000
1554914584	18.561000
1554914642	18.579000
1554914701	18.721000
1554914826	18.631000
1554914883	20.718000
1554914943	18.528000
1554915002	85.341000
1554915066	19.018000
1554915125	18.636000
1554915181	18.733000
1554915241	18.603000
1554915301	18.626000
1554915423	18.843000
1554915481	18.640000
1554915602	18.634000
1554915662	18.657000
1554915721	18.950000
1554915781	19.850000
1554915843	18.574000
1554915902	61.607000
1554915970	18.603000
1554916024	18.604000
1554916082	18.700000
1554916143	18.628000
1554916206	18.691000
1554916261	18.658000
1554916321	18.607000
1554916381	18.669000
1554916441	18.612000
1554916501	18.680000
1554916561	18.667000
1554916621	18.652000
1554916746	18.549000
1554916802	30.599000
1554916864	18.725000
1554916924	18.667000
1554916981	18.670000
1554917041	18.722000
1554917102	18.624000
1554917223	18.596000
1554917281	18.505000
1554917405	18.618000
1554917462	18.688000
1554917522	18.697000
1554917582	18.860000
1554917702	92.121000
1554917766	18.617000
1554917824	18.612000
1554917881	18.664000
1554917941	18.645000
1554918001	18.702000
1554918124	18.727000
1554918182	18.698000
1554918242	18.603000
1554918302	18.898000
1554918367	18.564000
1554918422	18.674000
1554918546	18.564000
1554918602	21.410000
1554918664	18.733000
1554918724	18.543000
1554918782	18.642000
1554918842	20.168000
1554918902	18.669000
1554918961	18.681000
1554919021	18.610000
1554919081	18.720000
1554919204	18.583000
1554919261	18.712000
1554919322	18.670000
1554919446	18.623000
1554919502	62.025000
1554919568	18.628000
1554919625	18.623000
1554919682	18.542000
1554919803	18.600000
1554919861	18.647000
1554919921	18.703000
1554920044	18.616000
1554920102	18.608000
1554920161	18.673000
1554920222	18.642000
1554920281	18.904000
1554920343	18.536000
1554920403	62.897000
1554920465	18.573000
1554920523	18.636000
1554920582	18.540000
1554920705	18.610000
1554920769	18.609000
1554920884	18.586000
1554920941	18.754000
1554921001	18.829000
1554921061	18.846000
1554921184	20.924000
1554921243	18.531000
1554921304	55.689000
1554921364	18.660000
1554921424	18.672000
1554921482	18.666000
1554921542	18.734000
1554921602	18.654000
1554921662	18.571000
1554921722	18.640000
1554921782	18.704000
1554921842	19.568000
1554921902	18.662000
1554921963	18.636000
1554922022	18.624000
1554922146	18.508000
1554922202	18.632000
1554922262	18.807000
1554922326	18.622000
1554922382	18.579000
1554922441	18.661000
1554922502	18.602000
1554922624	18.661000
1554922681	18.664000
1554922741	18.630000
1554922864	18.527000
1554922922	18.681000
1554922982	19.050000
1554923102	77.179000
1554923163	18.977000
1554923223	18.685000
1554923282	18.610000
1554923341	18.701000
1554923402	18.672000
1554923524	18.674000
1554923582	18.767000
1554923643	18.582000
1554923703	19.374000
1554923765	18.608000
1554923827	18.803000
1554923953	18.665000
1554924010	18.595000
1554924069	18.664000
1554924129	18.597000
1554924188	18.634000
1554924252	18.623000
1554924310	18.712000
1554924438	18.600000
1554924494	18.637000
1554924615	18.736000
1554924671	18.656000
1554924732	18.636000
1554924789	18.747000
1554924911	18.639000
1554925032	18.586000
1554925088	18.630000
1554925149	18.636000
1554925210	18.692000
1554925271	18.740000
1554925331	18.639000
1554925453	18.613000
1554925509	18.720000
1554925629	18.617000
1554925687	20.406000
1554925749	18.585000
1554925808	18.741000
1554925869	18.660000
1554925928	18.647000
1554925989	18.658000
1554926044	19.480000
1554926103	18.626000
1554926164	18.680000
1554926222	18.614000
1554926283	18.579000
1554926404	18.569000
1554926462	18.588000
1554926584	20.252000
1554926643	18.526000
1554926702	51.136000
1554926763	18.872000
1554926825	18.667000
1554926881	18.699000
1554926943	18.700000
1554927065	18.605000
1554927122	18.641000
1554927244	18.610000
1554927302	18.710000
1554927424	18.736000
1554927481	19.909000
1554927602	94.615000
1554927665	18.641000
1554927723	18.724000
1554927781	18.706000
1554927841	19.465000
1554927964	18.678000
1554928022	18.848000
1554928082	18.648000
1554928142	18.638000
1554928265	18.704000
1554928323	18.675000
1554928383	18.994000
1554928502	79.563000
1554928571	19.074000
1554928624	18.633000
1554928681	18.665000
1554928804	18.743000
1554928862	18.648000
1554928922	18.612000
1554928981	18.686000
1554929042	18.740000
1554929163	18.625000
1554929221	19.514000
1554929347	18.571000
1554929405	51.684000
1554929469	18.680000
1554929522	18.545000
1554929581	18.619000
1554929705	18.606000
1554929762	18.561000
1554929821	18.727000
1554929881	18.781000
1554930004	18.649000
1554930062	18.991000
1554930122	18.710000
1554930181	19.699000
1554930301	70.017000
1554930369	18.618000
1554930424	18.632000
1554930482	18.620000
1554930542	18.614000
1554930602	18.569000
1554930724	18.684000
1554930782	18.707000
1554930841	18.604000
1554930901	18.545000
1554931024	18.574000
1554931082	19.892000
1554931203	60.506000
1554931269	19.270000
1554931325	18.609000
1554931382	18.948000
1554931504	18.559000
1554931562	18.801000
1554931621	18.697000
1554931683	18.684000
1554931803	18.589000
1554931861	18.560000
1554931985	20.423000
1554932044	18.611000
1554932101	105.469000
1554932171	18.686000
1554932223	18.608000
1554932281	18.694000
1554932342	18.605000
1554932464	18.580000
1554932522	18.576000
1554932582	18.541000
1554932704	18.666000
1554932762	18.567000
1554932822	18.576000
1554932946	18.501000
1554933002	75.187000
1554933067	19.007000
1554933125	18.724000
1554933182	18.675000
1554933241	18.575000
1554933301	49.596000
1554933424	18.648000
1554933482	18.580000
1554933541	18.506000
1554933601	18.514000
1554933662	18.614000
1554933722	18.595000
1554933782	18.767000
1554933845	18.451000
1554933902	86.458000
1554933967	18.605000
1554934027	18.618000
1554934082	18.865000
1554934143	18.611000
1554934203	18.714000
1554934324	18.615000
1554934382	19.097000
1554934442	18.591000
1554934501	18.586000
1554934562	18.655000
1554934684	18.833000
1554934744	18.494000
1554934803	61.397000
1554934870	18.585000
1554934924	18.599000
1554934981	18.659000
1554935104	18.594000
1554935162	18.555000
1554935222	18.651000
1554935283	18.717000
1554935343	18.588000
1554935401	18.554000
1554935461	18.642000
1554935522	18.626000
1554935646	18.587000
1554935702	67.533000
1554935767	19.311000
1554935824	18.524000
1554935882	18.648000
1554935942	18.556000
1554936063	18.652000
1554936121	18.645000
1554936245	18.545000
1554936302	19.399000
1554936426	18.565000
1554936482	20.813000
1554936543	18.464000
1554936604	39.295000
1554936669	18.698000
1554936723	18.639000
1554936782	18.591000
1554936842	18.577000
1554936902	18.528000
1554936962	18.507000
1554937021	19.744000
1554937081	18.664000
1554937204	18.625000
1554937262	18.554000
1554937322	18.657000
1554937382	18.885000
1554937502	73.675000
1554937571	18.609000
1554937626	18.549000
1554937683	18.740000
1554937741	18.729000
1554937802	18.639000
1554937924	18.843000
1554937982	18.665000
1554938042	18.640000
1554938102	18.484000
1554938162	18.511000
1554938222	18.602000
1554938282	18.884000
1554938343	18.652000
1554938404	56.386000
1554938464	18.630000
1554938523	18.572000
1554938582	18.584000
1554938641	18.636000
1554938701	18.693000
1554938763	18.701000
1554938884	18.625000
1554938942	18.600000
1554939001	18.669000
1554939061	18.594000
1554939184	19.201000
1554939244	18.410000
1554939303	62.055000
1554939371	18.903000
1554939425	18.598000
1554939483	18.559000
1554939604	18.662000
1554939662	19.052000
1554939722	19.876000
1554939781	18.559000
1554939841	18.631000
1554939964	18.616000
1554940023	18.589000
1554940146	18.507000
1554940203	62.818000
1554940267	18.666000
1554940324	18.618000
1554940382	18.669000
1554940442	18.607000
1554940502	18.686000
1554940562	18.528000
1554940622	18.606000
1554940744	18.524000
1554940802	18.568000
1554940862	18.714000
1554940922	18.696000
1554940982	20.259000
1554941044	18.434000
1554941104	43.939000
1554941165	18.578000
1554941224	18.651000
1554941282	21.572000
1554941342	20.346000
1554941402	18.678000
1554941462	18.594000
1554941521	18.555000
1554941644	18.567000
1554941702	18.610000
1554941762	18.531000
1554941822	18.623000
1554941881	18.744000
1554941945	18.479000
1554942002	85.210000
1554942066	18.500000
1554942125	18.545000
1554942182	18.606000
1554942242	18.619000
1554942364	18.581000
1554942427	18.870000
1554942482	18.543000
1554942604	18.644000
1554942662	18.575000
1554942721	18.616000
1554942846	18.542000
1554942906	41.095000
1554942971	18.642000
1554943027	18.497000
1554943082	20.973000
1554943141	18.629000
1554943202	18.575000
1554943324	18.642000
1554943381	18.665000
1554943442	18.580000
1554943564	18.567000
1554943621	18.653000
1554943682	18.943000
1554943802	71.195000
1554943866	18.866000
1554943923	18.619000
1554943982	18.670000
1554944104	34.786000
1554944162	18.864000
1554944222	18.710000
1554944345	18.607000
1554944402	18.633000
1554944461	18.626000
1554944522	18.615000
1554944582	18.691000
1554944703	76.172000
1554944764	18.793000
1554944826	18.537000
1554944881	18.637000
1554944941	18.505000
1554945064	18.562000
1554945122	18.641000
1554945182	18.643000
1554945242	18.593000
1554945302	18.497000
1554945424	18.852000
1554945482	19.900000
1554945543	18.569000
1554945602	97.794000
1554945671	18.454000
1554945724	18.584000
1554945782	18.606000
1554945842	18.670000
1554945902	18.643000
1554945962	18.521000
1554946084	18.586000
1554946141	18.694000
1554946201	18.568000
1554946328	18.581000
1554946382	18.755000
1554946443	18.497000
1554946502	58.344000
1554946571	18.612000
1554946624	18.579000
1554946682	19.261000
1554946805	18.513000
1554946862	18.528000
1554946922	18.675000
1554946982	18.643000
1554947105	18.649000
1554947162	18.523000
1554947222	18.635000
1554947282	20.152000
1554947344	18.543000
1554947406	43.749000
1554947473	18.550000
1554947525	18.563000
1554947582	18.530000
1554947642	18.661000
1554947701	24.675000
1554947824	18.642000
1554947881	18.621000
1554948004	18.522000
1554948062	18.551000
1554948122	18.623000
1554948182	18.604000
1554948243	18.484000
1554948305	36.740000
1554948370	18.557000
1554948425	18.524000
1554948481	18.643000
1554948542	18.590000
1554948665	18.551000
1554948722	18.625000
1554948782	18.597000
1554948842	18.548000
1554948902	18.521000
1554949024	18.560000
1554949082	18.678000
1554949144	19.343000
1554949202	77.834000
1554949265	18.680000
1554949325	18.555000
1554949382	18.523000
1554949442	18.507000
1554949502	18.660000
1554949562	18.566000
1554949621	18.622000
1554949683	18.532000
1554949804	18.656000
1554949862	18.598000
1554949922	20.038000
1554949982	19.121000
1554950043	18.573000
1554950103	59.428000
1554950169	18.521000
1554950225	18.519000
1554950282	18.576000
1554950404	18.659000
1554950462	18.600000
1554950521	18.595000
1554950644	18.622000
1554950702	18.641000
1554950762	18.672000
1554950821	18.588000
1554950946	18.516000
1554951003	100.873000
1554951069	18.645000
1554951126	18.735000
1554951182	18.650000
1554951242	19.340000
1554951302	30.481000
1554951424	18.579000
1554951481	20.529000
1554951602	18.560000
1554951662	18.608000
1554951721	18.686000
1554951782	18.933000
1554951902	102.025000
1554951971	18.669000
1554952022	18.538000
1554952081	18.620000
1554952142	18.582000
1554952264	18.589000
1554952322	18.558000
1554952382	18.552000
1554952442	18.521000
1554952502	18.619000
1554952624	18.532000
1554952682	19.422000
1554952744	18.513000
1554952804	56.134000
1554952870	18.580000
1554952924	18.620000
1554952982	18.602000
1554953042	18.553000
1554953102	18.610000
1554953225	18.603000
1554953282	18.499000
1554953342	18.493000
1554953402	18.556000
1554953527	18.578000
1554953582	18.850000
1554953645	18.464000
1554953702	105.978000
1554953771	18.726000
1554953824	18.561000
1554953882	18.648000
1554953942	19.471000
1554954002	18.554000
1554954062	19.193000
1554954185	18.743000
1554954242	18.553000
1554954302	18.625000
1554954362	18.609000
1554954422	18.644000
1554954482	18.950000
1554954543	18.565000
1554954603	70.688000
1554954671	18.650000
1554954724	18.671000
1554954782	18.625000
1554954843	18.612000
1554954965	18.590000
1554955022	18.566000
1554955082	18.571000
1554955142	18.557000
1554955201	18.629000
1554955261	18.525000
1554955384	19.575000
1554955443	18.542000
1554955503	96.526000
1554955570	19.011000
1554955623	18.609000
1554955682	18.601000
1554955804	18.617000
1554955862	18.675000
1554955985	18.626000
1554956043	18.611000
1554956103	18.608000
1554956224	18.535000
1554956282	19.980000
1554956402	77.820000
1554956470	18.666000
1554956525	18.587000
1554956582	18.590000
1554956704	18.585000
1554956762	18.753000
1554956822	18.671000
1554956881	19.250000
1554956942	18.613000
1554957064	18.551000
1554957122	18.511000
1554957182	20.181000
1554957305	27.364000
1554957365	18.491000
1554957426	18.575000
1554957483	18.611000
1554957604	18.560000
1554957662	18.586000
1554957722	18.602000
1554957845	18.591000
1554957902	18.520000
1554957962	18.535000
1554958022	18.485000
1554958082	20.792000
1554958202	74.867000
1554958267	18.597000
1554958324	18.625000
1554958382	18.552000
1554958504	18.547000
1554958563	18.610000
1554958622	18.589000
1554958753	18.656000
1554958811	18.649000
1554958926	18.623000
1554958982	18.709000
1554959044	18.512000
1554959103	101.537000
1554959171	18.916000
1554959225	18.604000
1554959282	18.515000
1554959342	18.600000
1554959402	18.535000
1554959524	18.624000
1554959582	18.532000
1554959641	18.557000
1554959702	18.656000
1554959762	18.604000
1554959884	18.843000
1554959943	18.622000
1554960004	67.787000
1554960067	19.642000
1554960126	18.515000
1554960183	18.647000
1554960242	18.530000
1554960364	18.608000
1554960422	18.630000
1554960481	18.782000
1554960604	18.642000
1554960662	18.631000
1554960722	18.634000
1554960846	18.562000
1554960904	58.520000
1554960971	18.618000
1554961024	18.527000
1554961082	18.571000
1554961142	18.522000
1554961202	18.640000
1554961262	18.559000
1554961386	18.552000
1554961442	18.507000
1554961502	18.498000
1554961561	18.601000
1554961684	18.814000
1554961803	84.330000
1554961872	18.504000
1554961925	18.535000
1554961983	18.533000
1554962042	18.683000
1554962102	21.061000
1554962161	18.589000
1554962222	18.548000
1554962282	18.591000
1554962342	18.575000
1554962402	18.550000
1554962462	18.638000
1554962587	18.836000
1554962645	18.431000
1554962703	86.188000
1554962770	18.577000
1554962823	18.566000
1554962882	18.628000
1554962942	18.594000
1554963002	18.599000
1554963124	18.489000
1554963182	18.529000
1554963242	18.497000
1554963302	18.653000
1554963425	18.530000
1554963483	18.839000
1554963544	18.448000
1554963602	79.842000
1554963668	18.536000
1554963725	18.599000
1554963783	18.537000
1554963844	18.588000
1554963903	18.653000
1554964024	18.576000
1554964082	18.628000
1554964142	18.528000
1554964265	18.622000
1554964322	18.592000
1554964382	20.197000
1554964444	18.495000
1554964502	80.638000
1554964571	18.615000
1554964626	18.526000
1554964682	18.639000
1554964745	18.820000
1554964866	18.553000
1554964923	18.586000
1554964982	18.651000
1554965042	18.526000
1554965102	18.582000
1554965162	18.531000
1554965284	19.193000
1554965344	18.618000
1554965402	86.352000
1554965471	18.576000
1554965525	18.607000
1554965582	18.755000
1554965704	20.263000
1554965762	18.626000
1554965822	18.606000
1554965944	18.489000
1554966002	18.598000
1554966062	18.671000
1554966122	18.594000
1554966246	18.496000
1554966304	89.696000
1554966374	18.654000
1554966426	18.607000
1554966482	18.562000
1554966542	18.525000
1554966602	18.620000
1554966662	18.701000
1554966784	18.675000
1554966842	18.505000
1554966902	18.658000
1554966962	18.618000
