time ms
1554759077	32.401000
1554759138	49.380000
1554759197	32.363000
1554759257	32.041000
1554759317	31.833000
1554759377	32.206000
1554759437	31.952000
1554759559	34.341000
1554759618	32.228000
1554759677	32.214000
1554759737	31.973000
1554759797	31.815000
1554759857	32.097000
1554759931	119.583000
1554759978	32.064000
1554760038	51.002000
1554760098	32.011000
1554760157	31.910000
1554760278	32.201000
1554760337	32.067000
1554760458	32.162000
1554760517	31.893000
1554760577	32.131000
1554760637	31.939000
1554760758	31.978000
1554760819	100.803000
1554760877	32.302000
1554760940	41.309000
1554760998	31.910000
1554761057	32.131000
1554761117	32.613000
1554761177	32.020000
1554761298	32.581000
1554761357	31.915000
1554761478	31.951000
1554761537	31.932000
1554761597	32.161000
1554761657	32.186000
1554761718	32.396000
1554761777	32.595000
1554761838	54.810000
1554761898	31.816000
1554761958	32.272000
1554762017	31.977000
1554762077	32.185000
1554762137	32.286000
1554762197	32.160000
1554762257	32.242000
1554762317	31.885000
1554762438	31.877000
1554762497	32.280000
1554762557	31.908000
1554762678	31.975000
1554762739	32.293000
1554762797	32.046000
1554762857	31.808000
1554762917	32.287000
1554763038	32.110000
1554763097	32.267000
1554763218	32.252000
1554763277	31.820000
1554763337	32.017000
1554763458	31.986000
1554763518	32.684000
1554763578	32.081000
1554763638	54.353000
1554763697	32.191000
1554763757	31.947000
1554763817	31.951000
1554763877	31.976000
1554763999	32.307000
1554764058	32.046000
1554764117	32.063000
1554764177	32.098000
1554764237	32.065000
1554764297	32.208000
1554764420	62.941000
1554764478	32.107000
1554764541	38.629000
1554764597	31.879000
1554764657	31.856000
1554764717	32.253000
1554764777	32.051000
1554764837	32.038000
1554764958	31.814000
1554765017	32.171000
1554765077	31.966000
1554765137	32.154000
1554765258	32.018000
1554765318	32.386000
1554765377	31.860000
1554765438	39.587000
1554765497	31.971000
1554765557	32.178000
1554765617	31.859000
1554765677	32.289000
1554765737	31.865000
1554765797	31.949000
1554765918	31.856000
1554765977	31.881000
1554766037	32.045000
1554766097	31.989000
1554766220	32.203000
1554766277	32.280000
1554766338	51.487000
1554766397	32.110000
1554766457	31.926000
1554766517	31.887000
1554766577	32.178000
1554766637	31.903000
1554766696	32.256000
1554766818	31.816000
1554766877	32.166000
1554766937	32.013000
1554766997	31.914000
1554767057	31.854000
1554767177	31.953000
1554767238	46.790000
1554767298	32.037000
1554767357	31.927000
1554767417	31.936000
1554767539	32.026000
1554767598	31.945000
1554767657	32.102000
1554767717	31.912000
1554767777	31.921000
1554767899	32.146000
1554767958	32.094000
1554768019	58.118000
1554768078	32.107000
1554768140	41.185000
1554768197	32.057000
1554768257	32.363000
1554768317	31.894000
1554768377	32.028000
1554768499	32.174000
1554768557	31.951000
1554768617	32.360000
1554768677	31.926000
1554768737	32.096000
1554768797	31.771000
1554768857	32.172000
1554768977	32.109000
1554769039	41.158000
1554769098	32.131000
1554769157	32.012000
1554769217	32.295000
1554769277	31.895000
1554769398	31.950000
1554769457	31.905000
1554769517	32.116000
1554769577	31.980000
1554769698	31.897000
1554769757	31.886000
1554769877	32.205000
1554769939	43.290000
1554769998	31.860000
1554770058	31.878000
1554770117	32.136000
1554770177	32.006000
1554770237	32.336000
1554770358	32.037000
1554770417	32.144000
1554770538	31.915000
1554770597	32.263000
1554770657	32.141000
1554770720	31.965000
1554770777	31.975000
1554770840	51.941000
1554770897	31.848000
1554770957	31.910000
1554771078	31.844000
1554771137	32.080000
1554771258	31.926000
1554771317	31.991000
1554771377	31.821000
1554771437	32.263000
1554771559	32.034000
1554771619	58.362000
1554771678	32.061000
1554771740	51.416000
1554771797	31.942000
1554771857	31.863000
1554771917	31.954000
1554771977	32.314000
1554772037	31.993000
1554772097	32.391000
1554772157	31.928000
1554772217	32.532000
1554772277	31.796000
1554772337	32.163000
1554772458	31.930000
1554772518	32.292000
1554772578	31.874000
1554772639	39.979000
1554772698	32.321000
1554772757	32.189000
1554772817	32.028000
1554772877	32.165000
1554772998	32.044000
1554773057	32.086000
1554773178	32.258000
1554773237	31.945000
1554773297	31.976000
1554773357	31.870000
1554773420	31.986000
1554773478	31.818000
1554773540	39.008000
1554773597	32.065000
1554773657	31.771000
1554773717	31.787000
1554773838	32.043000
1554773897	32.104000
1554773958	31.970000
1554774017	31.847000
1554774077	31.807000
1554774198	32.127000
1554774257	32.004000
1554774377	31.978000
1554774437	118.420000
1554774497	32.533000
1554774556	31.913000
1554774617	32.280000
1554774677	32.015000
1554774737	31.986000
1554774797	32.003000
1554774919	32.295000
1554774977	31.807000
1554775037	32.015000
1554775097	31.943000
1554775157	32.055000
1554775218	36.214000
1554775277	31.880000
1554775339	44.592000
1554775397	31.715000
1554775457	32.327000
1554775517	31.952000
1554775577	32.028000
1554775637	32.000000
1554775697	32.181000
1554775818	32.323000
1554775877	31.978000
1554775937	32.013000
1554776058	32.191000
1554776177	31.883000
1554776298	31.894000
1554776357	32.269000
1554776417	31.892000
1554776538	32.150000
1554776597	31.836000
1554776717	32.243000
1554776777	32.002000
1554776837	32.016000
1554776897	32.142000
1554777020	32.291000
1554777077	31.789000
1554777138	47.171000
1554777197	31.858000
1554777257	32.042000
1554777378	31.886000
1554777437	32.083000
1554777497	31.899000
1554777618	32.242000
1554777677	32.064000
1554777737	31.800000
1554777797	32.450000
1554777858	32.063000
1554777977	31.894000
1554778038	38.934000
1554778097	32.137000
1554778167	32.130000
1554778217	32.210000
1554778277	31.869000
1554778399	32.234000
1554778457	32.230000
1554778517	32.214000
1554778577	32.148000
1554778699	32.039000
1554778758	31.881000
1554778819	65.196000
1554778878	31.928000
1554778940	37.041000
1554778998	31.977000
1554779058	32.571000
1554779117	31.960000
1554779177	32.307000
1554779238	31.941000
1554779297	32.120000
1554779419	32.111000
1554779478	32.198000
1554779537	31.997000
1554779658	31.843000
1554779718	32.422000
1554779777	32.304000
1554779839	55.304000
1554779898	32.057000
1554779957	31.881000
1554780078	32.243000
1554780137	32.001000
1554780197	32.361000
1554780257	31.894000
1554780317	32.343000
1554780377	31.815000
1554780437	32.267000
1554780558	32.133000
1554780677	31.763000
1554780737	32.203000
1554780797	32.118000
1554780918	32.095000
1554780977	31.920000
1554781037	32.468000
1554781097	31.937000
1554781218	32.179000
1554781278	32.340000
1554781337	31.919000
1554781397	31.948000
1554781457	32.189000
1554781518	32.210000
1554781577	31.905000
1554781639	52.383000
1554781697	32.024000
1554781758	32.086000
1554781817	31.931000
1554781877	32.311000
1554781937	31.991000
1554781997	31.839000
1554782057	31.835000
1554782179	32.340000
1554782239	31.852000
1554782298	32.168000
1554782357	32.104000
1554782477	32.217000
1554782539	41.990000
1554782597	32.516000
1554782657	31.862000
1554782778	32.126000
1554782837	31.947000
1554782897	32.201000
1554782957	32.095000
1554783017	32.246000
1554783139	32.264000
1554783198	32.230000
1554783257	31.827000
1554783377	32.283000
1554783439	41.277000
1554783497	32.025000
1554783557	31.929000
1554783617	32.222000
1554783677	32.089000
1554783798	31.915000
1554783857	32.142000
1554783978	31.787000
1554784037	32.112000
1554784158	32.505000
1554784219	32.164000
1554784277	31.943000
1554784339	35.393000
1554784401	32.351000
1554784457	32.264000
1554784517	31.978000
1554784638	31.952000
1554784697	32.104000
1554784757	32.037000
1554784817	32.125000
1554784877	31.936000
1554784937	31.951000
1554784997	32.204000
1554785057	32.220000
1554785178	32.244000
1554785240	32.132000
1554785298	32.541000
1554785357	32.233000
1554785417	31.837000
1554785539	31.960000
1554785598	32.116000
1554785657	32.118000
1554785717	31.903000
1554785777	32.294000
1554785837	31.914000
1554785958	31.921000
1554786019	55.786000
1554786077	31.895000
1554786139	50.887000
1554786198	32.169000
1554786257	32.138000
1554786317	31.881000
1554786438	32.289000
1554786497	31.833000
1554786618	32.176000
1554786677	32.150000
1554786737	32.406000
1554786797	31.989000
1554786857	31.873000
1554786978	31.818000
1554787039	52.808000
1554787097	31.871000
1554787157	31.999000
1554787217	31.794000
1554787338	32.128000
1554787397	32.128000
1554787457	32.169000
1554787517	32.199000
1554787638	32.041000
1554787697	32.294000
1554787757	32.059000
1554787819	32.170000
1554787877	31.981000
1554787938	44.163000
1554787998	32.407000
1554788057	32.016000
1554788177	32.013000
1554788237	31.873000
1554788297	32.577000
1554788418	32.199000
1554788482	32.054000
1554788537	32.226000
1554788597	32.156000
1554788657	31.903000
1554788718	32.179000
1554788777	31.885000
1554788898	31.889000
1554788958	31.892000
1554789018	32.011000
1554789077	32.091000
1554789137	32.153000
1554789258	32.204000
1554789317	32.056000
1554789377	31.910000
1554789437	32.176000
1554789558	31.956000
1554789677	31.973000
1554789737	31.966000
1554789797	34.332000
1554789858	32.017000
1554789917	31.802000
1554789977	31.933000
1554790037	31.792000
1554790158	32.031000
1554790216	32.040000
1554790277	31.926000
1554790337	32.173000
1554790397	31.986000
1554790457	31.748000
1554790518	32.311000
1554790577	32.046000
1554790638	55.095000
1554790698	32.334000
1554790757	31.946000
1554790817	31.861000
1554790938	32.006000
1554790997	31.916000
1554791057	32.441000
1554791117	31.873000
1554791177	31.917000
1554791238	32.316000
1554791297	31.747000
1554791357	32.228000
1554791477	32.119000
1554791538	44.244000
1554791597	32.479000
1554791657	32.192000
1554791778	32.128000
1554791898	32.277000
1554791957	31.860000
1554792017	31.869000
1554792077	32.282000
1554792198	31.932000
1554792257	31.949000
1554792377	31.839000
1554792440	31.988000
1554792498	31.802000
1554792557	31.861000
1554792617	32.115000
1554792738	32.313000
1554792797	32.132000
1554792918	32.084000
1554792977	32.005000
1554793098	32.253000
1554793157	32.004000
1554793277	32.265000
1554793341	36.865000
1554793398	31.922000
1554793457	32.019000
1554793517	31.970000
1554793638	32.202000
1554793697	31.932000
1554793757	32.254000
1554793879	32.110000
1554793938	32.170000
1554793998	32.127000
1554794057	31.899000
1554794177	32.269000
1554794239	34.531000
1554794297	32.336000
1554794358	31.896000
1554794417	32.074000
1554794538	31.876000
1554794598	31.920000
1554794657	31.875000
1554794778	31.910000
1554794837	32.187000
1554794897	32.171000
1554794957	33.238000
1554795077	31.794000
1554795139	32.127000
1554795197	32.135000
1554795258	32.212000
1554795317	31.959000
1554795377	32.041000
1554795498	31.995000
1554795557	32.282000
1554795617	32.196000
1554795738	32.043000
1554795797	31.895000
1554795920	32.216000
1554795977	31.861000
1554796039	45.060000
1554796098	32.158000
1554796157	32.264000
1554796217	31.975000
1554796277	32.041000
1554796398	32.061000
1554796457	31.988000
1554796517	32.006000
1554796577	31.927000
1554796699	31.866000
1554796758	31.972000
1554796818	83.194000
1554796878	32.130000
1554796938	44.652000
1554796997	32.333000
1554797057	31.910000
1554797117	31.865000
1554797177	31.854000
1554797237	31.821000
1554797297	31.874000
1554797419	31.943000
1554797478	31.894000
1554797537	32.071000
1554797597	31.959000
1554797657	31.852000
1554797718	32.480000
1554797777	31.879000
1554797838	39.931000
1554797897	31.955000
1554797957	31.859000
1554798017	31.910000
1554798077	32.396000
1554798198	31.841000
1554798257	31.900000
1554798317	31.919000
1554798438	32.121000
1554798497	31.856000
1554798557	32.023000
1554798618	32.209000
1554798678	32.054000
1554798738	53.973000
1554798798	31.981000
1554798857	32.177000
1554798917	32.117000
1554798977	32.209000
1554799037	31.968000
1554799097	31.906000
1554799157	32.533000
1554799217	32.623000
1554799339	32.323000
1554799397	31.959000
1554799457	31.816000
1554799577	32.120000
1554799640	38.391000
1554799697	32.330000
1554799757	32.355000
1554799817	32.046000
1554799877	31.833000
1554799998	36.139000
1554800058	31.915000
1554800117	32.362000
1554800177	32.090000
1554800237	31.778000
1554800297	32.168000
1554800357	32.039000
1554800478	31.910000
1554800540	38.039000
1554800597	32.381000
1554800657	31.797000
1554800778	31.906000
1554800837	32.069000
1554800897	31.840000
1554801018	32.362000
1554801077	31.935000
1554801137	31.871000
1554801197	31.941000
1554801257	32.035000
1554801318	31.970000
1554801378	31.822000
1554801438	52.353000
1554801498	35.745000
1554801557	31.867000
1554801617	31.761000
1554801677	31.858000
1554801798	31.894000
1554801857	31.925000
1554801917	31.928000
1554801977	31.800000
1554802037	31.986000
1554802158	31.932000
1554802219	32.374000
1554802277	31.892000
1554802339	34.457000
1554802397	32.100000
1554802457	32.020000
1554802521	32.227000
1554802638	32.180000
1554802697	32.041000
1554802757	31.866000
1554802817	31.853000
1554802877	31.815000
1554802937	31.926000
1554803058	32.138000
1554803119	32.731000
1554803178	31.944000
1554803239	44.416000
1554803297	31.982000
1554803357	33.735000
1554803417	31.836000
1554803538	31.903000
1554803597	31.959000
1554803718	31.976000
1554803777	32.045000
1554803837	31.846000
1554803958	31.994000
1554804019	129.291000
1554804078	31.893000
1554804139	31.802000
1554804197	32.334000
1554804257	32.136000
1554804317	31.947000
1554804438	32.170000
1554804497	31.883000
1554804618	32.064000
1554804677	31.756000
1554804737	32.023000
1554804858	31.877000
1554804977	32.032000
1554805037	31.954000
1554805097	31.959000
1554805218	32.424000
1554805277	31.974000
1554805337	32.076000
1554805397	32.076000
1554805457	31.869000
1554805517	32.129000
1554805577	32.239000
1554805637	32.349000
1554805697	32.117000
1554805757	32.336000
1554805878	31.967000
1554805940	35.979000
1554805998	32.316000
1554806057	31.973000
1554806178	32.293000
1554806237	32.075000
1554806297	32.364000
1554806357	32.036000
1554806417	31.810000
1554806538	31.915000
1554806597	32.335000
1554806720	31.913000
1554806777	32.125000
1554806838	51.490000
1554806898	32.081000
1554806957	32.042000
1554807017	32.269000
1554807077	32.678000
1554807137	31.846000
1554807260	31.879000
1554807317	32.354000
1554807377	32.076000
1554807437	31.932000
1554807558	32.148000
1554807618	45.593000
1554807677	32.128000
1554807740	40.888000
1554807797	31.839000
1554807857	32.239000
1554807917	31.935000
1554808038	31.936000
1554808097	32.305000
1554808218	31.893000
1554808277	32.205000
1554808337	31.983000
1554808397	32.309000
1554808457	32.190000
1554808519	31.928000
1554808577	31.914000
1554808638	35.173000
1554808697	31.927000
1554808757	31.970000
1554808817	31.815000
1554808938	31.927000
1554808997	31.951000
1554809060	31.932000
1554809178	32.038000
1554809237	31.944000
1554809358	32.336000
1554809418	32.898000
1554809477	32.142000
1554809538	53.031000
1554809597	31.901000
1554809657	31.953000
1554809778	32.077000
1554809837	31.859000
1554809897	32.009000
1554810019	31.776000
1554810077	32.083000
1554810137	31.850000
1554810197	31.912000
1554810320	32.181000
1554810377	31.916000
1554810439	41.326000
1554810497	32.588000
1554810557	32.279000
1554810679	32.033000
1554810738	31.854000
1554810797	31.890000
1554810857	31.972000
1554810917	31.942000
1554810977	32.033000
1554811110	32.083000
1554811157	32.072000
1554811277	31.958000
1554811340	32.159000
1554811397	31.884000
1554811457	32.380000
1554811517	32.006000
1554811577	31.939000
1554811637	32.055000
1554811697	32.073000
1554811818	32.079000
1554811877	34.953000
1554811937	32.116000
1554811997	31.836000
1554812120	32.140000
1554812177	32.171000
1554812239	55.922000
1554812297	31.854000
1554812357	32.172000
1554812417	31.986000
1554812477	32.078000
1554812599	31.890000
1554812657	32.243000
1554812717	31.976000
1554812839	32.117000
1554812898	31.837000
1554812957	32.128000
1554813077	32.212000
1554813138	52.150000
1554813197	31.869000
1554813257	32.156000
1554813379	50.709000
1554813437	31.914000
1554813497	31.915000
1554813619	32.404000
1554813677	32.248000
1554813737	32.014000
1554813859	32.429000
1554813919	32.117000
1554813978	32.103000
1554814040	32.276000
1554814097	31.991000
1554814157	32.251000
1554814278	31.807000
1554814337	32.219000
1554814458	32.168000
1554814517	31.820000
1554814577	31.878000
1554814637	32.273000
1554814697	31.877000
1554814820	55.635000
1554814877	31.991000
1554814940	37.171000
1554814997	31.899000
1554815058	32.392000
1554815117	32.144000
1554815238	32.266000
1554815297	34.825000
1554815357	32.008000
1554815417	32.163000
1554815477	31.817000
1554815537	32.193000
1554815659	31.935000
1554815719	32.750000
1554815778	32.277000
1554815841	40.822000
1554815898	31.926000
1554815958	31.843000
1554816017	32.114000
1554816077	31.983000
1554816137	31.897000
1554816197	35.016000
1554816318	32.118000
1554816377	32.198000
1554816437	32.202000
1554816497	32.310000
1554816620	32.373000
1554816677	31.867000
1554816739	51.546000
1554816797	31.805000
1554816858	32.377000
1554816917	31.910000
1554817038	32.061000
1554817097	31.984000
1554817157	31.979000
1554817217	32.207000
1554817339	32.104000
1554817397	31.830000
1554817457	31.907000
1554817519	32.816000
1554817577	31.972000
1554817641	43.297000
1554817698	32.652000
1554817757	31.861000
1554817817	32.403000
1554817877	31.967000
1554817937	32.073000
1554817997	31.937000
1554818118	32.418000
1554818177	31.779000
1554818237	32.020000
1554818359	31.799000
1554818419	85.765000
1554818478	32.275000
1554818541	44.827000
1554818597	32.062000
1554818657	31.947000
1554818717	32.055000
1554818777	31.882000
1554818900	32.266000
1554818958	32.042000
1554819017	32.100000
1554819077	32.204000
1554819137	31.910000
1554819197	32.014000
1554819257	31.877000
1554819377	32.293000
1554819439	41.815000
1554819497	32.024000
1554819557	32.100000
1554819617	32.036000
1554819677	31.906000
1554819737	32.045000
1554819797	32.017000
1554819857	31.943000
1554819979	32.103000
1554820037	31.922000
1554820097	32.313000
1554820157	31.973000
1554820218	33.273000
1554820277	31.851000
1554820339	56.546000
1554820398	32.276000
1554820457	31.877000
1554820518	32.275000
1554820577	31.980000
1554820637	32.141000
1554820758	32.176000
1554820817	31.947000
1554820877	32.097000
1554820937	32.179000
1554821059	32.245000
1554821119	32.051000
1554821177	32.206000
1554821239	49.387000
1554821297	31.940000
1554821357	31.931000
1554821417	32.473000
1554821477	31.950000
1554821598	32.162000
1554821658	31.852000
1554821717	32.158000
1554821777	32.074000
1554821837	32.349000
1554821897	32.055000
1554821957	32.178000
1554822018	51.399000
1554822077	32.169000
1554822138	48.723000
1554822198	32.232000
1554822257	31.983000
1554822317	31.948000
1554822438	32.196000
1554822497	32.007000
1554822557	32.356000
1554822678	31.907000
1554822737	32.209000
1554822797	31.938000
1554822857	32.147000
1554822919	31.947000
1554822977	31.830000
1554823039	43.659000
1554823097	32.052000
1554823157	31.848000
1554823277	31.956000
1554823337	32.052000
1554823397	32.011000
1554823457	31.913000
1554823517	32.129000
1554823638	32.028000
1554823697	31.995000
1554823757	32.280000
1554823819	32.095000
1554823878	33.169000
1554823939	44.730000
1554823998	31.862000
1554824057	32.132000
1554824117	32.244000
1554824238	31.933000
1554824297	31.882000
1554824357	32.052000
1554824478	32.420000
1554824537	31.946000
1554824597	31.936000
1554824657	31.829000
1554824777	32.225000
1554824838	43.363000
1554824897	31.824000
1554824958	32.115000
1554825017	32.066000
1554825138	31.893000
1554825197	32.120000
1554825257	32.139000
1554825317	32.348000
1554825377	31.871000
1554825498	31.821000
1554825557	32.184000
1554825620	49.147000
1554825678	31.817000
1554825740	39.558000
1554825797	32.254000
1554825857	31.951000
1554825917	31.860000
1554825977	32.046000
1554826036	31.807000
1554826097	32.171000
1554826218	32.264000
1554826277	31.922000
1554826337	31.931000
1554826397	32.299000
1554826520	32.194000
1554826577	32.155000
1554826639	39.294000
1554826697	32.138000
1554826757	32.207000
1554826817	32.295000
1554826877	31.813000
1554826938	32.129000
1554827059	31.883000
1554827117	32.268000
1554827177	31.959000
1554827237	32.188000
1554827358	31.969000
1554827418	32.406000
1554827477	31.726000
1554827538	44.094000
1554827598	31.908000
1554827657	32.122000
1554827717	31.865000
1554827777	31.909000
1554827837	31.884000
1554827958	32.027000
1554828017	32.104000
1554828077	31.979000
1554828137	31.819000
1554828197	32.067000
1554828320	31.805000
1554828377	31.873000
1554828439	31.727000
1554828497	32.186000
1554828557	31.997000
1554828678	32.077000
1554828737	31.899000
1554828796	32.009000
1554828918	32.151000
1554828977	31.891000
1554829037	32.199000
1554829097	31.808000
1554829157	32.162000
1554829277	32.004000
1554829338	52.751000
1554829398	31.883000
1554829457	31.917000
1554829517	31.937000
1554829577	32.048000
1554829637	32.193000
1554829697	31.809000
1554829757	31.908000
1554829817	32.048000
1554829878	31.808000
1554829999	31.842000
1554830057	32.251000
1554830118	32.741000
1554830177	31.968000
1554830238	54.904000
1554830297	32.034000
1554830357	31.926000
1554830417	32.434000
1554830539	31.896000
1554830597	31.892000
1554830657	34.448000
1554830717	31.969000
1554830838	32.118000
1554830897	32.114000
1554830957	32.173000
1554831077	32.365000
1554831139	50.914000
1554831198	31.878000
1554831257	32.091000
1554831317	32.129000
1554831377	32.002000
1554831437	31.857000
1554831558	32.111000
1554831617	34.601000
1554831738	31.953000
1554831797	32.201000
1554831857	32.269000
1554831977	31.865000
1554832039	50.499000
1554832097	32.513000
1554832157	32.215000
1554832217	32.136000
1554832338	32.108000
1554832397	32.151000
1554832457	32.249000
1554832517	31.881000
1554832638	31.901000
1554832698	32.086000
1554832757	32.227000
1554832878	31.993000
1554832940	35.011000
1554832998	32.231000
1554833057	32.267000
1554833179	32.096000
1554833238	32.177000
1554833297	32.124000
1554833418	31.791000
1554833477	32.015000
1554833598	31.911000
1554833657	32.251000
1554833718	32.900000
1554833777	32.039000
1554833839	46.397000
1554833897	32.163000
1554833958	32.360000
1554834017	31.845000
1554834077	32.082000
1554834137	31.964000
1554834258	32.153000
1554834317	31.938000
1554834438	32.029000
1554834497	32.206000
1554834557	31.918000
1554834620	31.952000
1554834677	31.888000
1554834739	51.900000
1554834798	32.068000
1554834857	32.039000
1554834917	31.842000
1554835038	31.939000
1554835097	31.986000
1554835157	32.325000
1554835278	32.458000
1554835337	31.826000
1554835397	31.962000
1554835520	31.892000
1554835577	31.984000
1554835638	49.502000
1554835697	31.738000
1554835757	32.218000
1554835878	32.005000
1554835937	32.134000
1554835998	32.238000
1554836118	32.106000
1554836177	32.165000
1554836237	32.014000
1554836297	31.721000
1554836357	32.240000
1554836419	82.366000
1554836478	31.937000
1554836540	37.072000
1554836597	32.224000
1554836657	31.837000
1554836778	32.142000
1554836837	32.038000
1554836897	32.040000
1554837018	31.835000
1554837077	32.658000
1554837137	31.964000
1554837197	31.910000
1554837257	31.919000
1554837318	32.806000
1554837377	31.837000
1554837439	47.233000
1554837498	32.288000
1554837557	32.769000
1554837617	41.521000
1554837738	31.935000
1554837797	32.282000
1554837857	31.894000
1554837917	31.902000
1554837977	31.928000
1554838098	32.097000
1554838157	32.053000
1554838219	32.202000
1554838277	32.030000
1554838339	32.203000
1554838397	31.770000
1554838457	32.023000
1554838517	32.212000
1554838577	32.061000
1554838637	31.979000
1554838697	32.908000
1554838757	32.746000
1554838817	38.748000
1554838877	31.994000
1554838937	32.114000
1554839059	32.134000
1554839119	32.159000
1554839177	31.938000
1554839239	40.395000
1554839298	32.009000
1554839358	32.246000
1554839417	32.130000
1554839477	31.867000
1554839599	32.164000
1554839657	31.932000
1554839779	32.218000
1554839837	32.095000
1554839897	37.339000
1554839957	33.613000
1554840018	61.756000
1554840077	31.762000
1554840139	32.737000
1554840198	31.942000
1554840257	32.131000
1554840317	32.165000
1554840377	32.021000
1554840437	32.576000
1554840497	32.117000
1554840557	32.116000
1554840617	32.181000
1554840739	31.923000
1554840798	31.882000
1554840858	32.285000
1554840919	32.756000
1554840978	31.919000
1554841039	54.115000
1554841098	32.497000
1554841157	31.861000
1554841217	32.390000
1554841277	32.040000
1554841337	31.908000
1554841397	32.179000
1554841457	31.815000
1554841579	32.437000
1554841638	32.006000
1554841698	32.257000
1554841757	31.901000
1554841877	31.917000
1554841939	53.031000
1554841997	31.861000
1554842057	32.304000
1554842117	31.981000
1554842239	32.201000
1554842297	31.945000
1554842357	32.434000
1554842417	31.923000
1554842477	32.030000
1554842599	31.901000
1554842658	32.019000
1554842719	32.443000
1554842778	32.111000
1554842839	51.390000
1554842898	31.862000
1554842957	31.877000
1554843017	31.891000
1554843077	31.881000
1554843137	31.816000
1554843197	31.828000
1554843257	31.973000
1554843317	31.983000
1554843439	31.737000
1554843498	32.091000
1554843557	31.987000
1554843618	61.697000
1554843677	31.925000
1554843740	38.229000
1554843798	32.179000
1554843858	31.876000
1554843917	31.975000
1554843977	34.600000
1554844037	32.118000
1554844097	31.797000
1554844218	31.843000
1554844277	31.739000
1554844337	31.796000
1554844458	32.082000
1554844519	32.595000
1554844577	32.003000
1554844638	44.530000
1554844698	32.969000
1554844757	32.158000
1554844817	31.760000
1554844938	31.861000
1554844997	32.175000
1554845057	31.909000
1554845117	31.924000
1554845177	32.041000
1554845298	32.030000
1554845357	31.923000
1554845477	34.749000
1554845539	53.482000
1554845598	32.372000
1554845657	31.898000
1554845717	33.389000
1554845838	31.949000
1554845897	31.952000
1554846018	33.449000
1554846078	31.984000
1554846137	32.144000
1554846197	31.950000
1554846320	32.220000
1554846377	32.143000
1554846438	55.273000
1554846498	31.933000
1554846557	32.085000
1554846679	31.771000
1554846737	32.148000
1554846797	31.939000
1554846857	32.102000
1554846917	32.038000
1554846977	31.960000
1554847098	31.930000
1554847157	31.929000
1554847277	32.047000
1554847337	93.612000
1554847397	32.208000
1554847457	31.941000
1554847517	32.112000
1554847577	32.212000
1554847637	32.374000
1554847758	32.211000
1554847817	31.990000
1554847877	31.874000
1554847937	32.728000
1554848058	32.102000
1554848177	31.901000
1554848237	32.366000
1554848358	32.159000
1554848417	32.284000
1554848477	32.427000
1554848537	32.185000
1554848597	32.445000
1554848718	32.048000
1554848777	32.041000
1554848898	31.832000
1554848957	31.734000
1554849077	31.777000
1554849138	119.356000
1554849198	32.656000
1554849256	32.269000
1554849317	32.131000
1554849377	32.579000
1554849498	31.938000
1554849557	32.227000
1554849679	31.899000
1554849738	32.082000
1554849797	31.777000
1554849920	32.199000
1554849977	31.840000
1554850037	50.185000
1554850097	32.485000
1554850157	31.995000
1554850217	31.981000
1554850277	32.710000
1554850399	32.025000
1554850458	32.009000
1554850517	31.908000
1554850577	32.306000
1554850637	32.061000
1554850697	31.829000
1554850820	92.825000
1554850878	32.199000
1554850940	32.043000
1554850997	31.926000
1554851057	32.378000
1554851117	32.007000
1554851177	32.241000
1554851237	31.864000
1554851358	32.018000
1554851417	32.106000
1554851477	31.836000
1554851537	32.025000
1554851597	32.256000
1554851657	32.057000
1554851718	32.746000
1554851777	31.862000
1554851838	35.923000
1554851897	31.726000
1554851957	31.811000
1554852078	31.906000
1554852138	31.678000
1554852197	31.895000
1554852257	31.973000
1554852317	31.861000
1554852438	31.759000
1554852497	31.975000
1554852620	32.282000
1554852678	32.510000
1554852738	51.731000
1554852798	31.980000
1554852857	32.800000
1554852978	32.189000
1554853037	31.918000
1554853097	32.155000
1554853158	31.835000
1554853278	31.997000
1554853337	31.939000
1554853397	31.878000
1554853520	32.037000
1554853577	31.903000
1554853640	49.459000
1554853697	31.825000
1554853757	31.967000
1554853890	31.836000
1554853937	31.835000
1554853997	32.107000
1554854119	31.732000
1554854178	32.024000
1554854238	31.788000
1554854297	31.927000
1554854357	31.667000
1554854477	31.952000
1554854540	31.902000
1554854598	32.070000
1554854657	31.820000
1554854717	32.020000
1554854838	31.972000
1554854897	32.018000
1554854957	31.880000
1554855078	32.322000
1554855137	32.045000
1554855197	31.983000
1554855257	32.183000
1554855378	31.829000
1554855439	53.025000
1554855498	31.877000
1554855557	31.904000
1554855617	31.820000
1554855738	31.943000
1554855797	32.101000
1554855857	31.871000
1554855917	32.009000
1554856038	32.275000
1554856097	32.119000
1554856220	32.513000
1554856277	32.047000
1554856338	52.089000
1554856397	31.927000
1554856457	32.671000
1554856517	31.860000
1554856639	31.921000
1554856698	32.077000
1554856758	31.969000
1554856817	32.123000
1554856877	32.010000
1554856937	31.928000
1554856997	32.004000
1554857120	32.180000
1554857178	31.991000
1554857239	51.482000
1554857298	31.787000
1554857357	32.210000
1554857479	32.225000
1554857538	31.868000
1554857597	32.068000
1554857657	31.948000
1554857717	32.285000
1554857777	31.880000
1554857837	31.893000
1554857958	32.228000
1554858018	45.418000
1554858078	31.985000
1554858139	47.552000
1554858198	32.547000
1554858257	31.956000
1554858379	31.963000
1554858437	32.039000
1554858497	31.938000
1554858557	31.911000
1554858678	31.875000
1554858737	32.049000
1554858797	31.970000
1554858857	32.138000
1554858918	32.080000
1554858977	31.906000
1554859039	48.106000
1554859097	32.328000
1554859157	32.086000
1554859278	32.061000
1554859338	31.888000
1554859398	32.014000
1554859458	32.029000
1554859517	31.991000
1554859577	32.154000
1554859637	32.001000
1554859697	36.412000
1554859757	32.018000
1554859877	31.977000
1554859940	37.163000
1554859997	32.123000
1554860058	32.035000
1554860117	32.193000
1554860177	31.881000
1554860237	32.114000
1554860297	32.148000
1554860357	32.287000
1554860417	31.841000
1554860477	31.907000
1554860537	31.732000
1554860597	31.972000
1554860657	31.774000
1554860731	226.914000
1554860777	31.831000
1554860838	32.066000
1554860897	31.961000
1554860957	32.196000
1554861017	32.132000
1554861077	32.286000
1554861198	31.804000
1554861257	31.937000
1554861317	31.783000
1554861439	31.815000
1554861497	32.268000
1554861557	32.166000
1554861677	32.228000
1554861739	53.276000
1554861798	31.992000
1554861857	32.124000
1554861917	31.761000
1554861977	32.109000
1554862098	32.056000
1554862157	31.972000
1554862278	32.057000
1554862337	32.004000
1554862397	32.264000
1554862457	32.200000
1554862577	32.157000
1554862640	39.494000
1554862698	31.807000
1554862757	34.493000
1554862878	32.193000
1554862937	31.918000
1554863059	32.239000
1554863118	32.132000
1554863177	34.915000
1554863237	32.093000
1554863297	32.248000
1554863357	32.256000
1554863478	31.875000
1554863539	51.298000
1554863598	32.286000
1554863657	31.920000
1554863717	32.392000
1554863777	32.034000
1554863898	32.237000
1554863957	32.192000
1554864078	31.925000
1554864137	32.313000
1554864197	31.841000
1554864319	33.110000
1554864377	31.827000
1554864438	46.857000
1554864497	32.657000
1554864557	32.258000
1554864617	32.048000
1554864677	31.840000
1554864737	32.467000
1554864859	32.111000
1554864917	32.270000
1554864977	31.842000
1554865037	32.066000
1554865097	31.875000
1554865157	32.152000
1554865218	73.459000
1554865278	31.958000
1554865340	44.122000
1554865397	31.836000
1554865457	32.180000
1554865517	31.886000
1554865577	32.072000
1554865699	32.159000
1554865757	31.816000
1554865817	32.398000
1554865877	31.886000
1554865937	32.038000
1554866059	31.966000
1554866119	31.853000
1554866177	32.030000
1554866238	49.583000
1554866298	31.881000
1554866357	32.058000
1554866417	31.858000
1554866477	32.186000
1554866598	31.815000
1554866658	32.147000
1554866717	31.779000
1554866777	32.087000
1554866837	32.088000
1554866897	31.968000
1554866957	32.048000
1554867077	31.848000
1554867139	52.997000
1554867198	31.931000
1554867257	31.898000
1554867317	31.816000
1554867377	32.009000
1554867437	31.857000
1554867558	32.386000
1554867617	32.110000
1554867677	32.094000
1554867737	32.159000
1554867797	31.816000
1554867920	32.551000
1554867977	32.070000
1554868038	47.044000
1554868097	31.966000
1554868157	32.039000
1554868217	31.930000
1554868277	32.284000
1554868337	31.948000
1554868397	32.336000
1554868457	31.909000
1554868517	31.837000
1554868577	31.853000
1554868637	32.422000
1554868758	32.085000
1554868818	63.180000
1554868877	31.909000
1554868939	42.301000
1554868997	32.078000
1554869057	32.096000
1554869117	31.858000
1554869177	32.158000
1554869237	31.987000
1554869298	32.099000
1554869418	31.967000
1554869477	32.286000
1554869537	32.185000
1554869597	32.158000
1554869657	31.951000
1554869778	32.239000
1554869840	33.807000
1554869898	31.996000
1554869957	31.835000
1554870017	32.050000
1554870138	31.965000
1554870197	32.062000
1554870257	31.961000
1554870378	31.839000
1554870437	32.016000
1554870497	31.911000
1554870557	31.930000
1554870618	32.039000
1554870678	31.934000
1554870740	40.229000
1554870798	32.302000
1554870857	31.825000
1554870917	32.241000
1554871038	31.889000
1554871097	32.075000
1554871157	31.876000
1554871217	32.349000
1554871339	31.999000
1554871398	31.852000
1554871457	32.068000
1554871519	32.590000
1554871577	32.312000
1554871641	32.589000
1554871697	32.068000
1554871757	32.448000
1554871878	32.027000
1554871937	32.225000
1554871997	32.146000
1554872057	31.790000
1554872178	37.284000
1554872237	32.250000
1554872359	32.273000
1554872419	67.265000
1554872478	32.261000
1554872540	49.714000
1554872597	32.136000
1554872657	31.897000
1554872717	32.270000
1554872777	31.852000
1554872837	32.052000
1554872897	31.940000
1554873018	31.983000
1554873077	32.316000
1554873137	31.954000
1554873197	32.217000
1554873257	31.699000
1554873378	32.090000
1554873440	31.882000
1554873497	32.362000
1554873557	31.926000
1554873617	32.159000
1554873738	36.447000
1554873797	32.214000
1554873857	32.083000
1554873917	31.992000
1554873977	31.791000
1554874098	31.878000
1554874157	32.232000
1554874218	31.857000
1554874277	32.193000
1554874338	55.501000
1554874398	32.187000
1554874457	32.270000
1554874517	32.209000
1554874577	32.152000
1554874698	31.935000
1554874757	32.137000
1554874817	31.928000
1554874938	32.267000
1554874997	31.795000
1554875057	32.404000
1554875177	32.327000
1554875238	32.214000
1554875297	31.860000
1554875357	34.527000
1554875417	32.224000
1554875477	31.936000
1554875598	34.314000
1554875657	31.953000
1554875717	36.130000
1554875777	35.556000
1554875898	31.879000
1554875957	32.120000
1554876077	32.167000
1554876139	49.356000
1554876197	32.312000
1554876257	32.150000
1554876378	32.031000
1554876437	32.178000
1554876558	32.244000
1554876617	33.548000
1554876738	32.150000
1554876797	32.224000
1554876857	32.121000
1554876978	31.957000
1554877040	51.944000
1554877097	32.456000
1554877157	31.901000
1554877217	32.326000
1554877277	31.813000
1554877337	31.903000
1554877397	32.197000
1554877519	31.861000
1554877577	32.136000
1554877637	31.991000
1554877697	31.944000
1554877757	31.964000
1554877818	32.358000
1554877877	32.970000
1554877940	53.440000
1554877999	31.846000
1554878057	31.876000
1554878117	31.976000
1554878238	36.193000
1554878297	31.805000
1554878357	31.791000
1554878417	31.930000
1554878539	32.361000
1554878598	31.913000
1554878657	32.184000
1554878778	32.413000
1554878840	64.372000
1554878898	32.068000
1554878957	31.910000
1554879079	32.010000
1554879138	31.805000
1554879197	31.986000
1554879257	32.030000
1554879317	31.895000
1554879377	31.965000
1554879437	32.037000
1554879497	35.223000
1554879557	32.112000
1554879618	79.351000
1554879677	38.717000
1554879740	47.146000
1554879797	35.310000
1554879857	32.323000
1554879917	32.087000
1554879977	32.130000
1554880037	32.078000
1554880097	31.922000
1554880219	32.429000
1554880278	31.892000
1554880337	31.874000
1554880397	31.776000
1554880457	32.055000
1554880577	31.958000
1554880638	35.369000
1554880699	31.857000
1554880758	32.040000
1554880817	32.021000
1554880938	32.150000
1554880997	31.872000
1554881057	31.810000
1554881178	32.497000
1554881237	32.111000
1554881359	32.412000
1554881419	32.082000
1554881477	32.208000
1554881539	50.370000
1554881597	31.730000
1554881657	31.947000
1554881717	32.088000
1554881778	31.818000
1554881837	31.908000
1554881897	34.170000
1554882018	32.027000
1554882077	31.969000
1554882137	31.915000
1554882197	32.092000
1554882319	31.840000
1554882377	31.850000
1554882439	33.558000
1554882497	32.397000
1554882557	31.860000
1554882617	31.966000
1554882677	32.056000
1554882737	31.948000
1554882797	31.873000
1554882918	32.135000
1554882977	32.251000
1554883037	32.262000
1554883097	32.115000
1554883157	31.788000
1554883218	67.913000
1554883278	32.004000
1554883341	37.745000
1554883398	31.899000
1554883457	31.892000
1554883578	32.265000
1554883637	31.883000
1554883697	31.902000
1554883757	32.088000
1554883817	32.002000
1554883877	31.885000
1554883999	32.171000
1554884058	31.744000
1554884120	32.152000
1554884178	32.101000
1554884240	32.235000
1554884298	32.263000
1554884357	32.444000
1554884478	32.408000
1554884537	31.845000
1554884597	32.669000
1554884718	31.756000
1554884777	32.343000
1554884837	31.972000
1554884897	31.796000
1554884957	32.145000
1554885077	32.040000
1554885138	40.339000
1554885198	32.798000
1554885257	32.358000
1554885317	32.471000
1554885377	32.068000
1554885437	31.955000
1554885559	31.953000
1554885618	31.872000
1554885677	32.267000
1554885799	31.937000
1554885858	31.869000
1554885919	32.301000
1554885978	31.811000
1554886039	45.108000
1554886098	32.098000
1554886157	32.059000
1554886217	32.116000
1554886277	32.049000
1554886337	32.090000
1554886396	32.215000
1554886518	32.092000
1554886577	32.252000
1554886637	31.998000
1554886758	32.139000
1554886818	49.155000
1554886877	32.422000
1554886940	43.179000
1554886998	32.033000
1554887058	32.114000
1554887117	32.083000
1554887177	32.170000
1554887298	32.058000
1554887357	32.004000
1554887417	32.102000
1554887539	31.959000
1554887597	32.316000
1554887657	31.969000
1554887719	33.069000
1554887777	32.022000
1554887839	51.112000
1554887898	32.627000
1554887957	32.409000
1554888017	31.880000
1554888077	32.063000
1554888137	31.971000
1554888197	31.937000
1554888257	31.973000
1554888378	32.338000
1554888437	32.226000
1554888497	31.927000
1554888557	31.852000
1554888618	32.198000
1554888677	32.066000
1554888738	51.070000
1554888798	32.682000
1554888857	34.587000
1554888917	31.958000
1554888977	31.877000
1554889098	32.053000
1554889157	34.451000
1554889217	31.874000
1554889277	32.140000
1554889399	32.135000
1554889457	32.263000
1554889577	32.005000
1554889638	52.983000
1554889697	33.006000
1554889757	31.769000
1554889879	31.755000
1554889937	31.899000
1554889998	31.954000
1554890057	35.896000
1554890117	35.829000
1554890238	35.490000
1554890297	31.820000
1554890357	31.774000
1554890419	57.240000
1554890478	32.001000
1554890540	37.184000
1554890597	32.073000
1554890657	32.113000
1554890717	32.114000
1554890777	32.167000
1554890837	32.048000
1554890958	32.223000
1554891018	31.899000
1554891077	32.061000
1554891198	31.932000
1554891257	32.058000
1554891377	32.046000
1554891441	41.143000
1554891498	32.087000
1554891557	32.057000
1554891678	31.894000
1554891737	31.944000
1554891797	31.895000
1554891918	32.373000
1554891977	32.053000
1554892098	31.878000
1554892157	32.184000
1554892218	32.181000
1554892277	32.430000
1554892339	52.006000
1554892398	32.095000
1554892457	32.023000
1554892518	31.857000
1554892577	31.975000
1554892637	31.826000
1554892697	31.942000
1554892757	32.399000
1554892817	32.203000
1554892938	31.972000
1554892997	31.969000
1554893120	32.700000
1554893177	32.819000
1554893239	34.558000
1554893297	34.221000
1554893357	33.873000
1554893479	32.651000
1554893537	32.362000
1554893658	32.060000
1554893717	32.048000
1554893777	31.881000
1554893837	31.905000
1554893897	31.998000
1554893957	31.875000
1554894077	31.851000
1554894139	52.769000
1554894198	32.043000
1554894257	31.839000
1554894378	31.905000
1554894437	32.205000
1554894558	36.280000
1554894617	32.618000
1554894677	31.804000
1554894798	31.916000
1554894857	31.881000
1554894918	32.446000
1554894978	31.190000
1554895040	40.770000
1554895098	31.801000
1554895157	31.789000
1554895217	32.254000
1554895277	58.387000
1554895337	31.843000
1554895458	32.349000
1554895517	31.887000
1554895577	32.113000
1554895637	31.942000
1554895697	32.356000
1554895820	30.862000
1554895877	31.415000
1554895937	30.302000
1554896059	32.955000
1554896117	31.912000
1554896177	33.295000
1554896299	33.314000
1554896357	34.656000
1554896478	35.155000
1554896537	34.339000
1554896597	33.876000
1554896657	32.575000
1554896718	32.312000
1554896778	31.238000
1554896839	37.518000
1554896898	32.493000
1554896957	32.056000
1554897017	32.117000
1554897077	31.851000
1554897137	32.017000
1554897197	32.346000
1554897257	31.873000
1554897317	32.257000
1554897438	32.120000
1554897497	32.483000
1554897557	32.418000
1554897620	65.385000
1554897678	34.123000
1554897740	37.852000
1554897797	35.972000
1554897858	37.188000
1554897918	38.516000
1554897978	38.939000
1554898039	38.273000
1554898098	38.491000
1554898158	39.102000
1554898218	36.139000
1554898277	35.134000
1554898337	34.277000
1554898458	33.977000
1554898518	35.553000
1554898577	35.478000
1554898637	35.214000
1554898697	38.971000
1554898758	36.802000
1554898879	39.475000
1554898938	37.873000
1554898998	37.494000
1554899058	35.698000
1554899117	35.256000
1554899239	35.581000
1554899297	37.354000
1554899420	34.847000
1554899477	33.974000
1554899540	34.026000
1554899597	32.476000
1554899657	32.300000
1554899717	32.061000
1554899777	31.925000
1554899899	31.976000
1554899957	32.157000
1554900078	31.876000
1554900137	31.923000
1554900197	32.258000
1554900320	32.169000
1554900378	32.320000
1554900438	33.619000
1554900497	34.443000
1554900557	34.546000
1554900678	35.364000
1554900738	35.884000
1554900859	34.903000
1554900918	34.590000
1554900977	34.267000
1554901098	31.864000
1554901157	31.841000
1554901278	32.161000
1554901340	52.274000
1554901398	32.052000
1554901458	31.937000
1554901517	32.123000
1554901577	31.888000
1554901637	32.135000
1554901697	32.116000
1554901757	31.930000
1554901817	32.383000
1554901939	31.928000
1554901997	32.480000
1554902058	31.889000
1554902178	32.230000
1554902239	57.253000
1554902298	32.186000
1554902357	32.152000
1554902417	32.078000
1554902477	32.150000
1554902537	32.002000
1554902659	32.234000
1554902717	31.905000
1554902777	34.496000
1554902898	31.927000
1554902957	31.902000
1554903018	32.250000
1554903077	32.084000
1554903139	51.540000
1554903198	31.959000
1554903257	32.071000
1554903317	32.290000
1554903377	32.005000
1554903437	32.226000
1554903498	31.947000
1554903557	32.257000
1554903617	31.883000
1554903738	32.330000
1554903797	32.114000
1554903857	31.923000
1554903977	31.856000
1554904038	53.621000
1554904098	31.926000
1554904157	31.899000
1554904217	32.204000
1554904339	31.861000
1554904397	31.907000
1554904457	31.692000
1554904578	31.924000
1554904637	31.983000
1554904758	31.764000
1554904877	31.899000
1554904937	31.929000
1554904998	32.053000
1554905057	36.325000
1554905178	31.826000
1554905237	31.873000
1554905297	32.057000
1554905357	31.893000
1554905417	32.048000
1554905539	31.976000
1554905597	32.102000
1554905657	31.975000
1554905778	31.957000
1554905839	48.516000
1554905898	32.034000
1554905957	31.794000
1554906018	31.967000
1554906077	31.906000
1554906137	31.876000
1554906258	31.685000
1554906317	32.012000
1554906438	31.912000
1554906498	31.855000
1554906557	31.873000
1554906677	31.958000
1554906738	32.052000
1554906798	32.126000
1554906857	31.916000
1554906917	32.104000
1554906977	32.079000
1554907098	32.194000
1554907157	32.228000
1554907278	31.858000
1554907337	31.885000
1554907397	32.078000
1554907520	32.152000
1554907578	31.940000
1554907639	51.090000
1554907697	32.035000
1554907757	31.976000
1554907817	31.941000
1554907877	32.154000
1554907998	31.743000
1554908057	32.178000
1554908117	31.915000
1554908177	31.877000
1554908298	31.874000
1554908357	32.267000
1554908477	32.220000
1554908540	52.585000
1554908597	32.011000
1554908657	31.978000
1554908717	31.970000
1554908777	31.885000
1554908837	31.831000
1554908897	31.866000
1554908957	31.913000
1554909017	31.940000
1554909138	31.735000
1554909197	31.812000
1554909257	32.126000
1554909377	31.829000
1554909439	48.593000
1554909497	31.942000
1554909557	32.281000
1554909618	31.970000
1554909677	32.190000
1554909737	31.877000
1554909858	31.828000
1554909917	32.263000
1554909977	31.916000
1554910098	31.906000
1554910157	32.173000
1554910277	32.005000
1554910338	47.684000
1554910398	31.897000
1554910457	31.977000
1554910517	32.094000
1554910638	31.981000
1554910697	31.890000
1554910757	31.899000
1554910817	31.848000
1554910877	32.032000
1554910998	31.924000
1554911057	31.971000
1554911118	32.301000
1554911177	31.810000
1554911238	35.152000
1554911298	31.931000
1554911357	31.844000
1554911417	32.942000
1554911539	53.536000
1554911597	32.016000
1554911657	31.778000
1554911717	32.027000
1554911839	32.060000
1554911897	32.169000
1554911957	32.356000
1554912019	52.089000
1554912077	31.903000
1554912140	31.998000
1554912197	31.926000
1554912257	31.988000
1554912378	31.878000
1554912437	31.777000
1554912497	32.008000
1554912557	32.084000
1554912617	32.086000
1554912738	32.728000
1554912797	31.831000
1554912920	31.928000
1554912977	32.083000
1554913040	31.921000
1554913097	31.912000
1554913157	31.913000
1554913217	31.905000
1554913277	32.060000
1554913337	32.043000
1554913459	31.805000
1554913517	32.444000
1554913638	31.941000
1554913697	31.765000
1554913758	31.743000
1554913877	31.931000
1554913938	48.181000
1554913998	31.758000
1554914057	31.786000
1554914178	31.922000
1554914237	32.015000
1554914358	31.990000
1554914417	31.992000
1554914477	31.682000
1554914599	31.928000
1554914658	32.097000
1554914718	32.353000
1554914778	31.852000
1554914841	33.938000
1554914897	31.878000
1554914957	31.941000
1554915017	32.274000
1554915077	32.120000
1554915198	31.772000
1554915257	32.260000
1554915377	32.175000
1554915437	31.897000
1554915497	31.824000
1554915557	32.003000
1554915618	69.490000
1554915677	31.920000
1554915738	47.013000
1554915798	31.914000
1554915857	31.942000
1554915917	31.889000
1554915977	31.879000
1554916037	31.783000
1554916097	31.851000
1554916156	32.086000
1554916217	32.093000
1554916277	31.962000
1554916337	32.156000
1554916397	33.317000
1554916520	32.172000
1554916577	32.324000
1554916638	48.750000
1554916697	31.859000
1554916757	31.887000
1554916817	31.946000
1554916877	31.950000
1554916998	31.662000
1554917057	31.867000
1554917179	32.165000
1554917238	32.337000
1554917297	31.968000
1554917357	31.865000
1554917477	32.105000
1554917539	40.278000
1554917597	32.149000
1554917657	31.883000
1554917717	32.162000
1554917777	32.107000
1554917899	31.933000
1554917957	31.971000
1554918017	32.114000
1554918078	32.052000
1554918137	31.910000
1554918197	31.941000
1554918319	33.122000
1554918377	32.307000
1554918438	32.635000
1554918497	33.726000
1554918558	33.037000
1554918617	32.918000
1554918677	33.291000
1554918737	33.328000
1554918797	33.094000
1554918857	34.205000
1554918978	35.113000
1554919037	35.454000
1554919097	35.903000
1554919220	74.339000
1554919277	35.013000
1554919339	41.632000
1554919397	33.770000
1554919457	32.829000
1554919578	32.194000
1554919637	32.609000
1554919697	32.343000
1554919818	32.575000
1554919877	33.468000
1554919937	32.164000
1554919997	32.314000
1554920057	31.959000
1554920118	32.367000
1554920177	32.146000
1554920238	33.584000
1554920297	32.154000
1554920357	32.109000
1554920478	32.692000
1554920537	33.476000
1554920658	32.035000
1554920717	31.890000
1554920777	31.770000
1554920837	32.264000
1554920959	32.071000
1554921019	33.019000
1554921078	31.724000
1554921138	33.379000
1554921198	31.704000
1554921258	32.013000
1554921318	33.270000
1554921377	33.321000
1554921437	34.043000
1554921497	36.078000
1554921557	35.398000
1554921617	36.494000
1554921677	36.494000
1554921737	36.123000
1554921797	36.276000
1554921920	35.818000
1554921977	36.069000
1554922038	35.063000
1554922098	34.301000
1554922157	34.068000
1554922217	33.602000
1554922277	32.668000
1554922398	32.164000
1554922457	31.778000
1554922517	31.863000
1554922638	32.048000
1554922697	31.875000
1554922757	32.259000
1554922877	32.221000
1554922939	33.271000
1554922997	31.950000
1554923058	32.664000
1554923117	33.089000
1554923177	34.064000
1554923298	35.185000
1554923357	36.894000
1554923417	38.700000
1554923478	39.035000
1554923539	39.205000
1554923600	43.382000
1554923724	47.109000
1554923782	46.994000
1554923842	47.192000
1554923899	47.208000
1554923960	47.760000
1554924023	47.457000
1554924080	47.425000
1554924204	47.627000
1554924261	47.802000
1554924385	47.419000
1554924441	47.822000
1554924501	47.600000
1554924560	47.537000
1554924681	47.406000
1554924800	47.480000
1554924861	47.729000
1554924920	47.316000
1554924982	47.474000
1554925043	47.442000
1554925102	47.416000
1554925224	47.359000
1554925280	47.461000
1554925401	47.835000
1554925459	47.121000
1554925521	46.944000
1554925581	46.113000
1554925642	45.613000
1554925700	47.827000
1554925762	42.432000
1554925819	39.124000
1554925878	39.567000
1554925939	40.044000
1554925997	38.642000
1554926058	36.962000
1554926178	36.590000
1554926237	35.192000
1554926358	33.057000
1554926418	68.966000
1554926477	32.313000
1554926538	32.288000
1554926598	32.037000
1554926657	32.126000
1554926717	31.953000
1554926838	33.137000
1554926897	32.974000
1554927018	33.584000
1554927077	34.104000
1554927198	34.189000
1554927257	34.542000
1554927377	33.753000
1554927441	33.033000
1554927497	32.536000
1554927557	31.708000
1554927617	31.976000
1554927739	31.978000
1554927797	31.783000
1554927857	32.036000
1554927917	31.766000
1554928038	32.121000
1554928097	31.829000
1554928157	31.871000
1554928277	31.842000
1554928339	35.161000
1554928397	31.773000
1554928457	31.766000
1554928579	32.412000
1554928638	32.157000
1554928698	31.983000
1554928757	31.651000
1554928817	31.911000
1554928938	31.913000
1554928997	31.692000
1554929121	32.420000
1554929178	31.968000
1554929239	31.947000
1554929298	31.740000
1554929357	31.704000
1554929478	31.786000
1554929538	31.994000
1554929597	31.870000
1554929657	31.837000
1554929779	32.062000
1554929837	32.072000
1554929898	31.717000
1554929957	31.779000
1554930077	31.889000
1554930138	32.875000
1554930197	32.150000
1554930257	31.975000
1554930317	32.033000
1554930377	32.287000
1554930498	32.088000
1554930557	31.850000
1554930617	31.967000
1554930677	32.098000
1554930798	32.095000
1554930857	32.164000
1554930977	31.983000
1554931038	36.320000
1554931098	32.270000
1554931157	31.984000
1554931278	32.216000
1554931337	32.251000
1554931397	33.158000
1554931457	32.086000
1554931578	32.353000
1554931637	31.812000
1554931758	31.992000
1554931819	32.461000
1554931877	32.371000
1554931940	36.724000
1554931997	32.500000
1554932057	31.814000
1554932117	31.898000
1554932239	31.929000
1554932298	32.065000
1554932357	31.909000
1554932478	31.932000
1554932537	31.908000
1554932597	31.831000
1554932720	31.961000
1554932777	31.858000
1554932840	32.053000
1554932897	31.812000
1554932957	31.946000
1554933017	31.875000
1554933077	32.053000
1554933198	32.386000
1554933257	31.907000
1554933317	32.065000
1554933377	32.119000
1554933438	31.990000
1554933498	32.255000
1554933557	31.856000
1554933619	86.219000
1554933677	32.016000
1554933739	31.953000
1554933801	32.028000
1554933858	31.786000
1554933917	32.193000
1554933977	31.808000
1554934099	31.822000
1554934157	31.875000
1554934217	31.883000
1554934277	31.928000
1554934337	32.827000
1554934459	31.685000
1554934519	32.094000
1554934578	31.892000
1554934638	35.964000
1554934698	31.921000
1554934757	31.780000
1554934878	31.965000
1554934937	31.830000
1554934997	33.939000
1554935057	31.904000
1554935117	31.822000
1554935177	31.802000
1554935237	31.898000
1554935297	31.901000
1554935419	32.157000
1554935477	32.334000
1554935538	35.506000
1554935598	31.996000
1554935657	32.096000
1554935717	31.979000
1554935838	31.875000
1554935897	31.979000
1554936018	34.823000
1554936077	31.998000
1554936198	31.992000
1554936257	31.818000
1554936318	32.464000
1554936377	31.915000
1554936438	36.659000
1554936497	31.813000
1554936558	32.089000
1554936617	31.835000
1554936677	32.013000
1554936737	32.075000
1554936797	31.863000
1554936857	31.797000
1554936979	31.840000
1554937037	32.018000
1554937097	31.864000
1554937157	32.137000
1554937277	31.784000
1554937338	34.936000
1554937398	31.938000
1554937457	31.901000
1554937517	31.816000
1554937577	31.957000
1554937699	31.727000
1554937757	31.889000
1554937817	32.034000
1554937877	31.898000
1554937937	32.281000
1554937997	31.870000
1554938057	31.931000
1554938118	32.346000
1554938178	31.707000
1554938239	32.164000
1554938297	31.943000
1554938357	31.814000
1554938417	31.813000
1554938477	32.036000
1554938537	32.026000
1554938658	31.835000
1554938717	32.318000
1554938777	31.853000
1554938837	32.005000
1554938959	31.957000
1554939019	32.385000
1554939077	31.734000
1554939139	34.089000
1554939198	32.602000
1554939257	34.094000
1554939378	32.014000
1554939437	32.089000
1554939497	31.839000
1554939557	31.896000
1554939617	31.942000
1554939738	32.187000
1554939797	31.775000
1554939920	32.326000
1554939977	32.131000
1554940039	33.755000
1554940097	32.379000
1554940157	31.917000
1554940217	32.115000
1554940277	31.930000
1554940337	32.084000
1554940397	31.808000
1554940519	31.987000
1554940578	31.787000
1554940637	32.043000
1554940697	31.933000
1554940757	32.135000
1554940818	59.358000
1554940878	31.887000
1554940938	37.779000
1554940998	31.805000
1554941057	32.066000
1554941117	32.089000
1554941177	31.866000
1554941237	31.980000
1554941297	31.916000
1554941418	32.033000
1554941477	32.300000
1554941537	32.174000
1554941597	32.030000
1554941657	32.011000
1554941720	31.799000
1554941777	32.103000
1554941839	31.913000
1554941898	31.935000
1554941957	31.830000
1554942017	32.124000
1554942138	32.003000
1554942197	31.938000
1554942257	32.490000
1554942378	31.932000
1554942437	32.388000
1554942497	31.876000
1554942620	32.276000
1554942677	32.195000
1554942738	33.363000
1554942798	32.097000
1554942857	32.184000
1554942917	31.898000
1554942977	32.388000
1554943098	31.951000
1554943157	31.903000
1554943217	31.959000
1554943338	32.193000
1554943397	32.091000
1554943457	31.990000
1554943577	31.991000
1554943639	31.961000
1554943698	32.203000
1554943757	31.941000
1554943878	32.370000
1554943937	32.116000
1554943997	32.158000
1554944119	32.145000
1554944177	32.019000
1554944237	32.235000
1554944297	32.144000
1554944357	32.878000
1554944477	31.852000
1554944538	32.111000
1554944598	32.142000
1554944657	31.928000
1554944717	32.363000
1554944838	33.550000
1554944897	32.353000
1554944957	31.934000
1554945017	32.116000
1554945077	31.980000
1554945198	32.076000
1554945257	32.042000
1554945318	32.463000
1554945377	32.002000
1554945439	33.839000
1554945497	32.039000
1554945557	31.885000
1554945618	32.235000
1554945677	31.955000
1554945737	32.330000
1554945858	32.052000
1554945917	32.187000
1554945977	31.890000
1554946099	32.140000
1554946157	31.872000
1554946218	32.361000
1554946277	31.997000
1554946338	36.158000
1554946398	32.384000
1554946457	32.105000
1554946578	31.872000
1554946637	31.921000
1554946697	31.842000
1554946757	31.852000
1554946879	31.944000
1554946938	32.168000
1554946997	31.965000
1554947057	31.787000
1554947118	32.043000
1554947177	31.808000
1554947238	32.195000
1554947298	31.933000
1554947357	32.057000
1554947417	31.809000
1554947477	32.088000
1554947598	32.597000
1554947657	32.013000
1554947778	31.907000
1554947838	32.600000
1554947897	31.919000
1554947957	35.254000
1554948018	51.852000
1554948077	31.728000
1554948138	37.545000
1554948198	32.008000
1554948257	31.894000
1554948317	31.834000
1554948439	31.581000
1554948497	31.902000
1554948558	31.721000
1554948617	31.999000
1554948677	32.171000
1554948798	32.081000
1554948857	31.840000
1554948919	32.019000
1554948977	31.829000
1554949040	31.869000
1554949097	32.148000
1554949157	31.917000
1554949217	31.811000
1554949277	31.848000
1554949337	32.051000
1554949397	31.799000
1554949457	31.863000
1554949579	31.832000
1554949637	31.954000
1554949697	31.999000
1554949757	31.783000
1554949818	32.053000
1554949877	34.176000
1554949938	37.221000
1554949998	32.249000
1554950057	31.868000
1554950178	31.753000
1554950237	31.941000
1554950297	31.757000
1554950418	31.920000
1554950477	32.046000
1554950537	31.878000
1554950597	31.756000
1554950720	31.994000
1554950777	32.300000
1554950840	32.045000
1554950897	32.906000
1554950958	31.853000
1554951017	32.110000
1554951077	32.024000
1554951198	32.017000
1554951257	31.853000
1554951377	31.833000
1554951437	32.063000
1554951497	31.829000
1554951557	31.839000
1554951677	31.950000
1554951739	34.697000
1554951797	31.862000
1554951857	31.922000
1554951917	31.902000
1554952038	32.270000
1554952097	32.114000
1554952157	31.837000
1554952217	32.677000
1554952277	31.927000
1554952398	32.012000
1554952457	32.152000
1554952518	32.417000
1554952577	32.284000
1554952638	35.405000
1554952697	32.435000
1554952757	31.953000
1554952817	32.024000
1554952877	31.879000
1554952999	32.282000
1554953057	31.880000
1554953117	32.036000
1554953177	31.898000
1554953298	32.144000
1554953357	32.048000
1554953419	32.261000
1554953477	32.029000
1554953539	35.174000
1554953597	31.899000
1554953657	32.167000
1554953717	32.197000
1554953777	31.935000
1554953837	31.763000
1554953959	32.082000
1554954018	31.923000
1554954077	32.275000
1554954137	31.847000
1554954197	32.060000
1554954257	32.119000
1554954318	32.455000
1554954377	32.250000
1554954438	37.966000
1554954498	32.374000
1554954557	31.938000
1554954617	32.322000
1554954739	31.814000
1554954798	32.321000
1554954857	31.910000
1554954917	32.223000
1554954977	32.366000
1554955037	32.093000
1554955158	31.807000
1554955218	44.433000
1554955277	32.082000
1554955339	34.491000
1554955397	32.573000
1554955457	31.773000
1554955578	31.975000
1554955637	31.961000
1554955759	31.940000
1554955818	32.011000
1554955877	31.874000
1554955998	32.071000
1554956057	32.036000
1554956177	32.209000
1554956238	32.561000
1554956298	32.117000
1554956357	32.557000
1554956478	32.079000
1554956537	32.002000
1554956597	32.318000
1554956657	31.950000
1554956717	32.353000
1554956838	31.894000
1554956897	32.314000
1554956957	32.040000
1554957077	32.318000
1554957137	32.113000
1554957198	32.153000
1554957257	31.879000
1554957378	32.279000
1554957437	31.879000
1554957497	32.226000
1554957619	31.942000
1554957678	31.917000
1554957737	32.050000
1554957797	31.890000
1554957857	32.309000
1554957977	31.916000
1554958038	32.060000
1554958097	32.026000
1554958157	32.317000
1554958278	31.877000
1554958338	32.296000
1554958397	31.911000
1554958518	31.980000
1554958577	31.912000
1554958699	32.108000
1554958758	31.956000
1554958819	55.547000
1554958877	32.031000
1554958940	34.917000
1554958997	32.069000
1554959058	31.988000
1554959117	31.918000
1554959177	32.060000
1554959298	31.891000
1554959357	32.008000
1554959417	31.867000
1554959477	32.036000
1554959537	31.936000
1554959658	31.930000
1554959718	32.148000
1554959777	31.814000
1554959839	39.251000
1554959897	31.846000
1554959958	32.200000
1554960017	31.926000
1554960138	31.889000
1554960197	32.039000
1554960257	34.857000
1554960378	33.796000
1554960437	31.895000
1554960497	31.853000
1554960620	32.058000
1554960678	32.202000
1554960739	36.906000
1554960797	32.098000
1554960857	32.330000
1554960917	31.814000
1554960977	31.704000
1554961037	32.131000
1554961158	31.818000
1554961217	32.110000
1554961277	31.807000
1554961337	32.179000
1554961458	31.876000
1554961577	32.352000
1554961639	34.979000
1554961698	31.770000
1554961758	32.099000
1554961817	31.860000
1554961877	31.934000
1554961937	32.236000
1554961997	32.132000
1554962057	32.057000
1554962117	32.036000
1554962177	32.394000
1554962237	32.168000
1554962359	32.203000
1554962419	126.566000
1554962478	32.142000
1554962540	32.149000
1554962597	32.209000
1554962657	31.995000
1554962717	31.851000
1554962777	31.906000
1554962898	31.926000
1554962957	31.821000
1554963017	32.153000
1554963077	31.982000
1554963199	32.369000
1554963257	31.942000
1554963319	32.714000
1554963377	31.920000
1554963439	31.926000
1554963498	32.039000
1554963557	31.937000
1554963617	32.116000
1554963677	32.155000
1554963798	32.243000
1554963857	32.098000
1554963917	31.959000
1554964038	32.275000
1554964097	32.067000
1554964157	32.039000
1554964218	32.081000
1554964277	31.838000
1554964338	35.137000
1554964398	31.940000
1554964457	32.074000
1554964518	31.984000
1554964639	31.859000
1554964698	31.960000
1554964757	31.981000
1554964817	32.138000
1554964877	32.108000
1554964937	31.982000
1554965058	31.910000
1554965118	32.976000
1554965177	31.913000
1554965240	42.979000
1554965298	32.075000
1554965357	31.981000
1554965478	32.095000
1554965537	32.168000
1554965597	32.119000
1554965718	32.200000
1554965777	32.187000
1554965837	32.018000
1554965897	32.135000
1554966020	46.696000
1554966078	31.902000
1554966140	32.341000
1554966197	31.818000
1554966257	32.084000
1554966317	32.139000
1554966377	32.057000
1554966437	32.101000
1554966558	32.276000
1554966617	32.153000
1554966677	31.875000
1554966737	32.170000
1554966797	32.096000
1554966921	33.334000
1554966977	32.160000
