time ms
1554759090	33.193000
1554759153	46.286000
1554759210	74.737000
1554759271	33.558000
1554759331	33.642000
1554759391	33.165000
1554759450	33.547000
1554759572	33.429000
1554759631	33.546000
1554759691	33.473000
1554759751	33.395000
1554759810	33.516000
1554759870	33.205000
1554759945	33.994000
1554759991	33.244000
1554760054	39.026000
1554760111	50.226000
1554760170	33.527000
1554760292	32.995000
1554760351	33.645000
1554760472	33.449000
1554760531	33.559000
1554760590	33.128000
1554760650	33.286000
1554760772	33.547000
1554760832	33.752000
1554760890	33.569000
1554760955	36.261000
1554761012	73.443000
1554761070	33.157000
1554761131	33.648000
1554761190	33.077000
1554761312	33.362000
1554761370	34.140000
1554761492	33.422000
1554761551	33.644000
1554761611	32.901000
1554761671	33.516000
1554761731	33.168000
1554761791	33.671000
1554761853	34.991000
1554761911	79.706000
1554761971	33.513000
1554762031	33.304000
1554762091	33.196000
1554762151	33.485000
1554762210	33.447000
1554762270	33.166000
1554762330	33.657000
1554762452	33.314000
1554762511	33.482000
1554762570	33.294000
1554762691	33.529000
1554762756	56.939000
1554762811	67.350000
1554762870	33.446000
1554762930	33.531000
1554763052	32.992000
1554763110	33.499000
1554763232	33.292000
1554763290	32.918000
1554763350	33.567000
1554763471	33.111000
1554763531	38.108000
1554763591	33.155000
1554763654	49.938000
1554763711	76.074000
1554763771	33.600000
1554763830	33.598000
1554763890	42.944000
1554764013	33.293000
1554764071	33.496000
1554764131	33.324000
1554764191	33.780000
1554764250	33.234000
1554764310	32.978000
1554764435	35.055000
1554764491	33.130000
1554764556	37.707000
1554764611	43.040000
1554764671	33.582000
1554764731	33.207000
1554764790	33.486000
1554764851	33.329000
1554764971	33.353000
1554765030	33.608000
1554765090	33.510000
1554765151	33.323000
1554765272	33.598000
1554765332	39.173000
1554765391	33.594000
1554765452	37.284000
1554765511	33.410000
1554765571	33.250000
1554765631	33.655000
1554765691	33.385000
1554765750	33.498000
1554765810	33.425000
1554765932	33.469000
1554765990	33.484000
1554766050	33.645000
1554766110	33.358000
1554766234	33.466000
1554766291	33.223000
1554766352	34.531000
1554766410	49.672000
1554766470	34.188000
1554766530	33.071000
1554766590	33.598000
1554766650	33.215000
1554766710	33.626000
1554766832	33.217000
1554766891	33.491000
1554766950	35.376000
1554767010	33.510000
1554767070	33.519000
1554767190	33.182000
1554767254	43.757000
1554767311	70.072000
1554767370	33.210000
1554767430	33.373000
1554767553	33.523000
1554767611	33.249000
1554767671	33.730000
1554767730	33.055000
1554767791	33.547000
1554767913	33.498000
1554767971	33.545000
1554768032	35.438000
1554768091	33.542000
1554768154	34.142000
1554768210	61.656000
1554768271	33.702000
1554768330	34.521000
1554768390	35.192000
1554768512	32.879000
1554768571	33.375000
1554768631	33.284000
1554768691	33.373000
1554768750	33.372000
1554768810	33.351000
1554768870	33.256000
1554768990	33.408000
1554769054	36.445000
1554769111	78.090000
1554769171	33.582000
1554769230	33.483000
1554769290	33.622000
1554769412	35.726000
1554769471	36.455000
1554769530	33.550000
1554769590	33.384000
1554769711	33.349000
1554769770	33.471000
1554769891	33.623000
1554769954	33.531000
1554770011	33.105000
1554770071	33.481000
1554770131	33.674000
1554770190	33.552000
1554770250	33.229000
1554770372	33.457000
1554770431	33.385000
1554770552	33.107000
1554770610	33.457000
1554770670	33.440000
1554770734	40.448000
1554770790	33.560000
1554770856	39.015000
1554770911	60.927000
1554770970	33.075000
1554771092	38.097000
1554771150	33.280000
1554771272	33.538000
1554771330	33.376000
1554771390	33.600000
1554771450	33.437000
1554771572	33.547000
1554771632	40.594000
1554771692	33.640000
1554771755	45.701000
1554771811	60.265000
1554771870	33.033000
1554771930	33.470000
1554771991	33.643000
1554772051	33.566000
1554772110	33.500000
1554772170	33.286000
1554772230	33.750000
1554772290	33.347000
1554772350	33.420000
1554772472	33.401000
1554772532	39.444000
1554772592	33.382000
1554772653	33.783000
1554772711	38.427000
1554772770	33.662000
1554772830	33.348000
1554772891	33.471000
1554773012	33.614000
1554773070	33.180000
1554773192	33.563000
1554773251	33.350000
1554773311	33.627000
1554773370	33.432000
1554773433	39.631000
1554773491	33.523000
1554773555	39.052000
1554773610	33.607000
1554773670	32.992000
1554773730	33.875000
1554773852	33.523000
1554773911	33.098000
1554773971	33.603000
1554774030	33.521000
1554774091	33.574000
1554774212	33.166000
1554774271	33.456000
1554774390	33.290000
1554774451	37.167000
1554774511	33.064000
1554774570	33.548000
1554774631	33.194000
1554774691	64.576000
1554774750	33.170000
1554774810	33.393000
1554774933	33.286000
1554774991	33.504000
1554775051	33.499000
1554775111	33.296000
1554775170	33.271000
1554775233	39.444000
1554775291	33.448000
1554775354	36.019000
1554775411	40.163000
1554775471	33.546000
1554775530	33.363000
1554775590	33.503000
1554775650	33.459000
1554775710	33.619000
1554775832	33.678000
1554775890	33.425000
1554775950	34.590000
1554776072	33.546000
1554776191	32.999000
1554776312	33.458000
1554776370	33.346000
1554776431	33.494000
1554776552	33.402000
1554776610	33.622000
1554776731	33.443000
1554776791	33.567000
1554776850	33.653000
1554776910	33.575000
1554777034	37.803000
1554777091	33.945000
1554777153	37.830000
1554777211	33.082000
1554777270	33.467000
1554777392	33.445000
1554777450	33.569000
1554777510	33.318000
1554777633	33.574000
1554777691	33.260000
1554777750	33.412000
1554777810	33.416000
1554777871	33.140000
1554777990	33.225000
1554778053	43.796000
1554778110	43.986000
1554778181	33.531000
1554778230	32.971000
1554778290	105.013000
1554778412	33.304000
1554778471	33.664000
1554778530	33.233000
1554778590	33.552000
1554778713	33.065000
1554778771	33.424000
1554778832	40.042000
1554778891	33.474000
1554778955	40.052000
1554779011	60.226000
1554779072	33.552000
1554779131	33.323000
1554779191	33.300000
1554779251	33.513000
1554779310	33.324000
1554779432	33.525000
1554779491	33.485000
1554779551	33.397000
1554779671	33.364000
1554779731	38.976000
1554779791	33.422000
1554779854	35.012000
1554779911	56.724000
1554779971	33.520000
1554780092	33.611000
1554780150	33.541000
1554780211	33.642000
1554780271	33.474000
1554780330	33.357000
1554780390	34.322000
1554780450	33.260000
1554780572	33.530000
1554780691	33.162000
1554780750	33.506000
1554780810	33.200000
1554780932	33.502000
1554780991	33.271000
1554781050	33.737000
1554781110	33.328000
1554781232	33.627000
1554781291	33.159000
1554781351	33.251000
1554781410	33.782000
1554781470	32.934000
1554781532	37.486000
1554781590	33.294000
1554781654	47.898000
1554781710	47.900000
1554781771	33.428000
1554781831	33.301000
1554781891	33.553000
1554781951	33.103000
1554782010	33.576000
1554782070	33.036000
1554782193	33.574000
1554782252	33.127000
1554782311	33.693000
1554782371	33.336000
1554782491	33.569000
1554782555	37.933000
1554782611	58.800000
1554782671	33.145000
1554782792	33.571000
1554782850	33.513000
1554782911	34.484000
1554782970	33.614000
1554783031	33.577000
1554783157	33.293000
1554783211	33.620000
1554783270	33.203000
1554783391	33.115000
1554783454	34.259000
1554783511	45.417000
1554783570	33.783000
1554783630	33.123000
1554783691	33.624000
1554783812	33.276000
1554783870	33.558000
1554783992	33.041000
1554784050	34.482000
1554784172	33.635000
1554784232	37.035000
1554784290	33.476000
1554784353	33.495000
1554784415	42.308000
1554784471	33.698000
1554784530	33.228000
1554784651	33.531000
1554784710	33.419000
1554784771	33.475000
1554784831	33.220000
1554784890	33.647000
1554784950	33.273000
1554785011	33.563000
1554785071	38.257000
1554785192	34.044000
1554785255	35.739000
1554785311	52.663000
1554785370	33.022000
1554785431	33.414000
1554785553	33.531000
1554785611	33.550000
1554785671	33.368000
1554785731	33.417000
1554785790	33.142000
1554785850	33.127000
1554785972	33.190000
1554786032	39.400000
1554786091	33.392000
1554786154	45.212000
1554786212	49.508000
1554786270	33.456000
1554786330	33.381000
1554786452	33.526000
1554786510	33.706000
1554786632	33.472000
1554786691	33.286000
1554786751	33.613000
1554786810	33.122000
1554786870	33.611000
1554786991	33.372000
1554787054	45.613000
1554787111	68.495000
1554787170	33.687000
1554787230	33.432000
1554787352	33.252000
1554787411	34.311000
1554787471	34.210000
1554787530	33.565000
1554787652	33.242000
1554787710	34.980000
1554787771	33.397000
1554787832	38.122000
1554787890	33.149000
1554787951	33.704000
1554788011	77.112000
1554788071	33.591000
1554788190	33.365000
1554788250	33.967000
1554788310	33.568000
1554788432	33.422000
1554788495	33.912000
1554788551	33.147000
1554788611	33.409000
1554788670	33.412000
1554788732	37.864000
1554788791	34.392000
1554788911	33.418000
1554788971	33.673000
1554789031	33.442000
1554789090	39.615000
1554789151	33.585000
1554789272	33.533000
1554789330	33.930000
1554789390	33.348000
1554789450	33.417000
1554789572	33.573000
1554789691	33.541000
1554789751	33.379000
1554789810	33.611000
1554789872	33.227000
1554789930	33.570000
1554789990	33.433000
1554790050	33.169000
1554790172	35.437000
1554790230	33.580000
1554790290	33.516000
1554790350	33.470000
1554790411	33.590000
1554790470	33.222000
1554790532	36.396000
1554790591	33.515000
1554790653	46.844000
1554790711	93.962000
1554790770	33.664000
1554790830	33.480000
1554790952	33.011000
1554791011	33.571000
1554791070	33.309000
1554791131	33.672000
1554791191	33.387000
1554791251	36.399000
1554791310	33.064000
1554791371	33.616000
1554791491	33.624000
1554791554	37.703000
1554791611	58.503000
1554791671	33.158000
1554791792	34.880000
1554791912	33.504000
1554791970	33.539000
1554792030	33.359000
1554792090	33.476000
1554792212	33.221000
1554792270	33.585000
1554792391	33.649000
1554792454	34.561000
1554792511	41.899000
1554792570	33.793000
1554792630	33.174000
1554792751	33.577000
1554792810	33.506000
1554792932	34.989000
1554792990	33.030000
1554793112	33.677000
1554793170	33.147000
1554793291	33.174000
1554793356	39.448000
1554793411	37.535000
1554793470	35.921000
1554793530	37.191000
1554793652	33.640000
1554793710	33.515000
1554793770	33.189000
1554793892	33.472000
1554793951	33.123000
1554794011	33.500000
1554794071	33.550000
1554794190	33.106000
1554794253	36.580000
1554794311	55.255000
1554794371	33.498000
1554794430	33.469000
1554794552	33.338000
1554794611	33.237000
1554794671	33.239000
1554794792	33.610000
1554794850	33.244000
1554794910	33.555000
1554794970	33.232000
1554795090	33.141000
1554795152	33.402000
1554795211	60.023000
1554795271	33.326000
1554795330	33.650000
1554795391	33.425000
1554795512	33.317000
1554795570	33.365000
1554795630	33.606000
1554795752	33.411000
1554795810	33.542000
1554795934	33.787000
1554795991	33.580000
1554796052	35.385000
1554796111	62.997000
1554796171	33.549000
1554796230	33.436000
1554796290	34.403000
1554796412	33.096000
1554796471	33.384000
1554796530	33.283000
1554796590	33.442000
1554796712	33.254000
1554796771	33.152000
1554796832	39.447000
1554796891	33.738000
1554796954	52.996000
1554797011	78.731000
1554797070	33.297000
1554797131	33.549000
1554797190	33.160000
1554797250	33.452000
1554797310	33.107000
1554797433	33.451000
1554797491	33.230000
1554797551	33.532000
1554797610	33.131000
1554797670	33.535000
1554797731	37.503000
1554797790	33.380000
1554797851	36.514000
1554797911	95.394000
1554797970	33.156000
1554798030	33.136000
1554798090	33.327000
1554798212	33.009000
1554798271	33.563000
1554798330	33.113000
1554798452	33.570000
1554798510	33.105000
1554798570	33.522000
1554798631	37.724000
1554798691	34.237000
1554798755	54.911000
1554798812	52.675000
1554798870	33.236000
1554798930	33.406000
1554798991	33.373000
1554799050	33.191000
1554799110	33.508000
1554799170	33.165000
1554799230	33.384000
1554799353	33.093000
1554799411	33.429000
1554799470	33.235000
1554799591	33.081000
1554799656	43.455000
1554799710	38.734000
1554799770	33.486000
1554799830	33.181000
1554799890	33.217000
1554800011	33.684000
1554800071	33.595000
1554800130	33.512000
1554800191	33.323000
1554800251	33.060000
1554800310	33.558000
1554800370	33.316000
1554800491	33.677000
1554800555	34.190000
1554800611	33.591000
1554800671	33.195000
1554800792	33.406000
1554800850	33.121000
1554800910	33.426000
1554801032	33.630000
1554801091	33.403000
1554801151	33.541000
1554801210	33.140000
1554801270	33.539000
1554801332	33.657000
1554801391	33.580000
1554801453	42.111000
1554801512	85.531000
1554801570	33.278000
1554801630	33.207000
1554801690	33.515000
1554801812	33.341000
1554801871	33.341000
1554801930	33.530000
1554801990	33.565000
1554802050	33.429000
1554802172	33.618000
1554802232	33.707000
1554802291	33.109000
1554802352	34.085000
1554802410	65.660000
1554802471	33.553000
1554802534	33.640000
1554802652	33.591000
1554802711	33.434000
1554802771	33.484000
1554802830	33.382000
1554802890	36.559000
1554802950	33.507000
1554803072	33.550000
1554803133	37.629000
1554803191	33.293000
1554803254	33.862000
1554803311	57.582000
1554803370	33.172000
1554803430	33.518000
1554803552	33.398000
1554803610	33.126000
1554803732	33.357000
1554803791	33.301000
1554803850	33.515000
1554803972	33.215000
1554804032	34.550000
1554804091	35.340000
1554804154	34.292000
1554804210	39.304000
1554804270	33.731000
1554804330	33.284000
1554804452	33.589000
1554804511	33.125000
1554804632	33.596000
1554804690	33.289000
1554804750	33.565000
1554804872	33.484000
1554804991	33.567000
1554805050	33.435000
1554805110	33.662000
1554805232	33.008000
1554805291	33.587000
1554805351	33.469000
1554805410	33.534000
1554805470	33.279000
1554805530	33.602000
1554805590	33.199000
1554805651	33.608000
1554805711	33.164000
1554805770	33.525000
1554805891	33.514000
1554805954	35.844000
1554806012	68.847000
1554806071	33.288000
1554806192	33.249000
1554806251	33.381000
1554806310	33.622000
1554806371	39.517000
1554806430	33.621000
1554806552	33.355000
1554806611	33.200000
1554806734	35.578000
1554806790	33.153000
1554806854	35.630000
1554806912	96.186000
1554806970	33.713000
1554807031	33.507000
1554807090	33.620000
1554807150	33.504000
1554807273	33.388000
1554807331	33.846000
1554807390	33.643000
1554807450	33.668000
1554807572	33.556000
1554807632	33.568000
1554807690	33.445000
1554807755	38.602000
1554807811	33.886000
1554807870	33.181000
1554807930	33.577000
1554808051	33.234000
1554808110	34.941000
1554808232	33.150000
1554808290	33.703000
1554808350	33.303000
1554808410	33.219000
1554808470	34.452000
1554808532	38.397000
1554808591	33.493000
1554808652	33.682000
1554808711	86.109000
1554808770	33.534000
1554808830	33.511000
1554808952	33.239000
1554809010	33.536000
1554809074	33.707000
1554809192	33.618000
1554809250	33.604000
1554809372	33.450000
1554809432	33.488000
1554809490	34.198000
1554809553	48.219000
1554809611	46.107000
1554809670	33.437000
1554809792	33.155000
1554809850	34.128000
1554809910	33.425000
1554810032	33.504000
1554810091	33.614000
1554810151	33.382000
1554810210	34.367000
1554810334	33.548000
1554810391	33.447000
1554810454	45.327000
1554810512	52.960000
1554810570	33.238000
1554810692	45.732000
1554810751	33.567000
1554810811	33.417000
1554810871	33.265000
1554810930	33.389000
1554810990	33.389000
1554811124	33.325000
1554811171	33.465000
1554811291	33.552000
1554811355	34.010000
1554811411	33.214000
1554811471	33.481000
1554811531	33.048000
1554811591	33.700000
1554811650	33.014000
1554811710	34.085000
1554811832	33.458000
1554811890	33.366000
1554811950	33.276000
1554812011	33.538000
1554812133	37.706000
1554812191	33.282000
1554812255	51.091000
1554812311	46.688000
1554812371	33.448000
1554812430	33.128000
1554812490	33.394000
1554812612	33.557000
1554812671	33.340000
1554812730	32.998000
1554812852	33.909000
1554812911	33.514000
1554812971	34.387000
1554813090	33.156000
1554813153	38.858000
1554813211	77.445000
1554813271	33.583000
1554813393	33.609000
1554813450	33.404000
1554813510	33.467000
1554813632	33.789000
1554813691	33.622000
1554813750	38.004000
1554813872	33.700000
1554813932	32.971000
1554813991	33.027000
1554814054	37.354000
1554814111	44.000000
1554814170	33.239000
1554814292	33.724000
1554814350	35.633000
1554814472	34.085000
1554814531	33.268000
1554814591	33.573000
1554814651	33.369000
1554814711	33.387000
1554814834	39.517000
1554814891	33.591000
1554814956	42.760000
1554815011	50.214000
1554815071	33.584000
1554815131	33.639000
1554815252	34.051000
1554815311	33.681000
1554815371	33.771000
1554815430	33.199000
1554815490	33.618000
1554815550	33.251000
1554815673	33.194000
1554815732	36.708000
1554815791	33.793000
1554815856	47.660000
1554815911	34.497000
1554815972	33.901000
1554816031	33.810000
1554816090	33.381000
1554816150	34.849000
1554816210	33.436000
1554816332	33.625000
1554816391	33.202000
1554816450	33.820000
1554816510	33.555000
1554816634	35.854000
1554816691	33.188000
1554816755	46.703000
1554816811	64.696000
1554816871	33.471000
1554816931	33.216000
1554817053	33.705000
1554817110	33.248000
1554817170	33.126000
1554817230	33.547000
1554817353	33.457000
1554817411	33.427000
1554817471	33.556000
1554817532	36.960000
1554817591	33.386000
1554817656	41.169000
1554817711	54.016000
1554817771	33.664000
1554817830	33.061000
1554817890	35.245000
1554817950	33.005000
1554818010	33.490000
1554818132	33.426000
1554818190	33.518000
1554818250	33.515000
1554818372	33.428000
1554818432	39.253000
1554818491	33.260000
1554818557	39.358000
1554818611	51.068000
1554818671	33.505000
1554818730	33.193000
1554818790	33.133000
1554818914	33.488000
1554818971	33.426000
1554819031	33.256000
1554819091	33.564000
1554819150	33.362000
1554819210	33.624000
1554819270	36.768000
1554819390	33.424000
1554819454	43.437000
1554819511	72.906000
1554819570	35.220000
1554819631	33.608000
1554819690	33.562000
1554819750	33.564000
1554819810	33.545000
1554819870	33.452000
1554819992	33.544000
1554820051	33.338000
1554820110	33.352000
1554820170	33.567000
1554820232	38.829000
1554820290	33.388000
1554820354	55.817000
1554820411	33.412000
1554820470	33.558000
1554820531	33.614000
1554820590	33.449000
1554820650	33.502000
1554820772	33.351000
1554820830	33.590000
1554820890	33.611000
1554820950	33.593000
1554821072	33.516000
1554821132	34.201000
1554821191	33.363000
1554821255	50.318000
1554821310	66.798000
1554821370	35.862000
1554821430	33.743000
1554821490	33.487000
1554821612	34.626000
1554821671	33.479000
1554821730	33.540000
1554821791	33.465000
1554821850	34.985000
1554821910	33.260000
1554821971	33.561000
1554822032	39.540000
1554822091	33.591000
1554822153	44.601000
1554822211	66.731000
1554822271	33.338000
1554822330	39.793000
1554822452	35.732000
1554822510	33.435000
1554822571	33.570000
1554822692	45.040000
1554822750	33.015000
1554822810	33.453000
1554822870	33.605000
1554822932	39.873000
1554822990	33.381000
1554823054	46.385000
1554823111	53.892000
1554823170	33.540000
1554823292	33.498000
1554823350	33.489000
1554823410	33.419000
1554823470	34.945000
1554823530	33.220000
1554823652	33.690000
1554823710	33.436000
1554823770	33.439000
1554823833	36.818000
1554823891	33.345000
1554823954	42.231000
1554824011	46.411000
1554824070	35.180000
1554824131	33.537000
1554824252	33.440000
1554824310	33.806000
1554824370	33.318000
1554824492	33.244000
1554824551	33.326000
1554824611	33.619000
1554824671	33.394000
1554824790	33.324000
1554824854	43.865000
1554824910	57.074000
1554824971	33.322000
1554825030	33.513000
1554825152	33.241000
1554825211	33.074000
1554825271	33.394000
1554825330	33.192000
1554825390	33.429000
1554825512	32.955000
1554825570	34.138000
1554825633	34.298000
1554825691	33.276000
1554825756	41.002000
1554825810	46.445000
1554825871	33.469000
1554825930	37.875000
1554825990	33.635000
1554826050	33.270000
1554826110	33.630000
1554826232	34.859000
1554826290	33.382000
1554826350	33.399000
1554826410	33.634000
1554826534	35.419000
1554826591	33.243000
1554826654	38.927000
1554826711	43.033000
1554826771	33.391000
1554826831	33.772000
1554826890	33.470000
1554826951	33.351000
1554827073	33.547000
1554827130	33.169000
1554827190	33.462000
1554827250	33.628000
1554827372	33.499000
1554827432	37.154000
1554827490	33.477000
1554827553	43.090000
1554827611	85.060000
1554827671	33.244000
1554827730	37.902000
1554827790	33.435000
1554827850	33.401000
1554827972	33.333000
1554828031	33.603000
1554828090	33.451000
1554828150	33.638000
1554828210	33.185000
1554828334	38.038000
1554828391	33.193000
1554828455	34.322000
1554828510	38.341000
1554828570	33.371000
1554828692	33.333000
1554828750	33.596000
1554828810	33.273000
1554828932	33.516000
1554828990	33.141000
1554829050	33.516000
1554829110	33.446000
1554829171	33.364000
1554829290	34.954000
1554829353	42.259000
1554829411	84.247000
1554829471	33.626000
1554829530	33.999000
1554829590	33.272000
1554829650	33.590000
1554829711	33.336000
1554829771	33.556000
1554829830	33.337000
1554829891	33.473000
1554830012	35.640000
1554830071	33.550000
1554830131	36.607000
1554830190	34.553000
1554830253	48.431000
1554830311	81.440000
1554830370	33.612000
1554830430	33.513000
1554830553	33.407000
1554830611	33.460000
1554830670	33.530000
1554830730	33.100000
1554830852	33.554000
1554830911	33.183000
1554830971	33.309000
1554831090	33.152000
1554831155	48.278000
1554831211	65.253000
1554831270	33.475000
1554831330	33.350000
1554831390	33.252000
1554831450	33.304000
1554831572	33.592000
1554831631	33.419000
1554831752	33.612000
1554831810	33.622000
1554831870	33.561000
1554831990	33.109000
1554832055	47.746000
1554832111	66.483000
1554832170	33.461000
1554832230	33.315000
1554832352	33.611000
1554832411	33.614000
1554832470	33.438000
1554832530	33.234000
1554832652	33.501000
1554832711	33.487000
1554832771	33.224000
1554832891	33.297000
1554832954	34.729000
1554833011	35.443000
1554833070	33.179000
1554833192	34.775000
1554833251	33.306000
1554833311	33.416000
1554833432	33.174000
1554833490	33.149000
1554833612	33.594000
1554833671	33.459000
1554833732	37.279000
1554833791	33.562000
1554833854	42.237000
1554833910	73.449000
1554833971	33.262000
1554834031	33.469000
1554834090	33.087000
1554834151	33.439000
1554834272	33.163000
1554834330	33.209000
1554834452	33.191000
1554834511	33.125000
1554834570	33.271000
1554834633	37.566000
1554834690	33.417000
1554834753	33.458000
1554834812	76.750000
1554834870	33.360000
1554834930	33.558000
1554835052	33.357000
1554835110	33.104000
1554835170	33.307000
1554835292	33.520000
1554835350	33.317000
1554835410	33.454000
1554835534	37.933000
1554835591	33.149000
1554835652	33.551000
1554835711	88.104000
1554835771	33.172000
1554835892	33.599000
1554835950	33.294000
1554836011	33.460000
1554836132	33.511000
1554836191	33.436000
1554836250	33.972000
1554836310	33.896000
1554836370	34.047000
1554836434	35.225000
1554836491	34.024000
1554836554	35.963000
1554836610	53.205000
1554836671	33.730000
1554836792	34.163000
1554836850	33.835000
1554836910	33.901000
1554837032	34.263000
1554837091	34.166000
1554837151	34.213000
1554837211	34.209000
1554837270	34.090000
1554837332	37.133000
1554837390	34.217000
1554837453	36.828000
1554837512	76.992000
1554837570	34.094000
1554837632	34.296000
1554837752	33.931000
1554837810	34.259000
1554837870	33.933000
1554837930	34.320000
1554837991	34.024000
1554838112	34.352000
1554838170	33.942000
1554838233	38.534000
1554838290	34.311000
1554838353	34.577000
1554838410	54.498000
1554838471	34.282000
1554838531	33.759000
1554838591	36.145000
1554838651	33.984000
1554838710	34.153000
1554838770	34.010000
1554838831	34.340000
1554838890	33.818000
1554838950	34.302000
1554839073	33.991000
1554839133	37.871000
1554839190	33.872000
1554839254	46.289000
1554839311	80.834000
1554839371	33.909000
1554839430	34.311000
1554839491	34.148000
1554839613	35.801000
1554839670	34.298000
1554839792	34.245000
1554839851	34.179000
1554839911	34.333000
1554839970	34.022000
1554840032	37.528000
1554840090	34.629000
1554840153	34.316000
1554840211	53.196000
1554840271	33.916000
1554840331	33.960000
1554840391	34.398000
1554840451	34.315000
1554840510	33.865000
1554840570	34.238000
1554840630	34.070000
1554840753	34.299000
1554840811	34.109000
1554840871	34.338000
1554840932	42.847000
1554840991	33.689000
1554841054	36.706000
1554841111	74.623000
1554841171	34.007000
1554841231	34.160000
1554841290	34.058000
1554841351	34.097000
1554841410	34.082000
1554841470	34.224000
1554841593	34.011000
1554841651	34.107000
1554841711	34.268000
1554841771	34.327000
1554841891	34.249000
1554841954	43.602000
1554842011	81.404000
1554842071	34.274000
1554842130	34.069000
1554842252	34.317000
1554842311	34.236000
1554842371	34.023000
1554842430	37.567000
1554842490	34.093000
1554842613	34.237000
1554842671	34.260000
1554842732	37.675000
1554842791	34.162000
1554842852	34.167000
1554842912	99.376000
1554842971	34.207000
1554843031	34.491000
1554843091	34.159000
1554843151	33.879000
1554843210	34.111000
1554843270	33.881000
1554843330	34.265000
1554843452	33.968000
1554843511	34.063000
1554843571	34.197000
1554843632	40.201000
1554843690	34.220000
1554843754	39.946000
1554843811	62.471000
1554843871	34.355000
1554843931	34.159000
1554843991	34.257000
1554844050	33.999000
1554844110	34.146000
1554844231	34.071000
1554844290	34.324000
1554844350	34.087000
1554844472	34.028000
1554844532	37.246000
1554844591	33.484000
1554844653	42.677000
1554844712	87.295000
1554844770	33.385000
1554844830	33.651000
1554844952	33.537000
1554845010	33.332000
1554845071	33.456000
1554845130	33.146000
1554845190	33.539000
1554845312	33.180000
1554845371	33.369000
1554845490	33.446000
1554845553	36.447000
1554845611	79.953000
1554845670	33.475000
1554845731	33.330000
1554845852	33.619000
1554845910	33.382000
1554846032	33.526000
1554846091	33.314000
1554846150	33.626000
1554846211	33.205000
1554846334	38.649000
1554846390	33.262000
1554846453	51.677000
1554846511	92.480000
1554846570	33.729000
1554846692	33.376000
1554846751	33.333000
1554846810	34.120000
1554846870	33.521000
1554846930	33.684000
1554846990	33.627000
1554847112	33.787000
1554847171	33.211000
1554847290	33.345000
1554847352	54.114000
1554847411	33.488000
1554847471	33.621000
1554847530	33.574000
1554847590	33.538000
1554847651	33.297000
1554847772	33.508000
1554847830	33.293000
1554847890	33.563000
1554847951	33.582000
1554848072	33.687000
1554848191	35.381000
1554848250	33.605000
1554848372	33.312000
1554848431	34.370000
1554848491	33.163000
1554848550	33.492000
1554848611	33.275000
1554848732	33.697000
1554848790	33.142000
1554848912	33.640000
1554848971	33.662000
1554849090	33.152000
1554849152	37.071000
1554849211	33.536000
1554849270	33.535000
1554849330	33.089000
1554849391	33.608000
1554849512	33.657000
1554849570	33.616000
1554849692	33.611000
1554849751	33.358000
1554849810	33.601000
1554849934	36.686000
1554849991	33.609000
1554850053	46.743000
1554850111	83.292000
1554850171	33.149000
1554850230	33.485000
1554850290	33.321000
1554850413	33.450000
1554850471	33.190000
1554850530	33.303000
1554850591	33.465000
1554850650	33.308000
1554850710	33.598000
1554850834	37.437000
1554850892	33.435000
1554850953	34.627000
1554851011	36.774000
1554851071	33.191000
1554851131	33.566000
1554851190	33.423000
1554851250	33.496000
1554851372	33.022000
1554851431	33.578000
1554851491	33.107000
1554851551	33.501000
1554851610	33.500000
1554851670	33.519000
1554851732	35.655000
1554851790	33.892000
1554851852	33.506000
1554851910	80.942000
1554851971	33.084000
1554852092	33.515000
1554852152	33.163000
1554852211	33.558000
1554852270	33.268000
1554852330	34.764000
1554852452	34.450000
1554852510	33.494000
1554852634	36.354000
1554852692	33.861000
1554852754	42.137000
1554852811	80.016000
1554852870	33.212000
1554852992	33.299000
1554853051	33.317000
1554853110	33.230000
1554853171	33.697000
1554853292	33.518000
1554853351	33.158000
1554853411	33.710000
1554853534	35.557000
1554853591	33.614000
1554853655	52.733000
1554853710	42.510000
1554853771	33.383000
1554853904	36.958000
1554853950	33.565000
1554854010	33.511000
1554854132	33.323000
1554854191	33.952000
1554854251	33.131000
1554854310	33.357000
1554854370	33.554000
1554854491	33.057000
1554854555	53.154000
1554854611	41.141000
1554854670	33.669000
1554854731	33.078000
1554854852	33.488000
1554854910	33.233000
1554854970	33.528000
1554855092	32.924000
1554855150	33.724000
1554855211	33.362000
1554855270	33.531000
1554855391	33.503000
1554855453	36.534000
1554855511	48.596000
1554855570	33.194000
1554855630	33.241000
1554855752	33.606000
1554855811	33.293000
1554855871	36.968000
1554855930	33.585000
1554856052	33.291000
1554856110	33.344000
1554856234	37.627000
1554856291	33.527000
1554856353	41.876000
1554856411	77.825000
1554856470	33.528000
1554856530	33.235000
1554856653	33.558000
1554856711	33.631000
1554856771	33.466000
1554856831	33.251000
1554856891	33.609000
1554856950	33.580000
1554857010	33.654000
1554857134	35.639000
1554857191	33.497000
1554857254	45.441000
1554857311	65.408000
1554857370	33.268000
1554857492	33.457000
1554857551	33.189000
1554857611	33.479000
1554857671	33.545000
1554857731	33.294000
1554857790	33.527000
1554857850	33.579000
1554857972	33.469000
1554858032	35.349000
1554858091	33.289000
1554858155	46.937000
1554858211	49.019000
1554858270	33.638000
1554858393	33.201000
1554858451	33.467000
1554858511	33.340000
1554858570	33.555000
1554858692	33.266000
1554858750	33.137000
1554858810	33.454000
1554858870	33.440000
1554858931	33.270000
1554858990	33.684000
1554859054	50.418000
1554859111	64.341000
1554859170	33.333000
1554859291	33.579000
1554859351	33.276000
1554859411	36.267000
1554859471	33.586000
1554859531	33.251000
1554859591	33.250000
1554859651	33.591000
1554859711	33.306000
1554859771	33.563000
1554859891	33.524000
1554859955	33.395000
1554860011	52.352000
1554860071	34.063000
1554860131	33.562000
1554860191	33.322000
1554860250	33.621000
1554860311	33.214000
1554860371	33.500000
1554860430	33.552000
1554860491	33.502000
1554860551	33.587000
1554860610	32.968000
1554860670	33.658000
1554860746	34.044000
1554860790	32.982000
1554860852	33.619000
1554860911	57.236000
1554860971	33.668000
1554861030	33.217000
1554861091	33.651000
1554861212	33.147000
1554861270	33.587000
1554861330	33.175000
1554861452	33.521000
1554861511	33.089000
1554861570	33.193000
1554861691	33.326000
1554861755	51.450000
1554861811	73.154000
1554861871	33.273000
1554861930	33.596000
1554861990	33.252000
1554862112	33.721000
1554862170	33.192000
1554862292	33.580000
1554862351	33.047000
1554862410	33.271000
1554862470	33.101000
1554862591	33.529000
1554862655	41.106000
1554862712	66.079000
1554862771	33.426000
1554862892	33.590000
1554862950	33.199000
1554863073	33.206000
1554863131	33.547000
1554863191	33.466000
1554863251	33.528000
1554863310	33.331000
1554863370	33.751000
1554863491	33.456000
1554863554	37.389000
1554863611	53.876000
1554863670	33.364000
1554863730	33.522000
1554863790	33.057000
1554863913	33.705000
1554863971	33.587000
1554864092	33.329000
1554864150	33.537000
1554864210	33.202000
1554864333	36.060000
1554864390	36.181000
1554864457	70.098000
1554864510	86.294000
1554864571	33.586000
1554864631	33.220000
1554864690	33.628000
1554864750	33.184000
1554864873	33.591000
1554864931	33.100000
1554864990	33.494000
1554865050	33.328000
1554865110	33.524000
1554865170	33.400000
1554865232	40.131000
1554865291	33.090000
1554865356	43.312000
1554865411	41.920000
1554865471	33.544000
1554865530	33.190000
1554865590	33.569000
1554865712	33.095000
1554865771	33.558000
1554865831	33.207000
1554865890	33.635000
1554865951	33.048000
1554866073	33.629000
1554866134	33.437000
1554866190	33.195000
1554866254	46.074000
1554866312	80.595000
1554866371	33.513000
1554866430	33.561000
1554866490	33.563000
1554866613	33.503000
1554866672	33.377000
1554866731	33.524000
1554866790	33.219000
1554866850	33.574000
1554866911	33.048000
1554866971	33.293000
1554867090	33.503000
1554867154	40.777000
1554867211	39.204000
1554867271	33.334000
1554867330	33.559000
1554867390	33.218000
1554867451	33.581000
1554867572	33.158000
1554867631	33.451000
1554867691	33.902000
1554867750	33.310000
1554867810	33.164000
1554867934	36.256000
1554867991	33.300000
1554868053	36.614000
1554868110	33.133000
1554868171	33.499000
1554868230	33.584000
1554868290	33.501000
1554868350	33.176000
1554868410	33.557000
1554868471	33.595000
1554868531	33.045000
1554868590	33.534000
1554868650	33.288000
1554868772	33.163000
1554868832	35.517000
1554868891	32.974000
1554868955	47.855000
1554869011	47.138000
1554869071	33.127000
1554869131	33.561000
1554869190	33.522000
1554869250	33.542000
1554869311	33.159000
1554869432	33.623000
1554869491	33.179000
1554869551	33.724000
1554869610	33.390000
1554869670	33.527000
1554869791	33.512000
1554869854	37.472000
1554869911	41.893000
1554869970	33.578000
1554870031	33.581000
1554870152	33.086000
1554870210	33.516000
1554870270	33.173000
1554870392	33.363000
1554870450	33.635000
1554870510	33.082000
1554870570	33.616000
1554870631	35.822000
1554870691	33.427000
1554870755	58.595000
1554870811	33.750000
1554870870	33.260000
1554870930	33.537000
1554871052	33.223000
1554871111	33.524000
1554871170	33.193000
1554871230	33.657000
1554871352	33.182000
1554871411	33.605000
1554871471	33.404000
1554871532	35.344000
1554871591	33.616000
1554871655	33.740000
1554871711	41.745000
1554871775	33.585000
1554871892	33.360000
1554871951	33.658000
1554872011	33.214000
1554872070	33.682000
1554872192	33.223000
1554872251	33.638000
1554872373	33.445000
1554872433	40.320000
1554872491	33.188000
1554872556	50.845000
1554872611	52.851000
1554872670	33.501000
1554872735	33.152000
1554872791	33.487000
1554872850	33.296000
1554872910	33.537000
1554873032	33.305000
1554873091	33.639000
1554873151	32.988000
1554873210	33.511000
1554873270	33.205000
1554873391	33.063000
1554873455	55.064000
1554873511	33.441000
1554873571	33.490000
1554873630	33.337000
1554873752	33.516000
1554873811	33.428000
1554873871	33.496000
1554873930	33.116000
1554873991	33.502000
1554874112	33.573000
1554874170	33.407000
1554874232	35.288000
1554874290	33.345000
1554874353	54.744000
1554874412	69.235000
1554874470	33.483000
1554874531	33.062000
1554874591	33.460000
1554874712	33.558000
1554874770	34.284000
1554874830	33.592000
1554874952	33.301000
1554875011	33.552000
1554875071	33.254000
1554875191	33.250000
1554875252	33.592000
1554875311	73.500000
1554875371	33.392000
1554875430	33.457000
1554875491	33.106000
1554875612	33.618000
1554875670	33.126000
1554875730	33.603000
1554875790	33.195000
1554875912	33.594000
1554875971	33.255000
1554876091	33.264000
1554876154	41.378000
1554876211	67.476000
1554876271	33.416000
1554876392	34.735000
1554876450	33.647000
1554876573	33.553000
1554876631	33.627000
1554876752	33.556000
1554876811	33.444000
1554876871	33.266000
1554876991	33.321000
1554877054	38.061000
1554877111	68.581000
1554877171	33.432000
1554877231	33.257000
1554877290	34.443000
1554877350	33.234000
1554877410	33.548000
1554877532	33.182000
1554877591	33.381000
1554877650	33.583000
1554877711	33.545000
1554877771	33.586000
1554877832	39.021000
1554877890	33.020000
1554877954	33.485000
1554878012	74.129000
1554878070	33.543000
1554878130	33.448000
1554878252	33.664000
1554878311	33.042000
1554878371	33.632000
1554878430	33.453000
1554878552	35.552000
1554878612	33.140000
1554878670	33.530000
1554878791	33.585000
1554878855	33.254000
1554878911	38.446000
1554878970	33.521000
1554879093	32.927000
1554879151	33.669000
1554879211	33.175000
1554879270	33.263000
1554879331	34.262000
1554879390	33.445000
1554879450	33.632000
1554879510	34.870000
1554879570	33.896000
1554879632	33.836000
1554879691	33.602000
1554879755	34.979000
1554879810	47.654000
1554879870	33.532000
1554879930	33.453000
1554879991	33.528000
1554880050	33.344000
1554880110	33.264000
1554880232	33.519000
1554880291	33.642000
1554880351	33.555000
1554880410	33.075000
1554880471	33.438000
1554880591	33.402000
1554880652	36.681000
1554880712	50.489000
1554880771	33.620000
1554880831	33.544000
1554880952	33.168000
1554881010	33.548000
1554881071	33.436000
1554881192	33.575000
1554881250	33.322000
1554881372	33.468000
1554881432	37.093000
1554881490	33.234000
1554881553	38.434000
1554881611	60.652000
1554881670	33.543000
1554881731	38.452000
1554881791	33.652000
1554881850	33.577000
1554881911	33.310000
1554882032	33.630000
1554882091	33.222000
1554882150	33.311000
1554882210	33.336000
1554882333	35.159000
1554882390	33.428000
1554882452	33.262000
1554882511	63.098000
1554882571	33.370000
1554882630	33.242000
1554882690	33.253000
1554882750	33.348000
1554882810	33.101000
1554882932	33.272000
1554882991	33.592000
1554883050	33.759000
1554883110	33.257000
1554883170	36.627000
1554883232	36.676000
1554883291	33.455000
1554883357	47.390000
1554883411	33.333000
1554883470	33.143000
1554883591	33.600000
1554883650	33.148000
1554883711	35.315000
1554883771	33.238000
1554883830	33.662000
1554883890	33.029000
1554884012	33.489000
1554884071	33.274000
1554884133	37.020000
1554884191	33.568000
1554884253	33.623000
1554884312	72.465000
1554884371	33.382000
1554884492	33.297000
1554884550	33.531000
1554884610	33.128000
1554884732	33.599000
1554884791	33.400000
1554884851	33.368000
1554884911	33.454000
1554884970	33.171000
1554885090	33.721000
1554885152	33.701000
1554885211	75.467000
1554885271	33.220000
1554885331	33.409000
1554885390	33.548000
1554885451	33.435000
1554885573	33.357000
1554885631	33.485000
1554885691	33.467000
1554885813	33.533000
1554885871	33.355000
1554885933	38.134000
1554885991	33.493000
1554886054	44.298000
1554886111	53.305000
1554886171	33.660000
1554886231	33.475000
1554886290	33.507000
1554886350	33.581000
1554886410	33.413000
1554886532	33.572000
1554886591	33.347000
1554886650	33.340000
1554886772	33.198000
1554886832	36.703000
1554886891	32.931000
1554886955	42.861000
1554887011	46.546000
1554887071	33.603000
1554887130	33.651000
1554887191	33.197000
1554887312	33.294000
1554887371	33.535000
1554887430	33.795000
1554887553	33.620000
1554887611	33.444000
1554887671	33.441000
1554887733	37.347000
1554887791	33.321000
1554887854	48.995000
1554887911	65.712000
1554887971	33.461000
1554888031	33.550000
1554888090	33.321000
1554888150	33.197000
1554888210	33.502000
1554888270	33.554000
1554888392	33.447000
1554888452	33.616000
1554888510	33.498000
1554888570	33.542000
1554888632	34.895000
1554888690	33.652000
1554888754	49.288000
1554888811	69.941000
1554888871	33.217000
1554888930	33.546000
1554888990	33.404000
1554889112	33.541000
1554889171	33.521000
1554889230	33.572000
1554889290	33.764000
1554889413	33.514000
1554889471	33.330000
1554889591	33.860000
1554889654	37.828000
1554889711	78.172000
1554889770	33.374000
1554889893	36.009000
1554889951	33.713000
1554890011	33.256000
1554890071	34.856000
1554890131	33.425000
1554890252	33.507000
1554890311	33.194000
1554890370	33.535000
1554890432	36.282000
1554890491	33.222000
1554890554	46.565000
1554890611	48.287000
1554890671	33.593000
1554890731	33.104000
1554890791	33.278000
1554890850	33.541000
1554890972	33.501000
1554891031	33.188000
1554891090	33.476000
1554891212	33.687000
1554891271	33.165000
1554891391	34.832000
1554891456	57.823000
1554891511	33.179000
1554891570	33.368000
1554891692	33.214000
1554891750	33.576000
1554891810	33.269000
1554891932	35.534000
1554891990	33.466000
1554892112	33.419000
1554892171	33.164000
1554892232	37.022000
1554892291	33.527000
1554892354	47.545000
1554892411	76.443000
1554892471	33.679000
1554892531	33.314000
1554892591	33.633000
1554892650	36.289000
1554892710	35.054000
1554892771	33.188000
1554892830	33.583000
1554892952	33.552000
1554893011	33.357000
1554893134	35.504000
1554893191	33.969000
1554893252	35.509000
1554893311	67.141000
1554893370	36.047000
1554893492	35.240000
1554893551	33.652000
1554893672	33.233000
1554893730	33.579000
1554893790	33.460000
1554893850	33.613000
1554893911	33.230000
1554893971	33.550000
1554894090	33.263000
1554894154	47.204000
1554894211	69.473000
1554894270	33.340000
1554894392	33.196000
1554894451	33.625000
1554894572	33.958000
1554894630	33.393000
1554894690	31.900000
1554894812	33.354000
1554894870	33.622000
1554894931	38.259000
1554894992	31.749000
1554895056	58.473000
1554895111	33.479000
1554895170	33.185000
1554895231	33.297000
1554895290	33.103000
1554895350	33.439000
1554895472	33.367000
1554895531	33.738000
1554895591	33.615000
1554895651	34.169000
1554895711	42.761000
1554895835	32.285000
1554895890	32.044000
1554895950	31.888000
1554896073	33.397000
1554896130	33.042000
1554896190	34.466000
1554896314	35.772000
1554896370	36.506000
1554896492	36.948000
1554896551	36.488000
1554896610	35.831000
1554896670	35.246000
1554896732	38.754000
1554896791	32.039000
1554896852	33.819000
1554896911	75.636000
1554896971	33.944000
1554897031	33.599000
1554897091	33.222000
1554897150	33.318000
1554897210	33.571000
1554897270	33.552000
1554897330	33.916000
1554897452	33.823000
1554897510	34.205000
1554897570	34.416000
1554897634	35.309000
1554897691	35.703000
1554897753	37.087000
1554897811	43.105000
1554897871	41.086000
1554897932	41.508000
1554897993	40.496000
1554898053	40.025000
1554898111	40.758000
1554898171	40.848000
1554898231	38.631000
1554898292	36.831000
1554898350	37.018000
1554898472	36.101000
1554898532	39.055000
1554898591	37.945000
1554898651	38.012000
1554898711	46.415000
1554898771	40.899000
1554898894	40.191000
1554898952	37.863000
1554899012	38.379000
1554899071	37.137000
1554899131	37.044000
1554899253	37.901000
1554899311	37.643000
1554899434	38.626000
1554899491	35.364000
1554899553	35.562000
1554899611	51.960000
1554899671	33.104000
1554899731	33.575000
1554899790	33.426000
1554899912	33.390000
1554899971	36.573000
1554900092	33.566000
1554900150	33.683000
1554900210	33.512000
1554900334	35.941000
1554900391	33.239000
1554900452	34.899000
1554900511	37.095000
1554900571	36.312000
1554900692	36.149000
1554900751	35.972000
1554900873	36.020000
1554900931	34.854000
1554900991	34.635000
1554901112	33.375000
1554901170	33.430000
1554901291	33.388000
1554901355	41.623000
1554901411	72.557000
1554901471	33.277000
1554901531	33.442000
1554901591	33.517000
1554901651	33.882000
1554901710	33.526000
1554901770	33.282000
1554901831	33.523000
1554901952	33.297000
1554902011	33.562000
1554902071	33.636000
1554902192	36.392000
1554902254	34.278000
1554902311	80.033000
1554902370	33.518000
1554902431	33.341000
1554902490	33.339000
1554902550	33.376000
1554902672	33.189000
1554902731	33.551000
1554902791	33.363000
1554902912	33.507000
1554902970	33.586000
1554903031	36.885000
1554903090	33.619000
1554903154	40.915000
1554903211	75.223000
1554903271	33.458000
1554903331	33.561000
1554903390	33.545000
1554903450	33.430000
1554903511	33.673000
1554903570	33.817000
1554903630	33.270000
1554903752	33.741000
1554903811	33.399000
1554903871	33.742000
1554903990	33.279000
1554904054	53.280000
1554904111	90.626000
1554904170	33.562000
1554904230	33.646000
1554904353	33.438000
1554904410	33.665000
1554904470	35.073000
1554904592	34.288000
1554904651	33.701000
1554904772	33.299000
1554904891	33.493000
1554904951	33.223000
1554905011	33.518000
1554905070	33.400000
1554905192	33.567000
1554905251	33.389000
1554905311	33.460000
1554905370	33.718000
1554905430	33.332000
1554905552	33.072000
1554905611	33.589000
1554905671	33.336000
1554905791	33.435000
1554905855	34.042000
1554905911	33.441000
1554905971	33.075000
1554906031	33.465000
1554906090	33.132000
1554906150	33.561000
1554906272	33.579000
1554906330	33.454000
1554906452	33.477000
1554906511	33.132000
1554906571	33.396000
1554906690	33.409000
1554906755	56.552000
1554906811	81.800000
1554906870	33.472000
1554906930	33.174000
1554906991	33.306000
1554907112	33.070000
1554907171	33.523000
1554907292	33.551000
1554907350	33.335000
1554907410	33.216000
1554907534	36.678000
1554907591	33.486000
1554907654	50.111000
1554907711	78.132000
1554907771	33.413000
1554907830	33.502000
1554907890	33.525000
1554908012	33.253000
1554908071	33.622000
1554908130	33.565000
1554908190	33.273000
1554908312	33.427000
1554908371	33.581000
1554908491	33.524000
1554908555	44.992000
1554908610	60.875000
1554908671	33.184000
1554908731	33.643000
1554908791	33.430000
1554908850	33.689000
1554908910	33.490000
1554908970	33.445000
1554909030	35.403000
1554909151	33.530000
1554909211	33.207000
1554909271	33.173000
1554909390	33.333000
1554909454	44.683000
1554909510	63.041000
1554909571	33.547000
1554909631	33.555000
1554909690	33.436000
1554909750	33.455000
1554909872	33.588000
1554909930	33.463000
1554909990	33.456000
1554910113	33.302000
1554910170	33.625000
1554910290	33.160000
1554910353	43.965000
1554910411	76.415000
1554910471	33.915000
1554910530	33.269000
1554910652	33.316000
1554910711	33.508000
1554910771	33.447000
1554910830	33.104000
1554910890	33.370000
1554911012	33.399000
1554911070	33.669000
1554911131	38.282000
1554911190	33.292000
1554911252	33.555000
1554911311	78.714000
1554911370	33.232000
1554911431	33.638000
1554911553	33.621000
1554911610	33.541000
1554911670	33.577000
1554911730	33.456000
1554911852	33.403000
1554911911	33.536000
1554911970	33.124000
1554912033	37.028000
1554912091	33.393000
1554912154	33.827000
1554912210	33.084000
1554912270	33.181000
1554912392	33.053000
1554912450	33.565000
1554912511	33.224000
1554912570	33.404000
1554912631	33.428000
1554912752	33.784000
1554912810	33.430000
1554912933	34.562000
1554912991	33.222000
1554913054	38.468000
1554913110	40.605000
1554913170	33.206000
1554913230	33.426000
1554913290	33.557000
1554913350	33.493000
1554913473	33.131000
1554913530	33.599000
1554913652	33.293000
1554913710	33.592000
1554913771	33.408000
1554913891	33.426000
1554913954	53.312000
1554914011	81.960000
1554914070	33.303000
1554914192	33.564000
1554914250	33.374000
1554914372	33.306000
1554914431	33.335000
1554914490	33.247000
1554914612	33.158000
1554914671	33.161000
1554914732	37.231000
1554914791	33.254000
1554914854	33.937000
1554914910	39.587000
1554914970	33.291000
1554915030	33.508000
1554915090	34.544000
1554915212	33.577000
1554915270	33.152000
1554915391	33.432000
1554915451	33.517000
1554915510	33.464000
1554915570	33.399000
1554915632	37.259000
1554915690	33.891000
1554915754	48.392000
1554915811	78.381000
1554915871	33.494000
1554915931	33.209000
1554915991	33.671000
1554916050	33.344000
1554916110	33.514000
1554916170	33.306000
1554916230	33.667000
1554916290	32.952000
1554916350	33.665000
1554916410	33.873000
1554916534	37.598000
1554916591	33.095000
1554916652	33.931000
1554916710	78.735000
1554916770	33.404000
1554916830	33.648000
1554916891	33.363000
1554917012	33.139000
1554917070	36.219000
1554917193	33.211000
1554917251	40.343000
1554917311	38.562000
1554917371	33.439000
1554917491	33.612000
1554917553	33.903000
1554917611	65.805000
1554917671	33.550000
1554917730	33.564000
1554917790	33.737000
1554917913	33.279000
1554917971	33.187000
1554918031	33.540000
1554918091	33.312000
1554918150	33.465000
1554918210	33.267000
1554918333	35.871000
1554918390	33.808000
1554918451	34.922000
1554918511	86.840000
1554918571	34.908000
1554918630	34.099000
1554918691	35.056000
1554918750	35.209000
1554918810	35.362000
1554918870	34.919000
1554918992	36.982000
1554919050	36.548000
1554919111	37.348000
1554919234	39.973000
1554919291	35.604000
1554919354	36.333000
1554919411	35.167000
1554919471	33.738000
1554919592	33.770000
1554919650	33.982000
1554919710	33.954000
1554919832	34.273000
1554919891	35.799000
1554919950	33.942000
1554920011	34.809000
1554920070	33.607000
1554920131	35.836000
1554920191	33.610000
1554920251	33.811000
1554920311	72.793000
1554920371	33.868000
1554920492	37.397000
1554920551	34.876000
1554920672	33.368000
1554920731	33.618000
1554920790	33.529000
1554920850	33.418000
1554920972	33.354000
1554921032	35.818000
1554921091	33.810000
1554921151	34.137000
1554921211	90.493000
1554921271	34.875000
1554921331	33.965000
1554921391	35.464000
1554921451	35.878000
1554921510	36.674000
1554921571	36.253000
1554921631	36.690000
1554921691	37.026000
1554921751	36.549000
1554921811	36.389000
1554921934	39.688000
1554921991	36.883000
1554922051	36.806000
1554922111	70.542000
1554922171	38.103000
1554922230	34.639000
1554922291	33.807000
1554922412	33.521000
1554922470	33.632000
1554922530	33.568000
1554922652	33.311000
1554922711	33.785000
1554922771	34.037000
1554922890	33.980000
1554922952	33.673000
1554923010	37.690000
1554923071	33.966000
1554923130	35.258000
1554923191	34.972000
1554923312	36.563000
1554923371	39.297000
1554923431	40.138000
1554923492	41.341000
1554923553	41.863000
1554923616	45.140000
1554923741	50.215000
1554923797	48.580000
1554923857	48.631000
1554923916	49.236000
1554923975	49.110000
1554924039	48.876000
1554924098	48.700000
1554924221	49.016000
1554924278	48.812000
1554924402	49.190000
1554924457	49.008000
1554924518	48.941000
1554924577	49.028000
1554924697	49.061000
1554924817	48.822000
1554924876	48.944000
1554924937	48.544000
1554924998	49.077000
1554925059	48.879000
1554925119	48.827000
1554925241	48.677000
1554925295	49.085000
1554925416	49.048000
1554925475	48.483000
1554925536	54.199000
1554925596	47.374000
1554925656	47.672000
1554925715	46.039000
1554925776	42.775000
1554925833	40.159000
1554925891	40.965000
1554925953	40.500000
1554926011	39.876000
1554926071	37.435000
1554926193	39.407000
1554926251	36.661000
1554926372	35.078000
1554926432	41.166000
1554926491	34.056000
1554926552	35.596000
1554926611	62.744000
1554926670	33.464000
1554926731	34.097000
1554926852	35.991000
1554926911	35.459000
1554927032	36.175000
1554927091	36.324000
1554927212	37.005000
1554927270	36.240000
1554927390	36.598000
1554927454	34.397000
1554927511	35.065000
1554927570	33.638000
1554927630	33.469000
1554927752	33.476000
1554927811	33.553000
1554927871	33.241000
1554927931	33.478000
1554928052	33.176000
1554928111	33.486000
1554928171	33.606000
1554928291	33.536000
1554928355	43.852000
1554928410	67.753000
1554928470	33.044000
1554928593	33.478000
1554928651	33.361000
1554928711	33.213000
1554928770	33.287000
1554928831	33.734000
1554928952	33.306000
1554929010	33.615000
1554929135	37.581000
1554929191	33.248000
1554929254	43.388000
1554929311	33.590000
1554929370	33.715000
1554929492	33.390000
1554929551	33.643000
1554929610	33.268000
1554929670	33.576000
1554929792	33.504000
1554929851	33.809000
1554929911	33.147000
1554929970	33.417000
1554930090	33.017000
1554930154	38.507000
1554930211	78.314000
1554930271	33.769000
1554930330	33.281000
1554930390	33.548000
1554930512	33.335000
1554930571	33.283000
1554930630	33.219000
1554930690	33.223000
1554930812	33.622000
1554930871	33.507000
1554930990	33.306000
1554931053	42.547000
1554931111	90.577000
1554931171	33.692000
1554931292	33.148000
1554931351	33.332000
1554931410	33.297000
1554931470	33.337000
1554931592	33.600000
1554931650	33.644000
1554931772	33.267000
1554931833	37.044000
1554931890	33.318000
1554931955	47.360000
1554932011	46.114000
1554932070	33.413000
1554932130	33.083000
1554932253	33.862000
1554932311	33.304000
1554932371	33.498000
1554932492	33.205000
1554932550	33.367000
1554932610	33.565000
1554932734	35.381000
1554932790	32.939000
1554932854	46.580000
1554932911	62.063000
1554932971	33.410000
1554933030	33.370000
1554933090	33.669000
1554933212	33.745000
1554933271	33.714000
1554933330	33.635000
1554933390	33.645000
1554933452	33.214000
1554933511	33.435000
1554933571	33.489000
1554933632	37.382000
1554933691	33.391000
1554933753	63.057000
1554933815	55.667000
1554933871	33.502000
1554933931	33.292000
1554933991	33.522000
1554934112	33.145000
1554934171	33.617000
1554934231	33.408000
1554934290	33.463000
1554934350	33.138000
1554934472	33.520000
1554934532	38.350000
1554934591	33.510000
1554934654	52.075000
1554934711	74.130000
1554934770	33.125000
1554934892	33.517000
1554934951	33.340000
1554935011	33.550000
1554935070	33.027000
1554935130	33.492000
1554935190	33.314000
1554935250	33.665000
1554935311	33.354000
1554935433	36.703000
1554935490	33.385000
1554935554	42.182000
1554935611	76.906000
1554935671	33.518000
1554935730	33.333000
1554935852	33.220000
1554935910	33.598000
1554936032	33.221000
1554936091	33.299000
1554936212	33.357000
1554936271	33.325000
1554936332	37.260000
1554936391	33.737000
1554936453	40.904000
1554936511	53.051000
1554936571	33.323000
1554936630	33.500000
1554936691	33.308000
1554936751	33.648000
1554936810	33.417000
1554936870	33.338000
1554936992	33.489000
1554937051	33.357000
1554937111	33.563000
1554937170	32.966000
1554937290	33.109000
1554937354	44.294000
1554937411	59.399000
1554937470	33.502000
1554937530	33.237000
1554937591	35.381000
1554937712	33.065000
1554937771	33.477000
1554937831	33.359000
1554937891	34.495000
1554937951	33.454000
1554938011	33.527000
1554938070	33.488000
1554938132	37.583000
1554938191	33.805000
1554938252	34.144000
1554938311	63.099000
1554938370	33.742000
1554938430	32.981000
1554938490	33.487000
1554938551	33.652000
1554938672	35.571000
1554938731	33.378000
1554938790	33.876000
1554938850	33.181000
1554938972	33.672000
1554939032	36.760000
1554939091	34.078000
1554939154	41.028000
1554939212	67.226000
1554939271	33.606000
1554939392	33.015000
1554939451	33.429000
1554939510	33.153000
1554939570	33.616000
1554939630	33.173000
1554939752	33.600000
1554939811	33.350000
1554939934	37.664000
1554939991	33.025000
1554940053	39.294000
1554940111	73.327000
1554940171	33.594000
1554940231	33.638000
1554940291	33.282000
1554940350	33.499000
1554940410	33.024000
1554940533	33.513000
1554940591	33.439000
1554940651	33.393000
1554940711	33.069000
1554940770	33.608000
1554940832	36.499000
1554940891	33.649000
1554940952	34.753000
1554941011	76.200000
1554941071	33.520000
1554941131	33.475000
1554941190	33.559000
1554941250	33.262000
1554941310	33.618000
1554941432	33.028000
1554941491	35.454000
1554941551	33.607000
1554941610	33.188000
1554941670	33.565000
1554941734	37.594000
1554941791	33.535000
1554941853	57.119000
1554941911	62.210000
1554941970	33.526000
1554942031	33.100000
1554942152	33.613000
1554942210	33.009000
1554942270	33.637000
1554942392	33.139000
1554942450	33.602000
1554942510	33.523000
1554942634	36.997000
1554942691	33.409000
1554942754	46.829000
1554942815	87.120000
1554942870	33.606000
1554942930	33.264000
1554942991	33.607000
1554943112	33.609000
1554943170	33.752000
1554943230	33.573000
1554943352	33.342000
1554943410	33.528000
1554943470	33.401000
1554943590	33.379000
1554943653	62.210000
1554943711	34.546000
1554943771	33.601000
1554943892	33.166000
1554943950	33.382000
1554944010	33.580000
1554944132	33.315000
1554944191	33.239000
1554944250	33.618000
1554944310	33.352000
1554944370	33.592000
1554944490	33.532000
1554944552	60.141000
1554944611	54.886000
1554944670	34.599000
1554944730	33.603000
1554944852	33.304000
1554944911	33.110000
1554944971	33.205000
1554945030	33.652000
1554945090	33.423000
1554945212	33.550000
1554945270	33.252000
1554945331	37.276000
1554945390	33.048000
1554945455	51.446000
1554945510	58.012000
1554945571	33.222000
1554945631	33.155000
1554945690	33.854000
1554945751	33.196000
1554945872	33.453000
1554945930	33.521000
1554945990	33.408000
1554946112	33.362000
1554946171	33.551000
1554946231	38.131000
1554946291	33.954000
1554946354	48.945000
1554946411	84.513000
1554946470	33.385000
1554946592	33.540000
1554946651	33.532000
1554946710	33.449000
1554946770	33.494000
1554946893	33.562000
1554946951	33.330000
1554947011	33.566000
1554947071	33.185000
1554947131	37.618000
1554947190	33.073000
1554947252	33.793000
1554947312	78.551000
1554947370	33.108000
1554947430	33.550000
1554947490	33.091000
1554947611	33.526000
1554947670	33.222000
1554947792	33.472000
1554947851	33.525000
1554947910	33.518000
1554947971	33.327000
1554948032	33.617000
1554948091	33.420000
1554948153	53.787000
1554948211	90.575000
1554948270	33.125000
1554948330	33.430000
1554948453	33.158000
1554948511	33.547000
1554948571	33.526000
1554948630	33.550000
1554948691	33.392000
1554948812	33.554000
1554948870	33.157000
1554948933	37.120000
1554948991	33.184000
1554949053	35.025000
1554949111	44.180000
1554949171	33.658000
1554949231	33.217000
1554949290	33.685000
1554949350	33.274000
1554949410	33.571000
1554949470	33.094000
1554949592	33.693000
1554949651	33.122000
1554949711	33.587000
1554949770	33.200000
1554949831	37.171000
1554949890	33.085000
1554949953	45.407000
1554950011	91.956000
1554950071	33.956000
1554950192	33.470000
1554950250	34.010000
1554950310	33.440000
1554950432	33.605000
1554950490	33.452000
1554950550	33.476000
1554950610	33.400000
1554950734	39.977000
1554950791	33.280000
1554950854	52.427000
1554950910	55.348000
1554950971	34.379000
1554951030	33.142000
1554951091	33.524000
1554951212	33.485000
1554951270	33.238000
1554951391	33.427000
1554951451	33.553000
1554951510	33.458000
1554951570	33.497000
1554951690	33.687000
1554951754	48.749000
1554951810	39.710000
1554951870	33.612000
1554951930	33.389000
1554952052	33.510000
1554952111	33.141000
1554952171	33.564000
1554952230	33.448000
1554952290	33.638000
1554952412	33.197000
1554952471	33.427000
1554952532	41.125000
1554952591	34.291000
1554952653	51.742000
1554952711	90.972000
1554952771	33.533000
1554952830	33.433000
1554952890	33.388000
1554953012	33.233000
1554953071	33.610000
1554953130	33.181000
1554953190	33.360000
1554953312	33.629000
1554953370	33.093000
1554953433	36.440000
1554953490	33.429000
1554953554	40.799000
1554953610	52.570000
1554953670	33.195000
1554953731	33.563000
1554953790	33.044000
1554953850	33.442000
1554953972	33.566000
1554954031	33.467000
1554954091	33.300000
1554954150	33.674000
1554954210	33.083000
1554954270	33.339000
1554954331	37.029000
1554954390	33.540000
1554954453	58.986000
1554954511	84.627000
1554954570	33.303000
1554954630	33.664000
1554954752	33.177000
1554954811	33.366000
1554954871	33.485000
1554954931	33.569000
1554954990	33.178000
1554955050	33.274000
1554955172	33.273000
1554955232	34.200000
1554955291	33.523000
1554955354	42.683000
1554955410	62.873000
1554955470	33.410000
1554955592	33.538000
1554955650	33.379000
1554955773	33.670000
1554955831	33.470000
1554955890	33.621000
1554956012	33.533000
1554956071	33.358000
1554956190	33.247000
1554956253	45.873000
1554956311	80.413000
1554956371	33.440000
1554956492	33.452000
1554956550	33.532000
1554956611	33.229000
1554956670	33.130000
1554956730	33.587000
1554956852	33.092000
1554956911	33.537000
1554956971	33.195000
1554957090	32.914000
1554957151	55.839000
1554957211	60.128000
1554957270	33.337000
1554957392	33.145000
1554957450	33.570000
1554957510	33.139000
1554957632	33.569000
1554957691	33.148000
1554957751	33.614000
1554957811	33.020000
1554957870	33.455000
1554957990	33.636000
1554958052	55.026000
1554958111	53.834000
1554958170	33.925000
1554958292	33.340000
1554958351	33.427000
1554958410	33.091000
1554958532	33.457000
1554958590	33.725000
1554958712	33.171000
1554958771	33.717000
1554958832	37.594000
1554958891	33.207000
1554958955	50.683000
1554959011	65.925000
1554959071	33.271000
1554959130	33.344000
1554959191	33.368000
1554959312	33.343000
1554959370	33.461000
1554959430	33.487000
1554959490	33.444000
1554959550	33.161000
1554959672	33.531000
1554959732	36.749000
1554959790	33.605000
1554959854	73.780000
1554959911	33.855000
1554959971	33.327000
1554960030	33.534000
1554960152	33.197000
1554960210	34.087000
1554960270	33.508000
1554960392	33.393000
1554960451	33.525000
1554960510	33.147000
1554960634	38.253000
1554960691	34.129000
1554960754	49.867000
1554960810	81.625000
1554960871	33.645000
1554960930	33.523000
1554960990	33.140000
1554961050	33.826000
1554961172	33.236000
1554961230	33.592000
1554961290	33.372000
1554961350	33.361000
1554961472	33.267000
1554961591	32.976000
1554961654	49.927000
1554961711	78.433000
1554961771	33.550000
1554961830	33.247000
1554961891	33.413000
1554961950	33.271000
1554962011	33.581000
1554962071	33.255000
1554962130	33.752000
1554962190	33.394000
1554962250	33.277000
1554962373	33.249000
1554962432	37.502000
1554962491	33.530000
1554962555	56.551000
1554962610	35.019000
1554962671	33.092000
1554962730	33.486000
1554962790	33.156000
1554962912	33.520000
1554962971	33.460000
1554963030	33.201000
1554963090	33.241000
1554963212	33.615000
1554963271	33.251000
1554963332	36.301000
1554963391	33.591000
1554963452	61.951000
1554963511	57.038000
1554963570	33.311000
1554963631	33.555000
1554963690	33.455000
1554963812	33.427000
1554963870	33.712000
1554963930	33.022000
1554964052	40.690000
1554964111	33.547000
1554964171	33.326000
1554964232	36.188000
1554964290	33.129000
1554964354	47.344000
1554964412	76.138000
1554964470	33.240000
1554964532	34.173000
1554964653	33.070000
1554964711	33.384000
1554964771	33.317000
1554964831	33.544000
1554964890	33.334000
1554964950	33.383000
1554965072	37.241000
1554965132	37.320000
1554965190	33.375000
1554965255	49.681000
1554965311	78.044000
1554965370	33.261000
1554965492	35.075000
1554965551	33.267000
1554965610	34.411000
1554965732	33.422000
1554965790	33.680000
1554965850	33.539000
1554965911	33.421000
1554966034	37.850000
1554966091	33.177000
1554966154	33.936000
1554966210	34.738000
1554966270	33.567000
1554966331	33.157000
1554966390	33.568000
1554966450	33.415000
1554966572	33.633000
1554966631	33.351000
1554966691	33.564000
1554966750	33.386000
1554966810	33.280000
1554966935	37.483000
1554966991	33.602000
