time ms
1555162746	18.612000
1555162805	18.685000
1555162865	18.646000
1555162987	18.731000
1555163044	18.670000
1555163105	18.532000
1555163227	18.711000
1555163285	19.971000
1555163346	18.585000
1555163408	44.068000
1555163470	18.918000
1555163527	18.524000
1555163584	18.686000
1555163708	18.562000
1555163765	18.617000
1555163824	18.657000
1555163948	18.583000
1555164005	18.679000
1555164065	18.538000
1555164125	18.672000
1555164185	19.110000
1555164305	102.269000
1555164368	18.915000
1555164429	18.625000
1555164489	18.699000
1555164544	18.703000
1555164605	18.584000
1555164728	18.533000
1555164786	18.736000
1555164845	18.630000
1555164904	18.564000
1555164965	18.611000
1555165086	19.098000
1555165146	18.487000
1555165206	87.159000
1555165274	18.821000
1555165326	18.638000
1555165386	18.609000
1555165507	18.628000
1555165565	18.656000
1555165631	18.565000
1555165747	18.597000
1555165805	18.714000
1555165943	18.611000
1555165985	18.791000
1555166105	111.472000
1555166168	18.690000
1555166228	18.725000
1555166284	18.678000
1555166408	18.589000
1555166465	18.612000
1555166525	18.724000
1555166647	18.564000
1555166705	18.604000
1555166766	18.536000
1555166887	18.864000
1555167006	18.635000
1555167065	18.560000
1555167126	18.580000
1555167184	18.568000
1555167245	18.666000
1555167367	18.574000
1555167424	18.651000
1555167485	18.601000
1555167607	18.698000
1555167665	18.600000
1555167725	18.610000
1555167785	22.414000
1555167905	104.054000
1555167969	18.710000
1555168028	18.647000
1555168085	18.502000
1555168145	18.509000
1555168205	18.507000
1555168264	18.798000
1555168326	18.557000
1555168448	18.582000
1555168505	18.619000
1555168565	18.514000
1555168625	18.629000
1555168752	18.564000
1555168805	98.904000
1555168873	19.236000
1555168929	18.690000
1555168985	18.566000
1555169046	18.634000
1555169104	18.551000
1555169228	18.517000
1555169285	18.663000
1555169349	19.124000
1555169409	18.576000
1555169465	18.613000
1555169524	18.540000
1555169584	18.660000
1555169647	18.497000
1555169707	98.040000
1555169771	18.639000
1555169831	18.599000
1555169884	18.628000
1555169945	18.702000
1555170067	18.627000
1555170125	18.633000
1555170184	18.655000
1555170245	18.597000
1555170367	18.746000
1555170425	18.552000
1555170484	18.600000
1555170546	18.637000
1555170608	45.814000
1555170671	18.598000
1555170727	18.525000
1555170786	18.648000
1555170847	18.694000
1555170906	18.679000
1555170964	18.611000
1555171025	19.689000
1555171150	18.687000
1555171208	18.932000
1555171331	18.607000
1555171385	18.712000
1555171508	25.990000
1555171570	18.826000
1555171629	18.667000
1555171693	18.602000
1555171748	18.579000
1555171877	18.566000
1555171934	18.586000
1555171988	18.568000
1555172048	18.669000
1555172108	18.518000
1555172230	18.868000
1555172287	20.869000
1555172409	69.192000
1555172472	18.955000
1555172530	18.778000
1555172588	18.618000
1555172647	18.613000
1555172708	18.602000
1555172768	18.555000
1555172828	18.551000
1555172952	18.505000
1555173013	18.583000
1555173074	18.557000
1555173134	18.589000
1555173188	18.760000
1555173305	85.380000
1555173373	18.547000
1555173427	18.571000
1555173485	18.602000
1555173545	18.670000
1555173667	18.690000
1555173725	18.650000
1555173785	18.559000
1555173844	18.627000
1555173905	18.631000
1555174028	18.645000
1555174086	18.836000
1555174148	18.562000
1555174207	97.025000
1555174272	18.523000
1555174329	18.552000
1555174385	18.666000
1555174445	20.408000
1555174505	18.669000
1555174565	18.564000
1555174687	18.657000
1555174745	18.521000
1555174805	18.558000
1555174865	18.650000
1555174925	18.641000
1555175052	18.480000
1555175107	96.631000
1555175171	18.542000
1555175227	19.250000
1555175286	18.473000
1555175345	18.610000
1555175405	18.661000
1555175465	18.681000
1555175524	18.654000
1555175585	18.655000
1555175707	18.532000
1555175765	18.645000
1555175825	18.749000
1555175885	18.965000
1555175947	18.512000
1555176007	47.687000
1555176067	18.593000
1555176128	18.586000
1555176185	18.613000
1555176307	18.531000
1555176365	18.569000
1555176488	18.628000
1555176545	18.721000
1555176604	18.622000
1555176665	18.574000
1555176788	18.793000
1555176906	77.367000
1555176971	18.591000
1555177028	18.530000
1555177086	18.586000
1555177145	18.632000
1555177205	18.570000
1555177265	18.565000
1555177325	18.792000
1555177385	18.672000
1555177445	18.566000
1555177505	18.536000
1555177565	18.586000
1555177625	18.597000
1555177685	19.743000
1555177749	19.014000
1555177805	28.505000
1555177867	18.922000
1555177929	18.631000
1555177985	18.583000
1555178045	18.643000
1555178105	18.604000
1555178165	18.699000
1555178226	18.565000
1555178290	18.587000
1555178407	18.572000
1555178464	18.798000
1555178525	18.643000
1555178585	19.719000
1555178705	27.855000
1555178767	18.684000
1555178828	18.637000
1555178885	18.569000
1555179007	19.525000
1555179065	18.640000
1555179125	18.706000
1555179185	18.683000
1555179245	18.718000
1555179368	18.613000
1555179427	18.707000
1555179487	19.121000
1555179608	47.427000
1555179667	18.570000
1555179727	18.573000
1555179785	18.716000
1555179907	18.606000
1555179965	18.555000
1555180024	18.714000
1555180147	18.511000
1555180205	19.120000
1555180265	18.865000
1555180325	18.659000
1555180385	19.124000
1555180448	18.604000
1555180506	47.372000
1555180572	18.802000
1555180626	18.592000
1555180685	18.630000
1555180745	18.577000
1555180869	18.654000
1555180925	18.572000
1555181052	18.597000
1555181105	18.652000
1555181228	18.640000
1555181285	19.899000
1555181347	18.540000
1555181405	106.533000
1555181471	18.460000
1555181534	18.537000
1555181590	18.638000
1555181646	18.677000
1555181767	18.637000
1555181824	18.575000
1555181947	18.726000
1555182006	23.303000
1555182065	18.602000
1555182125	18.563000
1555182185	19.622000
1555182306	108.365000
1555182372	18.542000
1555182429	18.640000
1555182485	18.592000
1555182544	18.601000
1555182670	18.660000
1555182725	18.921000
1555182785	18.599000
1555182846	18.831000
1555182905	18.774000
1555182965	18.625000
1555183088	18.859000
1555183147	18.498000
1555183211	51.606000
1555183276	18.610000
1555183330	18.544000
1555183385	18.786000
1555183507	18.607000
1555183565	18.625000
1555183689	18.612000
1555183745	18.638000
1555183805	18.644000
1555183865	18.567000
1555183987	18.613000
1555184047	18.487000
1555184105	88.666000
1555184173	18.553000
1555184228	18.644000
1555184285	18.492000
1555184345	18.551000
1555184467	18.669000
1555184525	18.604000
1555184585	18.550000
1555184645	18.704000
1555184767	18.658000
1555184825	18.577000
1555184885	19.788000
1555185006	67.374000
1555185070	18.770000
1555185125	18.588000
1555185185	18.605000
1555185307	18.660000
1555185365	18.607000
1555185425	18.554000
1555185547	18.626000
1555185605	18.599000
1555185665	18.666000
1555185787	18.870000
1555185847	18.424000
1555185906	100.345000
1555185970	18.679000
1555186030	18.588000
1555186086	18.620000
1555186207	18.676000
1555186267	18.576000
1555186325	18.539000
1555186447	18.562000
1555186505	18.722000
1555186565	18.582000
1555186625	18.654000
1555186685	19.238000
1555186748	18.570000
1555186805	102.714000
1555186870	18.647000
1555186928	18.713000
1555186985	18.709000
1555187046	18.643000
1555187105	18.714000
1555187167	18.609000
1555187224	18.563000
1555187285	18.593000
1555187345	18.546000
1555187469	18.654000
1555187525	18.621000
1555187649	18.522000
1555187711	28.814000
1555187772	18.970000
1555187832	18.565000
1555187888	18.606000
1555188015	18.641000
1555188072	18.557000
1555188194	18.613000
1555188250	18.707000
1555188368	18.606000
1555188426	18.644000
1555188485	18.684000
1555188548	18.518000
1555188606	85.972000
1555188674	18.535000
1555188729	18.536000
1555188785	18.600000
1555188907	18.714000
1555188969	18.609000
1555189026	18.651000
1555189085	18.573000
1555189212	18.568000
1555189272	18.578000
1555189328	18.552000
1555189449	18.599000
1555189506	88.138000
1555189571	18.694000
1555189629	18.583000
1555189685	18.629000
1555189746	18.650000
1555189868	18.534000
1555189926	18.672000
1555189986	18.657000
1555190108	18.665000
1555190165	18.616000
1555190226	18.560000
1555190286	20.881000
1555190411	78.290000
1555190470	18.932000
1555190527	18.700000
1555190586	18.559000
1555190645	18.673000
1555190768	18.717000
1555190827	18.568000
1555190885	18.579000
1555190945	18.596000
1555191067	18.532000
1555191125	18.559000
1555191185	18.973000
1555191246	18.523000
1555191306	80.581000
1555191371	18.551000
1555191427	18.676000
1555191485	18.605000
1555191545	18.601000
1555191605	18.667000
1555191728	18.626000
1555191785	18.562000
1555191845	18.708000
1555191905	18.567000
1555191965	18.631000
1555192025	18.574000
1555192085	19.949000
1555192205	63.143000
1555192269	19.089000
1555192330	20.989000
1555192385	18.560000
1555192453	18.607000
1555192511	18.615000
1555192566	18.574000
1555192625	18.643000
1555192749	18.643000
1555192806	18.817000
1555192929	18.557000
1555192986	19.285000
1555193106	58.313000
1555193168	19.545000
1555193232	18.610000
1555193286	18.585000
1555193345	18.564000
1555193405	18.672000
1555193465	18.593000
1555193530	18.515000
1555193585	18.579000
1555193645	18.588000
1555193705	18.643000
1555193765	18.628000
1555193888	20.849000
1555193947	18.560000
1555194008	56.421000
1555194069	18.554000
1555194126	18.520000
1555194186	18.561000
1555194306	18.809000
1555194366	18.642000
1555194425	18.553000
1555194548	18.591000
1555194605	18.587000
1555194666	18.671000
1555194725	18.577000
1555194851	18.479000
1555194906	87.613000
1555194973	18.590000
1555195029	18.691000
1555195086	18.707000
1555195145	18.574000
1555195205	18.608000
1555195327	18.599000
1555195385	18.654000
1555195445	18.708000
1555195567	18.648000
1555195625	18.738000
1555195749	18.549000
1555195806	81.522000
1555195872	18.840000
1555195927	18.657000
1555195985	18.549000
1555196109	18.551000
1555196166	18.592000
1555196225	18.657000
1555196347	18.620000
1555196405	18.846000
1555196465	18.586000
1555196588	19.184000
1555196648	18.512000
1555196706	110.980000
1555196768	18.810000
1555196829	18.643000
1555196893	18.637000
1555196948	18.645000
1555197068	18.724000
1555197125	18.718000
1555197185	18.594000
1555197245	18.630000
1555197305	22.678000
1555197370	18.676000
1555197425	18.684000
1555197485	19.044000
1555197546	18.486000
1555197605	102.421000
1555197677	18.574000
1555197729	18.609000
1555197785	19.122000
1555197845	18.676000
1555197906	18.620000
1555197965	18.661000
1555198026	18.678000
1555198091	18.646000
1555198145	18.621000
1555198267	18.597000
1555198325	18.594000
1555198449	18.575000
1555198513	22.537000
1555198568	18.498000
1555198629	18.635000
1555198685	18.581000
1555198807	18.601000
1555198865	18.563000
1555198926	18.686000
1555199048	18.654000
1555199106	19.172000
1555199232	18.592000
1555199286	18.782000
1555199347	18.627000
1555199406	70.729000
1555199467	18.740000
1555199527	18.786000
1555199586	18.603000
1555199645	18.582000
1555199705	18.619000
1555199766	18.816000
1555199825	18.710000
1555199948	18.687000
1555200006	18.573000
1555200066	18.607000
1555200125	18.672000
1555200258	18.619000
1555200306	74.021000
1555200370	19.484000
1555200430	18.592000
1555200486	18.541000
1555200545	18.574000
1555200605	18.535000
1555200665	18.553000
1555200725	18.850000
1555200847	18.799000
1555200905	18.589000
1555201027	18.556000
1555201086	18.812000
1555201207	35.985000
1555201268	18.756000
1555201329	18.600000
1555201386	18.596000
1555201445	18.568000
1555201505	18.892000
1555201565	18.582000
1555201625	18.647000
1555201749	18.850000
1555201805	18.575000
1555201928	18.587000
1555201986	18.788000
1555202047	18.546000
1555202106	36.464000
1555202168	23.274000
1555202227	18.593000
1555202285	18.615000
1555202408	18.611000
1555202467	18.635000
1555202600	19.647000
1555202645	18.679000
1555202705	19.680000
1555202765	18.682000
1555202825	18.607000
1555202950	18.583000
1555203005	79.719000
1555203072	18.664000
1555203130	18.591000
1555203185	18.564000
1555203308	18.522000
1555203367	18.593000
1555203435	18.642000
1555203489	18.733000
1555203545	18.562000
1555203605	18.600000
1555203665	18.571000
1555203725	18.673000
1555203849	18.573000
1555203906	104.635000
1555203969	18.592000
1555204027	18.601000
1555204085	18.672000
1555204146	19.205000
1555204267	18.573000
1555204325	18.819000
1555204386	18.557000
1555204445	18.612000
1555204570	20.404000
1555204626	18.682000
1555204685	18.777000
1555204807	44.936000
1555204868	18.793000
1555204929	18.555000
1555204985	23.461000
1555205045	18.659000
1555205105	18.615000
1555205165	18.624000
1555205225	18.582000
1555205347	18.705000
1555205405	18.624000
1555205528	18.690000
1555205586	18.769000
1555205706	41.697000
1555205770	19.136000
1555205827	18.565000
1555205885	18.589000
1555206007	18.620000
1555206065	18.683000
1555206125	23.189000
1555206247	18.680000
1555206305	18.585000
1555206427	18.584000
1555206485	18.853000
1555206547	18.533000
1555206605	68.687000
1555206668	18.593000
1555206730	18.604000
1555206793	18.605000
1555206849	18.535000
1555206905	18.544000
1555207028	18.544000
1555207085	18.632000
1555207146	18.718000
1555207206	18.603000
1555207266	18.578000
1555207326	18.589000
1555207450	18.548000
1555207505	41.531000
1555207567	18.501000
1555207628	18.633000
1555207686	18.742000
1555207818	18.619000
1555207874	18.643000
1555207988	18.740000
1555208045	18.602000
1555208167	18.608000
1555208225	18.666000
1555208351	18.594000
1555208407	114.705000
1555208473	18.752000
1555208529	18.654000
1555208586	18.534000
1555208645	18.506000
1555208706	18.657000
1555208828	18.594000
1555208888	18.547000
1555209008	18.625000
1555209066	18.582000
1555209125	18.678000
1555209251	18.529000
1555209306	91.175000
1555209369	19.623000
1555209430	18.645000
1555209486	18.635000
1555209546	18.645000
1555209606	18.603000
1555209666	18.691000
1555209725	18.514000
1555209786	18.601000
1555209845	20.025000
1555209905	18.551000
1555209965	18.513000
1555210027	18.564000
1555210091	19.107000
1555210206	61.846000
1555210275	18.760000
1555210329	18.590000
1555210385	18.556000
1555210512	18.605000
1555210566	18.517000
1555210626	18.553000
1555210686	18.499000
1555210746	18.621000
1555210805	18.556000
1555210865	18.608000
1555210926	18.715000
1555211050	18.518000
1555211106	72.663000
1555211171	18.773000
1555211226	18.684000
1555211285	18.579000
1555211345	18.664000
1555211468	18.578000
1555211526	18.519000
1555211585	18.617000
1555211645	18.525000
1555211705	18.527000
1555211765	18.656000
1555211888	19.222000
1555211948	18.477000
1555212007	39.779000
1555212067	19.072000
1555212137	18.686000
1555212193	18.580000
1555212250	18.605000
1555212306	18.588000
1555212365	18.656000
1555212487	18.655000
1555212545	18.695000
1555212605	18.695000
1555212727	18.560000
1555212785	20.027000
1555212848	18.476000
1555212905	88.734000
1555212972	18.531000
1555213028	18.586000
1555213086	18.570000
1555213146	18.574000
1555213206	18.861000
1555213270	18.646000
1555213331	18.614000
1555213385	18.496000
1555213508	18.489000
1555213565	18.538000
1555213625	18.610000
1555213750	18.473000
1555213813	18.492000
1555213870	18.517000
1555213928	18.530000
1555213985	18.501000
1555214046	18.554000
1555214168	18.674000
1555214225	18.966000
1555214289	18.612000
1555214345	18.621000
1555214405	18.575000
1555214466	18.523000
1555214525	18.547000
1555214650	18.422000
1555214707	76.757000
1555214768	18.959000
1555214828	18.528000
1555214885	18.632000
1555214945	18.603000
1555215068	18.638000
1555215126	18.792000
1555215186	18.882000
1555215246	18.608000
1555215305	18.588000
1555215428	18.536000
1555215486	18.644000
1555215548	19.706000
1555215606	34.750000
1555215668	18.769000
1555215727	18.507000
1555215785	18.771000
1555215845	18.627000
1555215968	18.596000
1555216026	18.494000
1555216086	18.507000
1555216145	18.594000
1555216267	18.518000
1555216325	18.487000
1555216451	18.495000
1555216506	61.749000
1555216571	19.180000
1555216627	18.540000
1555216687	18.626000
1555216808	18.657000
1555216866	18.604000
1555216926	18.999000
1555216986	18.555000
1555217046	18.528000
1555217106	18.605000
1555217166	18.561000
1555217225	18.527000
1555217285	18.685000
1555217348	18.527000
1555217405	56.416000
1555217468	18.554000
1555217527	21.874000
1555217585	18.655000
1555217715	18.719000
1555217770	18.541000
1555217826	18.556000
1555217886	18.572000
1555217945	18.531000
1555218006	18.553000
1555218065	18.631000
1555218126	18.522000
1555218249	18.529000
1555218306	48.333000
1555218369	18.702000
1555218427	18.623000
1555218485	18.577000
1555218608	18.568000
1555218670	18.601000
1555218733	18.667000
1555218789	18.668000
1555218847	18.632000
1555218905	18.596000
1555219028	18.554000
1555219086	18.721000
1555219147	18.492000
1555219208	56.377000
1555219274	18.575000
1555219329	18.590000
1555219386	18.508000
1555219508	19.764000
1555219570	18.551000
1555219626	18.503000
1555219686	18.624000
1555219746	18.535000
1555219806	18.562000
1555219874	18.590000
1555219929	18.655000
1555220050	18.566000
1555220106	46.491000
1555220169	18.893000
1555220230	18.693000
1555220286	18.568000
1555220346	18.526000
1555220468	18.848000
1555220526	18.614000
1555220648	18.549000
1555220705	18.650000
1555220765	18.622000
1555220825	18.604000
1555220885	18.906000
1555220948	18.469000
1555221008	50.431000
1555221070	18.772000
1555221127	18.586000
1555221186	18.549000
1555221246	18.596000
1555221306	18.701000
1555221366	18.615000
1555221425	18.488000
1555221486	18.469000
1555221546	18.517000
1555221668	18.512000
1555221726	18.959000
1555221785	18.805000
1555221906	76.311000
1555221971	18.521000
1555222030	18.528000
1555222087	18.562000
1555222151	18.495000
1555222206	18.437000
1555222265	18.601000
1555222326	18.567000
1555222385	18.547000
1555222445	18.679000
1555222568	18.478000
1555222627	18.497000
1555222685	19.942000
1555222748	18.483000
1555222805	81.596000
1555222869	18.576000
1555222929	18.677000
1555222986	18.548000
1555223046	18.528000
1555223105	18.528000
1555223229	18.563000
1555223286	18.598000
1555223345	18.603000
1555223468	18.521000
1555223526	18.723000
1555223586	20.276000
1555223706	75.546000
1555223768	18.615000
1555223829	18.514000
1555223886	18.548000
1555223947	18.625000
1555224005	18.548000
1555224065	18.631000
1555224125	18.622000
1555224185	18.573000
1555224308	18.558000
1555224366	18.555000
1555224425	18.575000
1555224562	18.437000
1555224606	81.185000
1555224671	18.583000
1555224730	18.590000
1555224786	18.585000
1555224909	18.521000
1555224965	18.646000
1555225025	18.660000
1555225085	18.671000
1555225209	18.597000
1555225266	18.801000
1555225326	18.629000
1555225387	19.001000
1555225448	18.499000
1555225506	64.544000
1555225569	18.971000
1555225630	18.560000
1555225685	18.481000
1555225745	18.510000
1555225868	18.560000
1555225926	18.600000
1555225986	18.531000
1555226045	18.573000
1555226106	18.686000
1555226165	18.603000
1555226225	18.582000
1555226287	18.620000
1555226352	18.650000
1555226409	51.517000
1555226469	18.579000
1555226529	18.642000
1555226586	18.518000
1555226645	18.543000
1555226705	18.564000
1555226766	18.513000
1555226888	18.551000
1555226946	18.679000
1555227067	18.555000
1555227125	18.532000
1555227185	18.566000
1555227249	18.461000
1555227306	71.905000
1555227368	18.818000
1555227428	18.577000
1555227485	18.552000
1555227546	18.597000
1555227668	18.515000
1555227726	18.526000
1555227786	18.574000
1555227908	18.584000
1555227965	18.563000
1555228026	18.587000
1555228149	18.660000
1555228206	83.017000
1555228269	18.643000
1555228328	18.532000
1555228386	18.543000
1555228446	18.617000
1555228506	18.568000
1555228566	29.152000
1555228688	18.676000
1555228745	18.560000
1555228805	18.617000
1555228865	18.525000
1555228926	18.588000
1555228986	18.734000
1555229106	81.529000
1555229169	18.631000
1555229230	18.529000
1555229286	18.542000
1555229346	18.638000
1555229405	18.587000
1555229465	18.597000
1555229589	18.546000
1555229646	18.555000
1555229706	18.600000
1555229766	18.486000
1555229888	19.460000
1555229947	18.428000
1555230006	84.429000
1555230072	18.531000
1555230130	18.470000
1555230186	18.542000
1555230308	18.583000
1555230365	18.589000
1555230425	18.627000
1555230548	18.583000
1555230606	18.609000
1555230728	18.537000
1555230785	18.818000
1555230906	69.696000
1555230973	18.663000
1555231029	18.518000
1555231086	18.576000
1555231145	18.664000
1555231206	18.481000
1555231267	18.614000
1555231326	18.662000
1555231386	18.547000
1555231446	18.544000
1555231568	18.631000
1555231625	18.577000
1555231686	18.764000
1555231806	101.400000
1555231871	18.513000
1555231929	18.647000
1555231985	18.556000
1555232046	18.580000
1555232168	25.374000
1555232225	18.586000
1555232348	18.600000
1555232406	18.552000
1555232536	18.536000
1555232586	19.773000
1555232647	18.476000
1555232708	66.566000
1555232769	18.542000
1555232828	18.602000
1555232885	18.720000
1555232945	18.664000
1555233068	18.679000
1555233126	18.532000
1555233185	18.637000
1555233245	18.569000
1555233305	18.570000
1555233365	18.569000
1555233488	19.711000
1555233607	18.653000
1555233737	18.537000
1555233792	18.523000
1555233845	18.574000
1555233905	18.597000
1555234028	18.539000
1555234086	18.574000
1555234145	18.653000
1555234205	18.578000
1555234328	18.589000
1555234386	18.754000
1555234508	49.482000
1555234574	18.519000
1555234629	18.641000
1555234685	18.558000
1555234745	18.657000
1555234806	18.509000
1555234867	18.728000
1555234927	19.348000
1555235048	18.536000
1555235106	18.601000
1555235165	18.597000
1555235225	18.511000
1555235351	18.498000
1555235406	88.234000
1555235474	18.543000
1555235529	18.623000
1555235586	18.549000
1555235645	18.640000
1555235706	18.527000
1555235766	18.562000
1555235826	18.583000
1555235885	18.688000
1555235946	18.510000
1555236069	18.639000
1555236127	18.699000
1555236187	21.152000
1555236306	61.080000
1555236368	18.834000
1555236430	18.596000
1555236486	18.623000
1555236546	18.724000
1555236605	18.546000
1555236665	18.551000
1555236789	18.772000
1555236846	18.639000
1555236906	18.685000
1555236970	18.633000
1555237025	18.751000
1555237085	18.843000
1555237148	18.684000
1555237207	56.910000
1555237270	18.524000
1555237331	18.577000
1555237387	18.557000
1555237446	18.592000
1555237506	18.684000
1555237628	18.682000
1555237686	18.681000
1555237746	18.582000
1555237806	18.643000
1555237866	18.592000
1555237925	18.590000
1555237985	18.791000
1555238049	18.570000
1555238106	62.735000
1555238174	18.583000
1555238228	18.659000
1555238286	18.558000
1555238345	18.583000
1555238413	18.559000
1555238536	18.564000
1555238586	18.642000
1555238645	18.670000
1555238768	18.641000
1555238826	18.548000
1555238886	18.794000
1555239006	60.098000
1555239068	18.695000
1555239130	18.552000
1555239186	18.789000
1555239246	18.619000
1555239305	18.659000
1555239366	32.525000
1555239432	18.629000
1555239486	18.635000
1555239608	18.645000
1555239666	18.521000
1555239726	18.498000
1555239786	18.887000
1555239847	18.433000
1555239907	74.784000
1555239969	18.627000
1555240029	18.542000
1555240085	21.519000
1555240145	18.658000
1555240269	18.672000
1555240326	18.621000
1555240385	18.792000
1555240446	18.575000
1555240570	18.689000
1555240626	18.661000
1555240686	18.777000
1555240747	24.310000
1555240808	44.653000
1555240869	18.560000
1555240929	18.926000
1555240985	18.576000
1555241046	18.553000
1555241168	18.562000
1555241226	18.629000
1555241286	18.595000
1555241345	18.599000
1555241406	18.538000
1555241466	18.578000
1555241525	18.629000
1555241586	19.570000
1555241709	57.953000
1555241773	18.834000
1555241829	18.555000
1555241887	18.602000
1555241945	18.598000
1555242006	18.753000
1555242128	18.625000
1555242186	18.911000
1555242308	18.683000
1555242366	18.649000
1555242426	18.677000
1555242486	18.959000
1555242548	18.561000
1555242607	67.452000
1555242669	18.591000
1555242728	18.635000
1555242785	18.565000
1555242846	18.578000
1555242968	48.569000
1555243025	18.542000
1555243085	18.930000
1555243209	18.618000
1555243266	18.618000
1555243326	18.594000
1555243386	18.674000
1555243506	96.229000
1555243570	19.011000
1555243630	18.644000
1555243687	18.631000
1555243746	18.530000
1555243868	18.560000
1555243926	18.573000
1555243986	18.621000
1555244108	18.708000
1555244165	18.633000
1555244225	18.532000
1555244353	18.738000
1555244407	83.423000
1555244470	18.769000
1555244529	18.636000
1555244586	18.591000
1555244708	18.570000
1555244766	18.613000
1555244825	18.604000
1555244886	18.554000
1555245008	18.583000
1555245066	18.595000
1555245126	18.666000
1555245186	18.935000
1555245247	18.565000
1555245306	90.034000
1555245370	18.618000
1555245431	18.532000
1555245487	18.629000
1555245608	18.682000
1555245666	18.594000
1555245725	18.599000
1555245786	18.774000
1555245909	18.610000
1555245966	18.598000
1555246026	18.537000
1555246086	18.902000
1555246207	78.543000
1555246271	18.590000
1555246329	18.670000
1555246386	18.613000
1555246446	18.631000
1555246506	19.602000
1555246567	24.453000
1555246627	18.853000
1555246688	18.730000
1555246745	18.737000
1555246806	18.806000
1555246929	18.556000
1555246986	18.809000
1555247047	18.586000
1555247106	88.899000
1555247170	18.959000
1555247229	18.575000
1555247285	18.682000
1555247346	18.651000
1555247468	18.629000
1555247526	18.555000
1555247648	18.532000
1555247706	18.577000
1555247766	18.734000
1555247888	20.493000
1555247947	18.734000
1555248006	61.659000
1555248069	18.539000
1555248128	18.607000
1555248185	18.630000
1555248245	18.870000
1555248369	18.655000
1555248426	18.589000
1555248486	18.570000
1555248546	18.621000
1555248606	18.542000
1555248665	18.676000
1555248726	18.856000
1555248849	18.671000
1555248906	71.688000
1555248970	18.539000
1555249029	18.652000
1555249086	18.626000
1555249146	18.595000
1555249206	18.634000
1555249328	18.633000
1555249386	18.687000
1555249508	18.616000
1555249566	18.624000
1555249625	18.648000
1555249686	18.906000
1555249749	18.544000
1555249808	51.296000
1555249872	18.881000
1555249932	18.811000
1555249986	18.558000
1555250108	18.565000
1555250166	32.053000
1555250226	18.608000
1555250348	18.572000
1555250406	18.621000
1555250528	18.623000
1555250586	18.664000
1555250706	93.374000
1555250769	18.576000
1555250829	18.682000
1555250886	18.762000
1555250946	18.632000
1555251068	18.583000
1555251125	18.668000
1555251186	18.619000
1555251309	18.532000
1555251365	18.595000
1555251426	18.643000
1555251486	18.753000
1555251548	18.509000
1555251609	41.816000
1555251672	18.599000
1555251729	18.607000
1555251786	18.571000
1555251847	18.624000
1555251906	18.621000
1555252028	18.603000
1555252086	18.627000
1555252146	18.827000
1555252268	18.686000
1555252325	18.688000
1555252455	18.538000
1555252508	48.164000
1555252571	18.589000
1555252626	18.590000
1555252686	18.668000
1555252746	18.584000
1555252806	18.596000
1555252928	18.633000
1555252986	18.533000
1555253046	18.545000
1555253169	18.707000
1555253225	18.751000
1555253350	18.501000
1555253406	89.267000
1555253470	18.492000
1555253529	18.571000
1555253586	18.644000
1555253646	18.592000
1555253769	18.691000
1555253827	18.506000
1555253886	18.473000
1555253946	18.536000
1555254006	19.575000
1555254065	18.670000
1555254188	18.911000
1555254247	18.661000
1555254307	106.499000
1555254372	18.624000
1555254430	18.638000
1555254485	18.692000
1555254608	18.631000
1555254666	18.562000
1555254726	18.602000
1555254786	18.620000
1555254845	18.566000
1555254906	18.628000
1555255028	18.604000
1555255085	18.728000
1555255149	18.556000
1555255207	87.445000
1555255274	18.588000
1555255329	21.993000
1555255386	18.714000
1555255446	18.599000
1555255569	18.625000
1555255626	18.641000
1555255686	18.689000
1555255746	18.680000
1555255806	18.556000
1555255866	18.745000
1555255926	18.685000
1555256055	18.593000
1555256108	59.601000
1555256170	18.608000
1555256230	18.646000
1555256287	18.538000
1555256346	18.970000
1555256406	18.641000
1555256528	18.552000
1555256587	18.598000
1555256646	18.653000
1555256705	18.618000
1555256828	18.542000
1555256886	19.120000
1555257007	69.092000
1555257069	18.658000
1555257128	18.591000
1555257186	18.646000
1555257246	18.711000
1555257368	25.114000
1555257425	18.589000
1555257486	18.646000
1555257608	18.605000
1555257666	18.710000
1555257726	18.525000
1555257786	20.348000
1555257848	18.624000
1555257906	94.946000
1555257972	18.654000
1555258031	18.634000
1555258086	18.665000
1555258208	18.690000
1555258266	19.069000
1555258326	18.580000
1555258448	18.586000
1555258505	19.226000
1555258566	18.602000
1555258626	18.588000
1555258686	18.926000
1555258807	111.871000
1555258873	18.592000
1555258929	18.630000
1555258986	18.637000
1555259046	18.790000
1555259106	18.576000
1555259166	18.553000
1555259226	18.609000
1555259285	18.751000
1555259346	18.698000
1555259406	18.636000
1555259528	18.627000
1555259586	18.763000
1555259648	18.451000
1555259706	104.423000
1555259773	18.677000
1555259832	18.664000
1555259893	18.659000
1555259946	18.604000
1555260070	18.719000
1555260126	18.581000
1555260186	18.604000
1555260246	18.623000
1555260305	18.549000
1555260366	18.592000
1555260488	18.868000
1555260548	18.630000
1555260606	108.283000
1555260670	18.517000
1555260729	18.587000
1555260786	18.658000
1555260846	18.618000
1555260906	18.629000
1555260966	18.652000
1555261026	18.512000
1555261086	18.576000
1555261146	18.654000
1555261206	20.816000
1555261328	18.692000
1555261386	18.886000
1555261506	88.129000
1555261570	18.961000
1555261630	18.583000
1555261686	18.666000
1555261746	18.590000
1555261806	18.617000
1555261866	18.546000
1555261926	18.656000
1555262048	18.614000
1555262107	18.571000
1555262166	18.630000
1555262289	22.598000
1555262348	18.522000
1555262408	70.630000
1555262473	18.799000
1555262528	18.653000
1555262586	18.633000
1555262708	18.580000
1555262766	18.589000
1555262826	19.527000
1555262887	18.724000
1555262946	18.661000
1555263065	18.556000
1555263125	18.574000
1555263186	18.835000
1555263306	65.952000
1555263370	18.741000
1555263430	18.601000
1555263486	18.552000
1555263546	18.548000
1555263607	18.641000
1555263666	18.583000
1555263725	18.634000
1555263786	18.529000
1555263908	18.582000
1555263966	18.585000
1555264026	18.657000
1555264152	18.618000
1555264207	87.159000
1555264270	18.630000
1555264330	18.647000
1555264386	18.672000
1555264446	18.873000
1555264568	18.612000
1555264626	18.534000
1555264686	18.613000
1555264809	18.607000
1555264866	18.619000
1555264988	18.958000
1555265106	95.621000
1555265173	18.497000
1555265230	18.522000
1555265286	18.659000
1555265346	18.591000
1555265407	18.760000
1555265466	18.610000
1555265588	18.651000
1555265646	18.754000
1555265706	18.573000
1555265830	18.648000
1555265886	18.902000
1555265948	18.508000
1555266007	76.398000
1555266074	18.538000
1555266128	18.686000
1555266187	18.687000
1555266246	18.631000
1555266368	18.723000
1555266425	18.627000
1555266548	18.649000
1555266607	18.641000
1555266666	18.617000
1555266726	18.600000
1555266794	18.840000
1555266851	18.515000
1555266914	82.165000
1555266971	18.839000
1555267027	18.669000
1555267086	18.627000
1555267146	18.606000
1555267206	18.604000
1555267329	18.897000
1555267387	18.677000
1555267447	18.565000
1555267506	18.599000
1555267566	18.669000
1555267626	18.570000
1555267686	18.676000
1555267747	19.509000
1555267806	77.487000
1555267872	18.730000
1555267931	18.610000
1555267986	18.673000
1555268110	18.608000
1555268166	18.649000
1555268226	18.638000
1555268286	18.614000
1555268346	18.597000
1555268469	18.697000
1555268526	18.645000
1555268651	18.584000
1555268707	87.073000
1555268772	18.600000
1555268829	18.658000
1555268885	18.673000
1555269014	18.690000
1555269074	18.614000
1555269131	18.666000
1555269186	18.637000
1555269308	18.694000
1555269366	18.706000
1555269426	18.588000
1555269486	18.754000
1555269547	18.542000
1555269606	81.420000
1555269675	18.890000
1555269729	18.858000
1555269786	18.605000
1555269909	18.702000
1555269966	18.641000
1555270026	18.576000
1555270089	18.607000
1555270152	18.661000
1555270207	18.669000
1555270266	18.582000
1555270389	19.142000
1555270448	18.622000
1555270507	87.962000
1555270571	18.562000
1555270630	18.608000
1555270686	18.600000
1555270747	18.572000
1555270806	18.712000
1555270928	18.608000
1555270986	19.159000
1555271109	18.654000
1555271167	18.594000
1555271237	23.466000
1555271350	18.499000
1555271409	47.212000
1555271470	18.653000
1555271530	18.558000
1555271586	18.584000
1555271646	18.763000
1555271706	18.572000
1555271766	18.669000
1555271890	18.695000
1555271946	18.651000
1555272006	18.652000
1555272128	18.671000
1555272186	18.683000
1555272307	32.399000
1555272430	18.554000
1555272486	18.616000
1555272547	18.648000
1555272668	18.618000
1555272726	18.791000
1555272786	18.611000
1555272846	18.595000
1555272906	18.685000
1555273029	18.686000
1555273087	18.702000
1555273148	18.585000
1555273213	27.617000
1555273273	18.513000
1555273333	18.625000
1555273387	18.647000
1555273508	18.635000
1555273566	18.689000
1555273626	18.629000
1555273749	18.607000
1555273806	18.607000
1555273866	18.575000
1555273926	18.621000
1555273986	18.929000
1555274048	18.489000
1555274107	94.630000
1555274171	18.695000
1555274231	18.614000
1555274287	18.597000
1555274346	18.716000
1555274468	18.594000
1555274526	18.674000
1555274591	18.662000
1555274708	18.682000
1555274766	18.544000
1555274826	18.744000
1555274887	20.452000
1555275009	55.102000
1555275070	18.588000
1555275129	18.711000
1555275187	18.548000
1555275246	18.566000
1555275307	18.726000
1555275366	18.560000
1555275426	18.524000
1555275550	19.191000
1555275606	18.567000
1555275735	18.697000
1555275795	43.357000
1555275848	18.552000
1555275908	69.642000
1555275974	18.607000
1555276030	18.686000
1555276086	18.700000
1555276146	18.623000
1555276206	18.601000
1555276267	21.939000
1555276326	18.574000
1555276386	18.609000
1555276509	18.622000
1555276567	18.671000
1555276626	18.618000
1555276687	18.738000
1555276748	18.637000
1555276810	43.369000
1555276872	18.536000
1555276929	18.665000
1555276987	18.557000
1555277046	18.685000
1555277106	18.598000
1555277166	18.532000
1555277288	18.555000
1555277346	19.012000
1555277406	18.509000
1555277466	18.639000
1555277589	18.907000
1555277648	18.473000
1555277709	36.053000
1555277771	18.694000
1555277829	18.494000
1555277886	18.639000
1555277949	18.561000
1555278006	18.596000
1555278066	18.571000
1555278126	18.593000
1555278186	18.760000
1555278309	18.711000
1555278367	18.623000
1555278426	18.635000
1555278486	18.609000
1555278548	18.506000
1555278608	62.604000
1555278671	18.547000
1555278728	18.732000
1555278786	18.861000
1555278846	18.608000
1555278906	18.569000
1555278966	18.589000
1555279026	18.676000
1555279151	18.602000
1555279207	18.658000
1555279267	18.728000
1555279327	18.580000
1555279386	18.980000
1555279448	18.497000
1555279506	61.818000
1555279569	18.881000
1555279629	18.594000
1555279687	18.577000
1555279746	18.557000
1555279806	18.664000
1555279866	18.572000
1555279926	18.640000
1555280048	18.551000
1555280106	18.567000
1555280174	18.579000
1555280289	18.758000
1555280348	18.467000
1555280407	57.192000
1555280470	18.593000
1555280528	18.586000
1555280586	18.594000
1555280709	18.566000
1555280767	18.533000
1555280826	18.585000
1555280886	18.587000
1555280946	18.618000
1555281006	18.611000
1555281128	18.844000
1555281186	18.674000
1555281248	18.552000
1555281309	59.697000
1555281371	18.641000
1555281430	18.639000
1555281486	18.729000
1555281546	18.736000
1555281606	18.653000
1555281666	18.571000
1555281726	18.636000
1555281849	18.569000
1555281906	18.524000
1555281966	18.619000
1555282026	18.559000
1555282150	18.535000
1555282208	59.805000
1555282268	18.559000
1555282330	18.569000
1555282387	18.550000
1555282448	18.844000
1555282508	18.612000
1555282628	18.547000
1555282686	18.636000
1555282810	18.615000
1555282871	18.609000
1555282927	18.554000
1555282991	18.715000
1555283108	62.539000
1555283170	18.611000
1555283229	18.594000
1555283286	18.520000
1555283408	18.686000
1555283466	20.893000
1555283527	18.514000
1555283588	18.698000
1555283646	18.581000
1555283706	18.620000
1555283766	18.596000
1555283888	19.763000
1555283948	18.507000
1555284008	67.475000
1555284071	18.544000
1555284129	18.546000
1555284187	18.565000
1555284247	18.715000
1555284306	18.568000
1555284428	18.538000
1555284486	18.505000
1555284546	18.581000
1555284606	18.651000
1555284729	18.595000
1555284786	19.418000
1555284848	18.482000
1555284907	106.499000
1555284971	18.588000
1555285030	18.597000
1555285087	18.554000
1555285146	18.653000
1555285207	18.621000
1555285328	18.618000
1555285387	18.623000
1555285446	18.551000
1555285507	18.582000
1555285566	18.542000
1555285626	18.569000
1555285686	18.752000
1555285748	18.612000
1555285811	47.629000
1555285880	18.565000
1555285930	18.527000
1555285987	18.569000
1555286046	18.451000
1555286169	18.613000
1555286227	18.580000
1555286287	18.640000
1555286348	18.584000
1555286470	18.601000
1555286526	18.557000
1555286586	18.900000
1555286647	18.516000
1555286707	63.383000
1555286772	18.598000
1555286830	18.535000
1555286886	19.016000
1555286946	18.625000
1555287006	20.207000
1555287067	18.566000
1555287126	18.595000
1555287248	18.523000
1555287306	18.741000
1555287429	18.674000
1555287486	18.630000
1555287609	67.621000
1555287674	18.529000
1555287729	18.545000
1555287787	18.554000
1555287847	18.556000
1555287907	18.426000
1555287967	18.816000
1555288026	18.507000
1555288087	18.552000
1555288147	18.471000
1555288207	18.571000
1555288266	18.592000
1555288327	18.516000
1555288386	19.506000
1555288448	18.525000
1555288509	43.833000
1555288571	18.559000
1555288628	18.585000
1555288687	18.584000
1555288746	18.834000
1555288807	19.085000
1555288866	18.520000
1555288926	20.158000
1555288986	18.603000
1555289046	18.594000
1555289171	18.758000
1555289228	18.502000
1555289288	18.845000
1555289349	18.526000
1555289409	55.473000
1555289469	18.500000
1555289529	18.768000
1555289586	18.569000
1555289709	18.549000
1555289767	18.539000
1555289827	18.596000
1555289886	18.492000
1555289946	18.546000
1555290006	18.573000
1555290066	18.651000
1555290189	18.910000
1555290248	18.484000
1555290307	54.394000
1555290374	18.544000
1555290429	18.831000
1555290487	18.550000
1555290547	18.664000
1555290606	18.538000
1555290728	18.621000
1555290786	18.510000
1555290846	18.513000
1555290968	18.513000
1555291026	18.558000
1555291086	18.880000
1555291148	18.492000
1555291206	80.338000
1555291269	18.485000
1555291329	18.573000
1555291387	18.609000
1555291448	18.561000
1555291507	18.588000
1555291566	18.519000
1555291627	18.518000
1555291687	18.563000
1555291746	18.537000
1555291806	18.608000
1555291867	18.486000
1555291926	18.485000
1555291986	20.322000
1555292106	88.397000
1555292170	18.470000
1555292229	18.532000
1555292287	18.549000
1555292347	18.555000
1555292470	18.640000
1555292528	18.524000
1555292587	18.671000
1555292646	18.564000
1555292707	18.473000
1555292766	18.492000
1555292826	18.588000
1555292951	18.514000
1555293006	55.884000
1555293071	18.678000
1555293129	18.480000
1555293187	18.536000
1555293246	18.510000
1555293307	18.469000
1555293429	18.690000
1555293486	18.449000
1555293547	18.530000
1555293611	18.488000
1555293728	18.527000
1555293786	18.827000
1555293849	18.462000
1555293908	50.393000
1555293969	18.521000
1555294030	18.565000
1555294086	18.499000
1555294146	18.541000
1555294268	18.625000
1555294326	18.575000
1555294449	18.571000
1555294507	18.527000
1555294566	18.566000
1555294626	18.743000
1555294751	18.466000
1555294807	97.091000
1555294872	18.481000
1555294927	18.557000
1555294988	18.623000
1555295046	18.555000
1555295107	18.605000
1555295166	18.543000
1555295227	18.503000
1555295287	18.518000
1555295409	18.576000
1555295466	18.564000
1555295526	18.656000
1555295652	18.461000
1555295707	80.614000
1555295772	19.297000
1555295832	18.695000
1555295888	18.523000
1555295947	18.545000
1555296068	18.878000
1555296126	18.631000
1555296186	18.610000
1555296246	18.597000
1555296306	18.478000
1555296366	18.546000
1555296486	18.712000
1555296548	18.453000
1555296608	69.879000
1555296670	18.549000
1555296729	18.512000
1555296786	18.607000
1555296846	18.573000
1555296906	18.575000
1555297030	20.353000
1555297087	18.517000
1555297147	18.536000
1555297207	18.462000
1555297329	18.524000
1555297386	20.268000
1555297507	18.539000
1555297572	19.947000
1555297630	18.478000
1555297686	18.483000
1555297746	18.506000
1555297806	18.553000
1555297866	18.644000
1555297927	18.486000
1555297986	18.568000
1555298046	18.492000
1555298106	18.626000
1555298229	18.530000
1555298287	18.637000
1555298349	18.430000
1555298407	98.193000
1555298471	18.598000
1555298530	18.537000
1555298587	18.553000
1555298646	18.469000
1555298706	18.459000
1555298766	18.508000
1555298826	18.471000
1555298886	18.710000
1555298947	18.464000
1555299069	18.550000
1555299126	18.565000
1555299187	18.767000
1555299307	88.157000
1555299369	19.176000
1555299430	18.545000
1555299488	18.651000
1555299548	18.601000
1555299608	18.514000
1555299729	18.622000
1555299786	18.573000
1555299847	18.555000
1555299906	18.535000
1555299966	19.655000
1555300027	18.559000
1555300151	18.495000
1555300207	77.269000
1555300273	19.034000
1555300329	18.529000
1555300386	18.549000
1555300446	18.596000
1555300569	18.543000
1555300627	18.554000
1555300687	18.933000
1555300747	18.682000
1555300806	18.611000
1555300867	18.576000
1555300989	18.611000
1555301048	18.337000
1555301107	107.081000
1555301170	18.758000
1555301230	18.546000
1555301287	18.494000
1555301346	18.535000
1555301469	18.509000
1555301527	18.548000
1555301588	18.492000
1555301646	20.611000
1555301706	18.557000
1555301766	18.468000
1555301826	18.689000
1555301951	18.402000
1555302008	73.996000
1555302073	18.854000
1555302128	18.584000
1555302187	18.544000
1555302246	18.452000
1555302306	18.571000
1555302368	32.548000
1555303150	32.487000
1555303209	32.408000
1555303269	32.361000
1555303331	32.502000
1555303392	35.049000
1555303512	32.417000
1555303569	32.389000
1555303629	32.425000
1555303689	32.660000
1555303750	32.231000
1555303809	110.090000
1555303874	32.455000
1555303930	32.381000
1555303989	32.391000
1555304111	32.389000
1555304168	32.370000
1555304229	32.393000
1555304289	32.377000
1555304349	32.434000
1555304409	32.510000
1555304532	32.459000
1555304594	43.997000
1555304709	70.260000
1555304774	32.728000
1555304831	32.446000
1555304889	32.474000
1555305150	26.878000
1555305192	32.284000
1555305250	32.821000
1555305309	32.356000
1555305441	33.821000
1555305489	33.183000
1555305610	106.577000
1555305673	32.978000
1555305729	32.508000
1555305789	32.523000
1555305849	32.410000
1555305909	32.506000
1555306033	32.432000
1555306089	32.413000
1555306149	32.430000
1555306209	32.486000
1555306269	32.395000
1555306329	32.503000
1555306465	32.372000
1555306509	102.988000
1555306574	32.540000
1555306697	18.571000
1555306747	32.414000
1555306811	32.453000
1555306869	33.556000
1555306929	32.411000
1555306989	32.444000
1555307049	32.431000
1555307109	32.395000
1555307169	32.380000
1555307292	34.606000
1555307352	32.396000
1555307410	68.480000
1555307473	32.584000
1555307532	32.433000
1555307589	32.508000
1555307649	32.359000
1555307772	32.442000
1555307894	32.440000
1555307949	32.463000
1555308009	32.547000
1555308132	32.425000
1555308189	32.977000
1555308250	32.322000
1555308309	88.554000
1555308372	32.965000
1555308430	32.575000
1555308489	32.487000
1555308548	32.396000
1555308610	32.481000
1555308672	32.430000
1555308735	32.383000
1555308852	32.451000
1555308910	32.419000
1555309032	32.532000
1555309089	32.963000
1555309210	108.228000
1555309276	32.782000
1555309331	32.445000
1555309389	32.417000
1555309450	32.494000
1555309508	32.424000
1555309569	32.442000
