time ms
1555162758	32.662000
1555162817	32.962000
1555162877	33.143000
1555162998	32.698000
1555163057	33.111000
1555163118	33.454000
1555163177	32.721000
1555163238	38.990000
1555163297	33.089000
1555163357	32.653000
1555163479	35.992000
1555163537	32.688000
1555163597	32.917000
1555163718	33.048000
1555163777	32.658000
1555163837	32.748000
1555163897	32.950000
1555163958	32.986000
1555164077	33.575000
1555164139	32.764000
1555164197	32.836000
1555164257	32.939000
1555164317	34.465000
1555164377	32.575000
1555164498	32.809000
1555164558	35.325000
1555164617	32.905000
1555164677	32.946000
1555164737	33.005000
1555164858	32.799000
1555164918	32.758000
1555164978	32.761000
1555165039	36.406000
1555165098	32.861000
1555165158	32.052000
1555165278	32.168000
1555165337	32.395000
1555165397	31.840000
1555165518	37.499000
1555165577	31.857000
1555165698	31.965000
1555165757	31.939000
1555165877	32.047000
1555165939	32.150000
1555165997	32.621000
1555166057	31.909000
1555166179	32.018000
1555166237	31.941000
1555166297	31.962000
1555166418	32.066000
1555166477	31.991000
1555166537	32.160000
1555166658	31.849000
1555166777	32.739000
1555166837	32.697000
1555166897	32.644000
1555166957	32.625000
1555167017	32.532000
1555167138	33.050000
1555167197	32.798000
1555167257	33.072000
1555167378	32.522000
1555167437	32.704000
1555167497	33.290000
1555167557	34.260000
1555167677	32.224000
1555167740	31.881000
1555167797	32.175000
1555167857	31.915000
1555167917	32.002000
1555167977	31.969000
1555168037	31.807000
1555168097	32.080000
1555168219	32.031000
1555168278	31.929000
1555168338	32.181000
1555168397	31.909000
1555168520	34.868000
1555168577	33.027000
1555168639	34.338000
1555168698	32.198000
1555168757	32.359000
1555168818	31.906000
1555168877	32.063000
1555168998	32.150000
1555169057	32.032000
1555169117	31.945000
1555169177	32.215000
1555169237	31.872000
1555169297	32.239000
1555169357	32.067000
1555169419	32.054000
1555169477	31.824000
1555169541	31.867000
1555169598	32.201000
1555169657	31.997000
1555169717	32.253000
1555169838	32.303000
1555169897	32.068000
1555169957	32.045000
1555170017	31.869000
1555170138	32.234000
1555170197	32.372000
1555170257	32.167000
1555170318	32.076000
1555170378	31.836000
1555170438	39.075000
1555170497	32.034000
1555170557	32.260000
1555170617	31.967000
1555170677	32.253000
1555170737	31.812000
1555170797	31.971000
1555170918	31.975000
1555170977	32.127000
1555171101	32.002000
1555171157	112.769000
1555171277	112.869000
1555171337	117.712000
1555171398	112.960000
1555171458	112.943000
1555171517	112.746000
1555171638	113.581000
1555171697	120.310000
1555171757	120.232000
1555171817	113.028000
1555171877	112.882000
1555172000	112.997000
1555172058	112.745000
1555172179	112.622000
1555172240	129.878000
1555172299	112.661000
1555172358	112.951000
1555172418	112.934000
1555172479	112.895000
1555172538	112.978000
1555172600	31.941000
1555172718	32.249000
1555172777	32.007000
1555172838	32.595000
1555172897	32.078000
1555172958	31.888000
1555173077	32.763000
1555173142	33.159000
1555173197	32.612000
1555173258	33.249000
1555173317	32.984000
1555173438	32.567000
1555173497	33.008000
1555173557	32.770000
1555173617	32.973000
1555173677	32.667000
1555173799	32.596000
1555173857	32.792000
1555173919	32.283000
1555173977	31.961000
1555174041	31.850000
1555174098	31.842000
1555174157	31.817000
1555174217	32.292000
1555174277	32.149000
1555174337	31.996000
1555174458	32.407000
1555174517	32.672000
1555174577	32.716000
1555174637	33.083000
1555174697	32.663000
1555174821	81.269000
1555174879	32.438000
1555174940	32.440000
1555174997	32.652000
1555175057	32.812000
1555175117	32.554000
1555175177	32.772000
1555175237	32.305000
1555175297	32.129000
1555175357	31.977000
1555175478	31.924000
1555175537	32.163000
1555175597	32.020000
1555175657	32.388000
1555175719	31.955000
1555175777	31.952000
1555175838	32.364000
1555175897	32.254000
1555175957	31.790000
1555176078	32.212000
1555176137	32.121000
1555176259	32.964000
1555176317	32.925000
1555176377	32.593000
1555176437	32.840000
1555176558	32.077000
1555176678	33.004000
1555176739	37.763000
1555176797	33.209000
1555176858	32.744000
1555176917	32.655000
1555176977	32.902000
1555177037	32.995000
1555177097	32.596000
1555177157	32.063000
1555177217	32.286000
1555177277	32.159000
1555177337	31.967000
1555177397	31.887000
1555177457	32.711000
1555177521	33.244000
1555177577	32.799000
1555177638	32.682000
1555177698	32.847000
1555177757	33.023000
1555177817	33.296000
1555177877	32.539000
1555177937	32.599000
1555177998	32.961000
1555178057	32.890000
1555178178	32.528000
1555178237	32.546000
1555178297	32.823000
1555178357	32.711000
1555178477	33.018000
1555178538	32.879000
1555178597	32.816000
1555178657	32.936000
1555178778	32.614000
1555178837	32.752000
1555178897	32.599000
1555178957	32.872000
1555179017	32.544000
1555179138	32.599000
1555179198	32.574000
1555179257	32.823000
1555179378	32.965000
1555179439	32.736000
1555179497	32.708000
1555179557	32.771000
1555179678	32.894000
1555179737	33.194000
1555179797	32.744000
1555179918	33.035000
1555179977	32.528000
1555180037	32.850000
1555180097	32.693000
1555180157	32.530000
1555180218	32.771000
1555180277	32.576000
1555180340	49.558000
1555180398	32.794000
1555180458	32.449000
1555180517	32.530000
1555180639	32.848000
1555180697	32.633000
1555180818	32.825000
1555180877	32.673000
1555180999	32.577000
1555181058	32.862000
1555181119	33.452000
1555181177	33.105000
1555181240	33.000000
1555181297	33.087000
1555181358	32.924000
1555181418	32.513000
1555181538	32.832000
1555181597	33.064000
1555181718	32.665000
1555181777	32.678000
1555181837	32.698000
1555181897	32.855000
1555181957	32.555000
1555182078	32.881000
1555182140	33.121000
1555182198	32.647000
1555182257	32.612000
1555182317	32.844000
1555182439	32.607000
1555182497	32.749000
1555182557	32.806000
1555182618	32.875000
1555182677	33.048000
1555182737	32.876000
1555182859	32.625000
1555182919	32.870000
1555182978	33.132000
1555183042	36.081000
1555183098	32.863000
1555183157	32.554000
1555183278	32.906000
1555183337	32.762000
1555183458	33.063000
1555183517	32.538000
1555183577	32.629000
1555183637	32.637000
1555183758	32.595000
1555183818	32.698000
1555183877	32.811000
1555183939	36.825000
1555183997	32.909000
1555184057	33.028000
1555184117	32.713000
1555184238	32.654000
1555184297	32.997000
1555184357	32.738000
1555184417	32.806000
1555184538	32.709000
1555184597	33.038000
1555184657	32.744000
1555184777	32.920000
1555184839	38.437000
1555184897	32.700000
1555184957	33.089000
1555185078	32.959000
1555185137	32.803000
1555185197	32.839000
1555185318	32.612000
1555185377	32.543000
1555185437	33.198000
1555185558	33.107000
1555185618	75.211000
1555185678	32.648000
1555185740	32.960000
1555185797	32.858000
1555185857	32.742000
1555185978	33.049000
1555186038	32.881000
1555186097	32.819000
1555186218	32.753000
1555186277	32.886000
1555186337	33.121000
1555186397	32.970000
1555186457	32.893000
1555186519	32.689000
1555186577	32.831000
1555186639	35.095000
1555186697	33.277000
1555186757	32.628000
1555186817	32.882000
1555186877	32.699000
1555186937	32.892000
1555186997	32.700000
1555187057	32.879000
1555187117	32.588000
1555187238	32.859000
1555187297	33.009000
1555187419	33.007000
1555187477	114.485000
1555187539	114.419000
1555187597	114.432000
1555187657	114.525000
1555187782	31.888000
1555187840	32.403000
1555187958	32.956000
1555188017	32.914000
1555188139	32.618000
1555188198	32.925000
1555188257	32.821000
1555188319	32.141000
1555188378	32.095000
1555188439	33.537000
1555188497	32.038000
1555188557	32.403000
1555188678	31.935000
1555188737	32.200000
1555188797	32.216000
1555188857	31.916000
1555188978	32.104000
1555189037	31.818000
1555189097	32.218000
1555189220	55.821000
1555189277	32.143000
1555189340	32.127000
1555189397	31.756000
1555189457	31.967000
1555189517	32.817000
1555189639	32.637000
1555189697	32.807000
1555189757	32.605000
1555189879	32.952000
1555189937	32.621000
1555189998	32.956000
1555190057	32.692000
1555190177	32.911000
1555190237	112.475000
1555190298	33.171000
1555190358	32.894000
1555190417	32.721000
1555190539	32.698000
1555190597	33.155000
1555190657	32.610000
1555190717	33.118000
1555190838	32.694000
1555190897	32.974000
1555190957	32.838000
1555191018	33.571000
1555191077	32.815000
1555191139	36.751000
1555191197	32.944000
1555191257	32.814000
1555191317	32.897000
1555191377	32.531000
1555191498	33.062000
1555191557	32.657000
1555191617	33.007000
1555191677	32.892000
1555191737	33.077000
1555191797	32.592000
1555191857	32.980000
1555191977	32.763000
1555192040	32.873000
1555192098	32.699000
1555192157	32.964000
1555192217	32.631000
1555192277	32.867000
1555192337	32.516000
1555192397	32.797000
1555192519	32.883000
1555192577	32.463000
1555192699	32.622000
1555192757	32.682000
1555192878	40.454000
1555192939	40.388000
1555192997	40.775000
1555193058	40.403000
1555193117	40.295000
1555193177	40.689000
1555193237	41.078000
1555193297	40.634000
1555193357	32.572000
1555193417	33.009000
1555193477	32.763000
1555193537	32.756000
1555193658	32.750000
1555193719	33.491000
1555193778	33.013000
1555193839	33.468000
1555193897	32.841000
1555193957	32.761000
1555194078	32.931000
1555194138	32.539000
1555194197	32.847000
1555194319	32.732000
1555194377	32.901000
1555194438	32.652000
1555194497	33.020000
1555194620	32.759000
1555194678	32.568000
1555194740	32.831000
1555194798	32.512000
1555194858	32.808000
1555194917	33.085000
1555194977	32.821000
1555195098	32.692000
1555195157	32.525000
1555195217	33.488000
1555195338	32.737000
1555195397	32.672000
1555195520	33.330000
1555195578	32.598000
1555195641	32.911000
1555195697	32.972000
1555195757	32.888000
1555195879	32.743000
1555195938	32.909000
1555195997	32.847000
1555196118	32.862000
1555196177	32.706000
1555196237	32.896000
1555196359	32.599000
1555196419	72.829000
1555196477	32.865000
1555196540	32.764000
1555196597	33.171000
1555196657	32.592000
1555196717	33.032000
1555196838	32.726000
1555196897	32.822000
1555196957	32.914000
1555197017	32.950000
1555197077	32.699000
1555197137	32.751000
1555197197	32.584000
1555197257	32.900000
1555197318	32.819000
1555197377	32.584000
1555197440	42.568000
1555197497	32.920000
1555197557	32.668000
1555197617	32.987000
1555197677	32.912000
1555197737	32.970000
1555197797	32.981000
1555197857	33.022000
1555197917	32.626000
1555198038	32.790000
1555198097	32.810000
1555198219	33.727000
1555198278	32.949000
1555198339	35.562000
1555198398	33.072000
1555198457	32.819000
1555198578	32.643000
1555198637	32.791000
1555198697	32.557000
1555198818	32.967000
1555198877	32.738000
1555199003	32.552000
1555199057	32.613000
1555199118	33.041000
1555199177	32.731000
1555199238	32.760000
1555199297	33.397000
1555199357	32.767000
1555199417	32.390000
1555199477	32.831000
1555199537	32.567000
1555199597	32.937000
1555199719	32.615000
1555199778	32.767000
1555199838	32.682000
1555199897	32.738000
1555200020	68.728000
1555200078	32.533000
1555200139	38.088000
1555200198	32.673000
1555200258	32.522000
1555200317	32.729000
1555200377	32.881000
1555200437	32.757000
1555200497	32.752000
1555200618	32.572000
1555200677	33.019000
1555200798	32.538000
1555200858	32.665000
1555200978	31.904000
1555201038	32.277000
1555201097	31.887000
1555201157	32.137000
1555201217	31.833000
1555201277	32.202000
1555201337	31.831000
1555201397	32.115000
1555201518	32.127000
1555201577	31.864000
1555201699	32.041000
1555201758	31.916000
1555201819	32.533000
1555201878	31.980000
1555201938	32.098000
1555201997	32.659000
1555202057	32.627000
1555202178	32.961000
1555202239	32.849000
1555202358	32.926000
1555202417	33.470000
1555202477	32.607000
1555202537	32.680000
1555202597	33.002000
1555202720	32.649000
1555202777	32.695000
1555202840	32.678000
1555202898	32.696000
1555202957	32.577000
1555203079	32.619000
1555203137	32.852000
1555203197	33.268000
1555203257	33.133000
1555203317	32.680000
1555203377	32.994000
1555203437	32.064000
1555203497	32.086000
1555203620	67.641000
1555203678	32.129000
1555203740	32.309000
1555203798	32.561000
1555203857	31.924000
1555203917	32.343000
1555204038	32.376000
1555204097	32.082000
1555204158	32.427000
1555204217	31.922000
1555204339	31.944000
1555204398	32.148000
1555204457	32.257000
1555204578	32.561000
1555204638	32.741000
1555204698	33.148000
1555204757	32.700000
1555204817	33.242000
1555204877	32.699000
1555204937	33.002000
1555204997	31.980000
1555205117	32.274000
1555205177	31.968000
1555205298	32.340000
1555205358	32.031000
1555205477	32.174000
1555205539	31.713000
1555205597	40.482000
1555205657	40.512000
1555205778	40.436000
1555205837	40.549000
1555205897	40.953000
1555206018	40.467000
1555206077	40.532000
1555206198	40.701000
1555206257	40.391000
1555206318	40.746000
1555206377	40.422000
1555206439	45.377000
1555206497	40.848000
1555206557	40.799000
1555206617	40.604000
1555206677	40.512000
1555206798	40.579000
1555206857	40.469000
1555206917	40.357000
1555206977	40.621000
1555207038	32.003000
1555207098	32.036000
1555207219	75.943000
1555207277	31.955000
1555207338	32.466000
1555207397	31.872000
1555207457	32.097000
1555207579	31.949000
1555207638	32.078000
1555207759	31.980000
1555207817	32.151000
1555207938	31.957000
1555207997	40.517000
1555208120	40.806000
1555208178	40.690000
1555208241	32.641000
1555208298	32.734000
1555208357	32.755000
1555208417	33.732000
1555208477	32.764000
1555208598	32.661000
1555208657	32.852000
1555208778	32.583000
1555208837	32.982000
1555208897	32.681000
1555209021	32.826000
1555209078	32.855000
1555209140	32.897000
1555209198	33.097000
1555209257	32.523000
1555209318	32.863000
1555209377	32.646000
1555209437	32.902000
1555209497	32.907000
1555209557	32.908000
1555209617	32.725000
1555209677	33.188000
1555209737	32.585000
1555209797	33.044000
1555209857	32.864000
1555209978	32.598000
1555210039	34.134000
1555210098	32.764000
1555210157	32.614000
1555210279	33.499000
1555210338	32.620000
1555210398	32.901000
1555210457	32.860000
1555210517	32.759000
1555210577	33.013000
1555210637	32.712000
1555210697	32.882000
1555210820	65.210000
1555210878	33.515000
1555210941	32.857000
1555210998	33.404000
1555211057	32.559000
1555211117	33.268000
1555211239	32.602000
1555211297	32.623000
1555211357	33.126000
1555211417	32.593000
1555211477	32.748000
1555211537	32.620000
1555211659	32.764000
1555211719	33.078000
1555211778	32.623000
1555211838	32.748000
1555211897	32.541000
1555211958	32.053000
1555212018	31.877000
1555212078	32.181000
1555212137	31.877000
1555212258	32.114000
1555212317	31.908000
1555212377	32.447000
1555212498	33.238000
1555212557	32.726000
1555212619	33.592000
1555212677	32.732000
1555212740	35.480000
1555212797	32.622000
1555212857	32.775000
1555212917	32.259000
1555212977	32.149000
1555213037	32.011000
1555213097	32.233000
1555213157	31.961000
1555213278	32.101000
1555213337	31.875000
1555213397	32.864000
1555213520	32.547000
1555213578	32.727000
1555213639	36.411000
1555213697	32.573000
1555213757	33.001000
1555213817	32.726000
1555213938	32.967000
1555213997	32.843000
1555214057	32.970000
1555214117	32.589000
1555214177	33.099000
1555214238	32.594000
1555214297	33.040000
1555214421	78.994000
1555214478	32.805000
1555214539	32.800000
1555214597	32.636000
1555214657	32.546000
1555214717	32.695000
1555214839	32.725000
1555214898	32.900000
1555214957	32.748000
1555215017	32.680000
1555215077	32.869000
1555215198	32.732000
1555215257	33.094000
1555215320	33.920000
1555215378	32.821000
1555215438	32.607000
1555215497	33.060000
1555215557	32.802000
1555215617	32.842000
1555215738	32.608000
1555215797	32.977000
1555215857	32.586000
1555215917	32.971000
1555216037	32.775000
1555216097	33.084000
1555216221	32.546000
1555216277	33.012000
1555216339	32.944000
1555216397	33.342000
1555216457	33.001000
1555216579	32.843000
1555216638	33.075000
1555216697	32.939000
1555216757	32.704000
1555216817	33.028000
1555216877	33.155000
1555216937	32.719000
1555216997	32.759000
1555217057	33.006000
1555217118	32.700000
1555217177	36.040000
1555217239	32.738000
1555217297	32.639000
1555217357	33.117000
1555217479	35.617000
1555217538	40.820000
1555217597	35.496000
1555217657	31.991000
1555217717	32.473000
1555217777	31.885000
1555217837	32.288000
1555217897	32.310000
1555218019	68.313000
1555218077	32.044000
1555218139	31.768000
1555218197	32.141000
1555218257	32.400000
1555218379	32.164000
1555218438	32.501000
1555218497	33.113000
1555218558	36.864000
1555218617	41.713000
1555218677	32.904000
1555218798	33.250000
1555218857	33.072000
1555218919	32.871000
1555218977	32.677000
1555219039	50.898000
1555219098	33.307000
1555219157	33.408000
1555219278	32.847000
1555219337	33.288000
1555219397	32.900000
1555219457	32.734000
1555219517	32.689000
1555219577	32.816000
1555219637	32.804000
1555219698	38.315000
1555219820	34.335000
1555219878	32.909000
1555219938	33.038000
1555219998	32.694000
1555220058	32.776000
1555220117	32.504000
1555220238	32.698000
1555220297	32.618000
1555220418	32.654000
1555220477	32.619000
1555220537	32.698000
1555220597	32.755000
1555220657	32.725000
1555220719	33.170000
1555220778	32.843000
1555220838	47.580000
1555220898	32.797000
1555220957	33.105000
1555221017	33.025000
1555221077	32.708000
1555221137	33.011000
1555221197	32.682000
1555221257	32.715000
1555221317	32.720000
1555221438	32.904000
1555221497	32.877000
1555221557	33.020000
1555221677	32.601000
1555221740	32.924000
1555221797	32.544000
1555221857	32.739000
1555221917	36.431000
1555221977	35.346000
1555222037	32.592000
1555222097	33.100000
1555222157	32.592000
1555222217	32.621000
1555222339	32.729000
1555222398	33.063000
1555222457	32.987000
1555222519	33.134000
1555222577	32.635000
1555222639	32.866000
1555222698	32.917000
1555222757	32.769000
1555222817	32.874000
1555222877	32.707000
1555222999	32.579000
1555223057	33.026000
1555223117	32.683000
1555223238	32.799000
1555223297	32.654000
1555223357	32.617000
1555223478	32.729000
1555223539	33.205000
1555223597	32.890000
1555223657	33.140000
1555223717	32.552000
1555223777	33.016000
1555223837	32.988000
1555223897	32.757000
1555223957	32.706000
1555224078	33.085000
1555224137	32.889000
1555224196	32.831000
1555224332	194.280000
1555224377	32.951000
1555224439	32.724000
1555224497	33.003000
1555224557	32.654000
1555224679	32.941000
1555224737	32.632000
1555224797	32.651000
1555224857	32.894000
1555224979	32.849000
1555225037	32.772000
1555225097	32.672000
1555225158	32.630000
1555225218	62.655000
1555225277	32.846000
1555225339	32.520000
1555225397	34.546000
1555225457	32.669000
1555225517	32.696000
1555225639	32.879000
1555225697	32.566000
1555225757	32.903000
1555225817	32.850000
1555225877	32.579000
1555225937	32.724000
1555225997	32.952000
1555226057	33.242000
1555226119	49.585000
1555226177	32.635000
1555226239	32.767000
1555226298	32.800000
1555226357	32.804000
1555226417	32.536000
1555226477	33.263000
1555226537	32.700000
1555226658	32.053000
1555226717	32.353000
1555226838	32.058000
1555226897	32.198000
1555226957	32.022000
1555227020	33.331000
1555227078	31.937000
1555227139	32.249000
1555227197	32.213000
1555227257	31.925000
1555227317	32.010000
1555227438	31.964000
1555227497	31.966000
1555227557	31.983000
1555227678	31.850000
1555227737	32.242000
1555227797	31.810000
1555227919	32.445000
1555227977	31.844000
1555228039	32.141000
1555228097	31.742000
1555228158	32.161000
1555228218	31.996000
1555228277	32.229000
1555228337	32.247000
1555228458	35.875000
1555228517	31.857000
1555228577	32.387000
1555228637	31.947000
1555228697	31.931000
1555228757	31.974000
1555228877	31.841000
1555228939	32.475000
1555228997	32.295000
1555229057	31.896000
1555229117	32.013000
1555229177	32.458000
1555229237	31.919000
1555229359	31.819000
1555229417	32.039000
1555229478	31.886000
1555229537	31.872000
1555229658	32.277000
1555229718	33.201000
1555229777	32.215000
1555229839	35.206000
1555229898	32.376000
1555229957	31.879000
1555230078	32.100000
1555230137	32.343000
1555230197	32.243000
1555230318	32.104000
1555230377	31.923000
1555230498	32.249000
1555230557	31.869000
1555230678	32.009000
1555230739	35.991000
1555230798	32.050000
1555230858	31.830000
1555230917	32.075000
1555230977	31.968000
1555231037	31.871000
1555231097	32.081000
1555231157	32.049000
1555231217	32.263000
1555231338	32.206000
1555231397	31.890000
1555231457	31.884000
1555231577	31.805000
1555231639	32.074000
1555231697	31.927000
1555231757	32.190000
1555231817	32.327000
1555231938	31.929000
1555231997	32.071000
1555232118	31.817000
1555232177	32.142000
1555232298	32.162000
1555232357	32.032000
1555232418	144.099000
1555232477	32.199000
1555232539	33.690000
1555232597	32.086000
1555232657	31.821000
1555232717	32.288000
1555232838	32.461000
1555232897	31.881000
1555232956	32.163000
1555233017	31.860000
1555233077	32.179000
1555233137	31.913000
1555233258	32.032000
1555233377	32.033000
1555233498	32.021000
1555233557	31.929000
1555233617	31.914000
1555233677	32.239000
1555233798	32.193000
1555233857	31.821000
1555233917	32.132000
1555233977	32.156000
1555234098	31.898000
1555234157	32.001000
1555234277	31.898000
1555234339	35.898000
1555234398	31.892000
1555234457	32.137000
1555234517	32.212000
1555234577	32.106000
1555234637	31.880000
1555234697	32.019000
1555234818	32.164000
1555234877	31.958000
1555234937	32.022000
1555234997	32.061000
1555235121	32.007000
1555235177	31.987000
1555235239	35.354000
1555235298	32.439000
1555235357	31.994000
1555235417	31.951000
1555235477	31.928000
1555235537	32.306000
1555235597	31.957000
1555235657	32.268000
1555235717	32.045000
1555235838	31.855000
1555235897	31.844000
1555235957	31.857000
1555236077	31.972000
1555236139	32.645000
1555236197	31.855000
1555236257	32.167000
1555236317	31.834000
1555236377	31.989000
1555236437	31.824000
1555236558	31.861000
1555236617	32.350000
1555236677	31.891000
1555236737	31.969000
1555236797	32.025000
1555236857	31.985000
1555236919	32.146000
1555236977	32.305000
1555237038	32.043000
1555237098	31.763000
1555237157	32.135000
1555237217	31.907000
1555237277	32.080000
1555237399	31.847000
1555237458	32.037000
1555237517	32.027000
1555237577	32.190000
1555237637	32.176000
1555237697	31.860000
1555237757	32.034000
1555237820	31.933000
1555237877	32.082000
1555237939	36.509000
1555237997	32.317000
1555238057	32.003000
1555238117	32.370000
1555238177	32.231000
1555238298	36.744000
1555238357	32.730000
1555238417	31.812000
1555238538	31.954000
1555238597	31.977000
1555238657	32.073000
1555238777	31.951000
1555238839	31.991000
1555238898	32.480000
1555238957	32.051000
1555239017	32.210000
1555239077	32.301000
1555239137	32.027000
1555239198	31.947000
1555239257	32.185000
1555239378	32.430000
1555239437	31.981000
1555239497	31.859000
1555239557	31.993000
1555239618	91.564000
1555239678	31.996000
1555239739	32.156000
1555239797	31.936000
1555239857	32.134000
1555239917	31.852000
1555240039	32.133000
1555240097	32.143000
1555240157	31.842000
1555240217	32.071000
1555240338	31.942000
1555240397	31.746000
1555240457	31.854000
1555240518	32.277000
1555240577	32.064000
1555240638	32.187000
1555240697	32.637000
1555240757	31.979000
1555240817	31.843000
1555240938	32.241000
1555240997	32.076000
1555241057	32.150000
1555241117	32.095000
1555241177	32.207000
1555241237	31.963000
1555241297	31.951000
1555241357	32.167000
1555241478	32.109000
1555241539	37.082000
1555241597	32.241000
1555241657	32.030000
1555241717	31.979000
1555241777	31.815000
1555241898	32.357000
1555241957	31.953000
1555242078	31.879000
1555242137	31.947000
1555242197	32.312000
1555242257	32.161000
1555242318	32.186000
1555242377	31.849000
1555242438	33.163000
1555242497	32.303000
1555242557	31.868000
1555242617	31.976000
1555242738	32.001000
1555242797	31.787000
1555242857	32.209000
1555242978	31.903000
1555243037	31.910000
1555243097	31.904000
1555243157	32.414000
1555243277	32.007000
1555243340	31.919000
1555243398	31.956000
1555243458	31.841000
1555243517	31.941000
1555243638	31.912000
1555243697	31.822000
1555243757	31.831000
1555243878	31.851000
1555243937	32.004000
1555243997	31.948000
1555244120	32.082000
1555244177	31.969000
1555244239	34.022000
1555244298	32.166000
1555244357	32.047000
1555244478	31.952000
1555244537	32.197000
1555244597	31.908000
1555244657	31.956000
1555244778	31.871000
1555244837	31.866000
1555244897	31.767000
1555244957	32.095000
1555245018	32.068000
1555245077	31.848000
1555245140	31.746000
1555245197	31.879000
1555245257	31.701000
1555245378	31.956000
1555245437	31.848000
1555245497	32.003000
1555245557	32.015000
1555245679	31.967000
1555245738	31.813000
1555245797	32.058000
1555245857	31.889000
1555245977	31.895000
1555246039	35.011000
1555246097	32.233000
1555246157	31.939000
1555246217	32.221000
1555246277	31.864000
1555246337	31.761000
1555246397	31.965000
1555246457	32.212000
1555246517	31.888000
1555246577	32.293000
1555246699	31.957000
1555246757	31.858000
1555246819	72.445000
1555246877	31.951000
1555246939	36.432000
1555246998	31.668000
1555247057	31.871000
1555247118	31.921000
1555247238	32.123000
1555247297	32.172000
1555247418	31.886000
1555247477	32.023000
1555247537	31.880000
1555247658	31.837000
1555247719	32.241000
1555247777	31.947000
1555247838	32.475000
1555247897	31.918000
1555247957	32.022000
1555248017	32.073000
1555248138	32.164000
1555248197	32.059000
1555248257	31.918000
1555248317	31.825000
1555248377	31.825000
1555248437	32.062000
1555248497	32.201000
1555248619	32.171000
1555248677	31.888000
1555248739	31.942000
1555248797	32.276000
1555248857	31.962000
1555248917	31.901000
1555248977	32.052000
1555249098	32.004000
1555249157	31.872000
1555249278	32.283000
1555249337	32.286000
1555249397	32.205000
1555249457	31.911000
1555249519	32.206000
1555249578	31.984000
1555249639	37.637000
1555249698	32.773000
1555249757	32.437000
1555249878	32.170000
1555249937	32.103000
1555249997	31.993000
1555250118	32.260000
1555250177	32.355000
1555250298	32.379000
1555250357	32.068000
1555250477	31.918000
1555250539	32.248000
1555250598	32.776000
1555250657	32.272000
1555250717	32.295000
1555250838	35.654000
1555250897	32.141000
1555250957	32.207000
1555251078	32.061000
1555251137	31.831000
1555251197	31.987000
1555251257	32.246000
1555251319	32.267000
1555251378	31.864000
1555251438	35.237000
1555251497	31.829000
1555251557	32.011000
1555251618	31.888000
1555251677	32.091000
1555251798	32.007000
1555251857	32.200000
1555251917	32.195000
1555252038	31.829000
1555252097	32.182000
1555252220	69.295000
1555252278	31.883000
1555252337	48.536000
1555252397	32.212000
1555252457	31.910000
1555252517	31.957000
1555252577	32.087000
1555252698	32.750000
1555252757	32.121000
1555252817	31.944000
1555252939	32.237000
1555252997	32.008000
1555253120	32.165000
1555253177	31.940000
1555253239	34.391000
1555253297	32.114000
1555253357	32.020000
1555253417	32.263000
1555253538	31.903000
1555253598	32.367000
1555253657	31.891000
1555253717	32.000000
1555253777	32.410000
1555253837	31.855000
1555253958	32.203000
1555254019	52.713000
1555254077	31.969000
1555254140	32.302000
1555254199	32.313000
1555254257	32.028000
1555254378	31.880000
1555254437	32.003000
1555254497	32.216000
1555254557	32.248000
1555254617	31.836000
1555254677	32.131000
1555254798	32.049000
1555254857	31.899000
1555254920	31.990000
1555254978	32.245000
1555255039	36.134000
1555255098	31.800000
1555255157	32.047000
1555255217	32.237000
1555255339	32.207000
1555255398	32.061000
1555255458	32.252000
1555255517	31.741000
1555255577	31.878000
1555255637	31.981000
1555255697	31.787000
1555255823	81.109000
1555255877	31.915000
1555255938	31.848000
1555255998	31.990000
1555256057	31.912000
1555256117	31.871000
1555256177	32.147000
1555256298	32.000000
1555256358	32.174000
1555256417	32.048000
1555256477	32.028000
1555256598	32.461000
1555256657	31.856000
1555256777	31.816000
1555256838	32.331000
1555256897	32.727000
1555256957	31.963000
1555257017	32.207000
1555257138	31.830000
1555257197	39.180000
1555257257	31.994000
1555257378	32.153000
1555257437	31.874000
1555257497	31.874000
1555257557	32.063000
1555257619	54.250000
1555257677	31.930000
1555257740	31.840000
1555257798	33.176000
1555257857	31.844000
1555257978	31.897000
1555258037	31.870000
1555258097	31.944000
1555258218	31.978000
1555258277	31.933000
1555258337	32.088000
1555258397	32.326000
1555258457	31.961000
1555258578	32.017000
1555258640	32.084000
1555258697	32.120000
1555258757	32.078000
1555258817	32.194000
1555258877	31.928000
1555258937	31.832000
1555258997	31.946000
1555259057	32.032000
1555259117	31.979000
1555259177	32.317000
1555259298	32.276000
1555259357	32.029000
1555259419	32.235000
1555259477	31.906000
1555259539	32.036000
1555259597	32.017000
1555259657	32.004000
1555259717	31.941000
1555259839	32.230000
1555259897	32.219000
1555259957	32.567000
1555260017	32.410000
1555260077	32.395000
1555260137	31.825000
1555260258	32.157000
1555260319	31.897000
1555260377	32.082000
1555260440	35.785000
1555260497	32.776000
1555260557	31.889000
1555260617	32.005000
1555260677	31.922000
1555260737	31.692000
1555260797	34.862000
1555260857	32.106000
1555260917	31.969000
1555260977	31.881000
1555261098	32.296000
1555261157	31.989000
1555261277	32.152000
1555261340	32.804000
1555261398	32.261000
1555261457	31.978000
1555261517	31.841000
1555261577	32.058000
1555261637	31.954000
1555261697	32.065000
1555261818	32.188000
1555261877	31.847000
1555261937	31.774000
1555262058	31.966000
1555262119	32.310000
1555262178	32.055000
1555262238	36.103000
1555262298	32.183000
1555262357	32.076000
1555262478	32.045000
1555262537	32.002000
1555262597	32.363000
1555262657	32.302000
1555262717	32.097000
1555262837	31.925000
1555262897	31.884000
1555262957	31.905000
1555263077	31.944000
1555263140	32.175000
1555263197	32.828000
1555263257	32.253000
1555263317	32.244000
1555263377	32.397000
1555263438	32.124000
1555263497	31.959000
1555263557	31.894000
1555263678	31.914000
1555263737	31.882000
1555263797	32.108000
1555263921	31.863000
1555263978	31.820000
1555264039	32.139000
1555264098	32.329000
1555264157	31.806000
1555264217	32.020000
1555264338	31.900000
1555264397	52.271000
1555264457	31.992000
1555264579	31.834000
1555264637	32.160000
1555264758	33.463000
1555264877	31.953000
1555264940	31.826000
1555264997	31.992000
1555265057	31.896000
1555265117	32.070000
1555265177	32.066000
1555265237	31.864000
1555265358	32.290000
1555265417	31.904000
1555265477	32.035000
1555265599	32.125000
1555265657	32.047000
1555265719	32.094000
1555265777	32.343000
1555265839	36.382000
1555265897	32.029000
1555265958	32.013000
1555266017	32.288000
1555266138	32.061000
1555266197	31.870000
1555266318	32.128000
1555266377	32.260000
1555266437	32.146000
1555266497	32.297000
1555266557	32.114000
1555266619	32.050000
1555266677	31.873000
1555266738	66.945000
1555266798	31.891000
1555266857	32.038000
1555266917	32.151000
1555266977	31.880000
1555267099	32.252000
1555267158	31.795000
1555267218	31.933000
1555267277	31.848000
1555267337	32.059000
1555267397	31.926000
1555267457	32.143000
1555267518	32.163000
1555267577	32.510000
1555267639	35.309000
1555267697	31.814000
1555267757	31.971000
1555267879	31.873000
1555267938	32.011000
1555267997	44.150000
1555268057	31.886000
1555268117	32.299000
1555268239	31.945000
1555268297	32.346000
1555268420	71.316000
1555268477	32.495000
1555268539	34.765000
1555268598	32.235000
1555268657	32.181000
1555268778	31.952000
1555268838	35.892000
1555268897	31.911000
1555268957	31.870000
1555269078	32.084000
1555269137	32.150000
1555269197	32.211000
1555269257	32.141000
1555269318	31.971000
1555269377	35.334000
1555269438	32.861000
1555269497	32.189000
1555269557	32.055000
1555269678	31.909000
1555269737	31.925000
1555269797	32.317000
1555269857	31.972000
1555269917	31.865000
1555269977	32.198000
1555270037	32.248000
1555270159	32.287000
1555270219	32.850000
1555270278	31.906000
1555270339	33.900000
1555270398	32.296000
1555270457	32.051000
1555270518	32.660000
1555270577	32.142000
1555270698	32.290000
1555270757	32.086000
1555270878	32.239000
1555270937	31.869000
1555270997	31.965000
1555271120	32.823000
1555271177	32.010000
1555271238	34.289000
1555271298	32.125000
1555271357	32.034000
1555271417	32.050000
1555271477	32.180000
1555271537	31.942000
1555271659	32.126000
1555271717	32.173000
1555271777	32.068000
1555271898	31.907000
1555271957	31.972000
1555272077	32.277000
1555272137	77.510000
1555272198	32.244000
1555272257	31.899000
1555272317	32.056000
1555272438	31.981000
1555272497	32.099000
1555272557	32.670000
1555272617	31.907000
1555272677	32.341000
1555272799	31.967000
1555272858	32.010000
1555272919	32.053000
1555272978	32.382000
1555273040	31.906000
1555273098	32.260000
1555273157	31.960000
1555273278	32.094000
1555273337	31.883000
1555273397	32.428000
1555273518	31.863000
1555273577	32.028000
1555273637	31.839000
1555273697	32.026000
1555273757	32.573000
1555273818	31.985000
1555273877	32.037000
1555273940	31.994000
1555273998	32.203000
1555274058	32.172000
1555274117	32.301000
1555274238	31.979000
1555274297	32.209000
1555274357	31.886000
1555274478	32.115000
1555274537	31.831000
1555274597	31.992000
1555274657	32.271000
1555274778	31.914000
1555274838	33.302000
1555274898	32.214000
1555274957	32.126000
1555275017	34.289000
1555275077	31.900000
1555275137	31.978000
1555275197	46.847000
1555275318	31.909000
1555275377	31.947000
1555275498	32.012000
1555275557	31.848000
1555275618	181.626000
1555275679	32.069000
1555275740	32.176000
1555275798	32.179000
1555275857	31.995000
1555275917	32.057000
1555275977	32.126000
1555276037	31.895000
1555276097	32.160000
1555276157	31.882000
1555276279	32.056000
1555276338	31.920000
1555276397	32.111000
1555276457	31.986000
1555276519	32.338000
1555276578	31.806000
1555276638	32.423000
1555276697	31.818000
1555276757	32.015000
1555276817	31.863000
1555276877	32.695000
1555276937	31.780000
1555277058	32.450000
1555277117	32.445000
1555277177	31.998000
1555277237	31.658000
1555277358	31.961000
1555277419	32.243000
1555277478	31.952000
1555277538	37.631000
1555277597	31.803000
1555277657	32.177000
1555277717	31.954000
1555277777	31.992000
1555277837	32.195000
1555277897	31.807000
1555277956	32.136000
1555278079	31.830000
1555278137	32.163000
1555278197	31.988000
1555278257	31.861000
1555278318	32.341000
1555278377	31.739000
1555278438	34.703000
1555278497	32.848000
1555278557	32.425000
1555278617	31.807000
1555278677	32.250000
1555278737	31.899000
1555278797	32.063000
1555278919	32.187000
1555278978	32.547000
1555279037	32.137000
1555279097	32.172000
1555279157	32.276000
1555279218	53.318000
1555279277	31.926000
1555279339	35.716000
1555279398	32.584000
1555279458	32.043000
1555279517	32.233000
1555279577	32.157000
1555279637	32.629000
1555279697	32.335000
1555279818	31.944000
1555279877	32.127000
1555279937	31.783000
1555280058	32.240000
1555280118	31.922000
1555280177	32.330000
1555280239	33.451000
1555280298	32.211000
1555280357	32.206000
1555280478	32.300000
1555280537	32.015000
1555280597	32.269000
1555280657	32.036000
1555280717	32.365000
1555280777	32.436000
1555280898	32.271000
1555280957	31.946000
1555281018	32.246000
1555281077	32.094000
1555281139	32.968000
1555281197	31.873000
1555281257	32.043000
1555281317	31.925000
1555281377	31.930000
1555281437	32.097000
1555281497	32.063000
1555281619	31.784000
1555281677	32.396000
1555281737	31.860000
1555281797	32.187000
1555281919	31.801000
1555281977	32.152000
1555282038	31.945000
1555282098	32.391000
1555282158	31.884000
1555282217	32.331000
1555282277	31.971000
1555282398	48.957000
1555282457	32.125000
1555282579	31.933000
1555282637	32.477000
1555282697	32.176000
1555282757	31.962000
1555282878	31.815000
1555282939	32.252000
1555282997	32.132000
1555283057	32.052000
1555283178	32.214000
1555283237	31.918000
1555283296	32.326000
1555283357	32.375000
1555283417	32.457000
1555283477	32.051000
1555283537	32.155000
1555283658	32.122000
1555283718	32.310000
1555283777	32.210000
1555283838	38.051000
1555283897	32.356000
1555283957	31.876000
1555284018	32.187000
1555284077	31.918000
1555284198	32.567000
1555284257	32.046000
1555284317	32.123000
1555284376	31.979000
1555284498	32.045000
1555284557	31.914000
1555284619	32.219000
1555284678	31.861000
1555284740	32.160000
1555284797	31.927000
1555284857	31.998000
1555284917	32.284000
1555284977	32.226000
1555285098	32.466000
1555285157	32.169000
1555285217	31.939000
1555285277	32.488000
1555285337	31.892000
1555285397	32.200000
1555285457	31.973000
1555285518	32.337000
1555285578	31.856000
1555285640	37.510000
1555285698	31.780000
1555285758	31.922000
1555285817	31.843000
1555285938	32.158000
1555285998	31.828000
1555286058	32.017000
1555286117	32.070000
1555286238	32.073000
1555286297	32.161000
1555286357	31.917000
1555286418	95.044000
1555286477	31.850000
1555286539	32.464000
1555286597	32.203000
1555286657	32.229000
1555286717	31.877000
1555286777	31.959000
1555286837	32.221000
1555286897	31.919000
1555287018	32.254000
1555287077	32.091000
1555287198	32.114000
1555287257	32.006000
1555287377	32.320000
1555287439	37.664000
1555287497	32.458000
1555287558	32.062000
1555287618	32.139000
1555287678	31.901000
1555287737	32.360000
1555287797	31.843000
1555287857	32.221000
1555287917	32.245000
1555287978	32.277000
1555288037	31.790000
1555288098	32.042000
1555288157	31.901000
1555288218	32.193000
1555288277	31.953000
1555288337	38.380000
1555288398	31.744000
1555288458	31.992000
1555288517	31.929000
1555288577	32.139000
1555288637	31.799000
1555288697	31.806000
1555288757	31.856000
1555288817	31.910000
1555288939	31.819000
1555288998	32.087000
1555289058	31.875000
1555289118	32.376000
1555289177	31.983000
1555289238	32.017000
1555289297	32.589000
1555289357	32.211000
1555289478	31.927000
1555289537	32.345000
1555289597	35.383000
1555289657	32.210000
1555289717	32.324000
1555289777	32.098000
1555289837	31.922000
1555289958	32.276000
1555290018	46.940000
1555290077	32.284000
1555290140	31.875000
1555290197	32.369000
1555290257	31.934000
1555290317	32.380000
1555290377	32.303000
1555290498	32.607000
1555290557	32.310000
1555290617	32.031000
1555290738	31.912000
1555290797	32.263000
1555290857	31.899000
1555290918	32.502000
1555290977	31.835000
1555291038	33.057000
1555291097	31.788000
1555291157	32.419000
1555291217	32.016000
1555291277	32.267000
1555291337	31.913000
1555291397	32.053000
1555291457	32.431000
1555291517	31.895000
1555291577	32.092000
1555291637	32.034000
1555291697	32.323000
1555291757	31.968000
1555291877	32.321000
1555291939	33.372000
1555291997	32.053000
1555292058	31.905000
1555292117	32.125000
1555292238	31.897000
1555292297	32.213000
1555292357	31.918000
1555292417	32.161000
1555292477	31.912000
1555292537	32.000000
1555292597	31.985000
1555292720	32.121000
1555292777	31.971000
1555292838	32.826000
1555292897	31.751000
1555292958	32.175000
1555293017	31.845000
1555293077	32.491000
1555293198	54.213000
1555293257	32.506000
1555293317	31.791000
1555293377	32.057000
1555293498	31.926000
1555293557	32.346000
1555293618	33.052000
1555293678	32.086000
1555293738	33.237000
1555293798	32.139000
1555293857	33.096000
1555293917	32.182000
1555294038	32.372000
1555294097	31.857000
1555294218	32.137000
1555294277	31.911000
1555294337	32.219000
1555294397	31.828000
1555294519	32.249000
1555294577	32.041000
1555294639	32.967000
1555294697	32.003000
1555294759	32.248000
1555294817	31.812000
1555294877	32.250000
1555294937	31.925000
1555294997	31.871000
1555295057	31.882000
1555295178	32.196000
1555295237	32.204000
1555295297	31.892000
1555295421	32.119000
1555295478	31.795000
1555295539	35.513000
1555295597	31.817000
1555295657	32.297000
1555295717	31.871000
1555295838	31.908000
1555295897	31.955000
1555295957	32.400000
1555296017	32.061000
1555296077	31.881000
1555296137	32.384000
1555296257	32.238000
1555296318	32.053000
1555296377	32.258000
1555296438	36.335000
1555296498	31.934000
1555296557	32.038000
1555296617	32.219000
1555296677	31.866000
1555296799	70.173000
1555296858	32.219000
1555296918	31.933000
1555296977	32.325000
1555297098	32.099000
1555297157	32.161000
1555297277	32.066000
1555297337	109.067000
1555297398	32.145000
1555297457	31.755000
1555297517	32.238000
1555297577	32.056000
1555297637	32.065000
1555297697	31.911000
1555297757	32.089000
1555297817	32.309000
1555297877	32.387000
1555297998	32.013000
1555298057	32.060000
1555298119	31.877000
1555298178	31.998000
1555298240	32.019000
1555298297	32.219000
1555298357	31.913000
1555298417	32.215000
1555298477	32.099000
1555298537	31.858000
1555298597	31.960000
1555298657	32.153000
1555298717	32.029000
1555298838	32.495000
1555298897	31.895000
1555298957	32.091000
1555299077	31.810000
1555299139	32.267000
1555299197	31.826000
1555299257	32.276000
1555299317	31.929000
1555299377	32.058000
1555299498	32.292000
1555299557	31.979000
1555299617	32.359000
1555299677	31.876000
1555299737	32.015000
1555299797	32.056000
1555299920	32.009000
1555299977	31.955000
1555300038	36.865000
1555300098	32.102000
1555300157	31.903000
1555300217	32.259000
1555300338	32.134000
1555300397	32.137000
1555300457	31.763000
1555300517	32.153000
1555300577	31.839000
1555300637	32.289000
1555300758	31.933000
1555300819	85.061000
1555300877	32.031000
1555300940	32.230000
1555300997	32.283000
1555301057	31.998000
1555301117	32.281000
1555301238	31.955000
1555301297	32.431000
1555301358	31.974000
1555301417	32.247000
1555301477	31.904000
1555301537	32.264000
1555301597	32.580000
1555301720	32.624000
1555301777	31.851000
1555301839	41.367000
1555301897	31.975000
1555301957	32.243000
1555302017	32.474000
1555302077	32.302000
1555302137	31.999000
1555302213	37.836000
1555302438	37.781000
1555302497	37.895000
1555302621	37.673000
1555302666	103.982000
1555302680	38.133000
1555302798	37.970000
1555302857	38.193000
1555302917	37.878000
1555302977	38.134000
1555303037	37.995000
1555303097	37.813000
1555303157	38.136000
1555303279	37.711000
1555303338	37.836000
1555303398	37.797000
1555303457	38.253000
1555303519	37.759000
1555303578	37.986000
1555303640	38.273000
1555303698	38.061000
1555303758	37.953000
1555303878	37.795000
1555303937	38.116000
1555303997	37.765000
1555304058	38.695000
1555304117	37.754000
1555304177	37.764000
1555304298	37.803000
1555304357	38.115000
1555304478	37.923000
1555304540	56.923000
1555304598	38.226000
1555304657	37.663000
1555304778	38.120000
1555304838	32.162000
1555304897	32.451000
1555305018	38.144000
1555305077	38.059000
1555305199	37.736000
1555305257	37.843000
1555305378	37.727000
1555305440	37.921000
1555305497	37.994000
1555305558	37.915000
1555305618	37.822000
1555305677	37.962000
1555305799	38.099000
1555305858	37.819000
1555305917	37.827000
1555305977	37.922000
1555306038	37.918000
1555306097	37.774000
1555306220	37.979000
1555306277	37.878000
1555306340	38.029000
1555306398	39.364000
1555306458	31.998000
1555306518	31.996000
1555306579	37.850000
1555306637	37.966000
1555306698	38.184000
1555306757	37.839000
1555306817	37.761000
1555306878	37.959000
1555306937	37.816000
1555307059	37.800000
1555307119	38.382000
1555307178	37.951000
1555307238	90.960000
1555307298	38.064000
1555307358	38.123000
1555307417	37.955000
1555307539	37.908000
1555307661	37.949000
1555307717	37.697000
1555307777	37.829000
1555307899	38.048000
1555307958	38.075000
1555308018	58.542000
1555308077	38.050000
1555308139	44.180000
1555308198	38.047000
1555308257	37.977000
1555308317	38.501000
1555308377	37.720000
1555308437	37.953000
1555308497	37.942000
1555308619	37.850000
1555308678	38.022000
1555308798	37.776000
1555308857	38.213000
1555308978	37.912000
1555309040	37.844000
1555309098	37.917000
1555309158	37.912000
1555309218	37.935000
1555309277	38.072000
1555309337	37.574000
