time ms
1555162772	34.368000
1555162830	33.974000
1555162891	34.225000
1555163012	34.137000
1555163070	34.194000
1555163132	34.964000
1555163190	34.321000
1555163254	43.363000
1555163311	94.063000
1555163370	34.361000
1555163493	34.072000
1555163551	34.239000
1555163610	33.831000
1555163733	34.743000
1555163791	33.998000
1555163851	34.303000
1555163910	34.239000
1555163971	34.054000
1555164090	34.100000
1555164152	44.860000
1555164211	62.149000
1555164275	34.275000
1555164330	33.814000
1555164391	34.310000
1555164512	33.988000
1555164572	34.246000
1555164631	33.970000
1555164690	34.223000
1555164750	33.962000
1555164871	34.115000
1555164932	38.412000
1555164991	34.181000
1555165055	42.043000
1555165112	43.825000
1555165171	34.191000
1555165292	33.904000
1555165350	34.149000
1555165410	37.883000
1555165532	33.483000
1555165591	33.317000
1555165712	34.146000
1555165771	33.476000
1555165890	34.110000
1555165953	33.553000
1555166011	70.633000
1555166070	34.638000
1555166193	33.467000
1555166251	33.317000
1555166310	33.500000
1555166432	33.270000
1555166490	33.768000
1555166550	33.134000
1555166672	33.175000
1555166791	33.996000
1555166850	33.958000
1555166911	33.341000
1555166970	33.331000
1555167030	33.689000
1555167152	33.088000
1555167210	33.516000
1555167270	34.243000
1555167392	33.021000
1555167450	33.124000
1555167510	33.468000
1555167570	33.883000
1555167690	34.326000
1555167753	35.537000
1555167810	57.901000
1555167871	34.171000
1555167930	33.866000
1555167991	34.286000
1555168050	33.814000
1555168111	35.325000
1555168233	33.150000
1555168291	33.583000
1555168351	33.635000
1555168411	33.231000
1555168535	34.210000
1555168591	33.293000
1555168654	37.240000
1555168711	74.309000
1555168770	33.583000
1555168831	33.027000
1555168890	34.658000
1555169012	35.409000
1555169071	34.094000
1555169135	34.144000
1555169194	34.156000
1555169250	33.840000
1555169310	35.380000
1555169370	34.268000
1555169433	38.431000
1555169491	34.045000
1555169554	35.197000
1555169612	39.492000
1555169670	34.171000
1555169730	35.223000
1555169852	33.936000
1555169910	34.049000
1555169970	34.303000
1555170031	33.843000
1555170152	34.223000
1555170210	34.685000
1555170270	34.342000
1555170331	37.430000
1555170391	34.427000
1555170454	42.804000
1555170511	74.032000
1555170570	33.287000
1555170630	33.496000
1555170690	33.520000
1555170750	33.403000
1555170811	33.352000
1555170934	33.531000
1555170993	34.755000
1555171116	33.425000
1555171171	34.070000
1555171292	39.587000
1555171353	40.761000
1555171413	34.537000
1555171477	34.197000
1555171532	34.321000
1555171654	34.373000
1555171712	33.795000
1555171773	34.045000
1555171832	34.323000
1555171892	34.119000
1555172015	34.248000
1555172073	33.888000
1555172194	33.707000
1555172256	71.374000
1555172314	34.170000
1555172373	33.868000
1555172433	33.749000
1555172494	33.919000
1555172553	34.011000
1555172614	115.988000
1555172734	116.401000
1555172792	115.690000
1555172853	116.245000
1555172912	115.940000
1555172972	116.324000
1555173091	34.030000
1555173156	54.768000
1555173211	33.473000
1555173271	33.498000
1555173331	33.149000
1555173452	34.033000
1555173510	34.149000
1555173570	34.240000
1555173630	34.176000
1555173690	33.839000
1555173813	34.233000
1555173871	34.163000
1555173933	36.965000
1555173990	34.046000
1555174054	38.012000
1555174111	40.689000
1555174171	34.321000
1555174231	34.042000
1555174290	34.210000
1555174351	34.309000
1555174472	34.370000
1555174531	34.186000
1555174591	34.239000
1555174650	34.196000
1555174710	34.195000
1555174836	35.440000
1555174892	33.517000
1555174954	33.058000
1555175011	33.637000
1555175071	33.240000
1555175131	33.312000
1555175190	33.414000
1555175250	34.066000
1555175310	34.318000
1555175370	34.198000
1555175492	34.153000
1555175551	34.304000
1555175610	34.124000
1555175671	34.212000
1555175732	35.111000
1555175790	33.928000
1555175852	34.174000
1555175911	92.864000
1555175971	34.280000
1555176092	33.973000
1555176150	34.106000
1555176273	33.611000
1555176331	33.197000
1555176390	33.535000
1555176451	34.175000
1555176572	34.299000
1555176691	34.405000
1555176754	42.447000
1555176811	85.860000
1555176872	34.128000
1555176931	34.317000
1555176991	33.865000
1555177050	34.100000
1555177110	34.376000
1555177171	33.174000
1555177231	33.468000
1555177291	33.426000
1555177351	33.266000
1555177410	33.564000
1555177470	33.140000
1555177534	36.125000
1555177591	33.206000
1555177651	57.883000
1555177711	65.469000
1555177771	34.157000
1555177830	34.251000
1555177890	34.305000
1555177950	34.062000
1555178011	34.294000
1555178070	34.182000
1555178192	34.210000
1555178250	34.198000
1555178310	34.245000
1555178371	33.942000
1555178491	33.546000
1555178551	68.610000
1555178611	58.005000
1555178671	33.048000
1555178792	33.416000
1555178851	33.485000
1555178910	33.163000
1555178970	33.500000
1555179030	33.054000
1555179152	33.866000
1555179211	33.968000
1555179271	33.815000
1555179391	34.196000
1555179452	34.418000
1555179511	94.518000
1555179571	33.885000
1555179692	33.997000
1555179750	34.122000
1555179810	33.944000
1555179932	34.186000
1555179991	33.910000
1555180051	34.172000
1555180110	34.103000
1555180171	33.905000
1555180232	35.532000
1555180291	34.164000
1555180355	36.203000
1555180411	34.335000
1555180471	34.167000
1555180530	33.933000
1555180653	34.326000
1555180711	33.983000
1555180836	34.188000
1555180890	34.108000
1555181013	34.716000
1555181071	33.862000
1555181132	34.566000
1555181191	33.846000
1555181254	43.343000
1555181310	52.419000
1555181372	34.326000
1555181431	33.933000
1555181552	34.320000
1555181610	34.095000
1555181732	34.131000
1555181791	34.318000
1555181851	33.976000
1555181910	34.082000
1555181970	34.179000
1555182091	34.218000
1555182154	34.445000
1555182211	63.216000
1555182270	34.213000
1555182330	34.116000
1555182452	34.127000
1555182511	34.003000
1555182571	34.207000
1555182631	33.856000
1555182690	34.105000
1555182750	34.247000
1555182873	33.815000
1555182932	35.958000
1555182995	34.454000
1555183057	44.116000
1555183111	61.823000
1555183170	34.160000
1555183292	34.188000
1555183350	34.591000
1555183474	34.127000
1555183531	34.181000
1555183590	33.949000
1555183650	34.228000
1555183772	33.892000
1555183832	34.893000
1555183890	33.855000
1555183954	43.956000
1555184011	84.044000
1555184071	34.161000
1555184131	34.015000
1555184252	34.278000
1555184311	34.219000
1555184370	34.601000
1555184430	33.989000
1555184552	34.259000
1555184610	34.100000
1555184670	37.331000
1555184790	34.148000
1555184855	92.671000
1555184910	33.995000
1555184971	34.171000
1555185092	34.233000
1555185150	34.632000
1555185211	34.112000
1555185332	34.316000
1555185390	34.217000
1555185451	34.457000
1555185572	35.715000
1555185632	34.862000
1555185691	34.231000
1555185754	34.082000
1555185810	34.449000
1555185871	34.757000
1555185992	34.237000
1555186052	34.200000
1555186110	34.300000
1555186232	37.785000
1555186290	34.300000
1555186350	35.987000
1555186410	33.995000
1555186470	34.012000
1555186533	35.914000
1555186590	33.757000
1555186654	41.753000
1555186711	61.393000
1555186770	33.756000
1555186830	34.153000
1555186890	33.907000
1555186950	35.249000
1555187010	34.225000
1555187070	33.945000
1555187131	34.388000
1555187252	34.343000
1555187310	33.774000
1555187433	34.805000
1555187492	34.015000
1555187554	34.662000
1555187612	53.102000
1555187673	34.198000
1555187798	34.230000
1555187855	34.311000
1555187972	33.927000
1555188031	34.140000
1555188153	34.049000
1555188211	34.162000
1555188270	34.100000
1555188333	35.914000
1555188391	34.298000
1555188455	47.789000
1555188511	54.163000
1555188571	34.254000
1555188692	34.511000
1555188754	34.304000
1555188811	33.866000
1555188870	35.664000
1555188992	33.957000
1555189050	34.027000
1555189111	33.950000
1555189234	37.541000
1555189291	34.212000
1555189353	43.704000
1555189410	50.642000
1555189470	35.964000
1555189531	41.957000
1555189653	41.694000
1555189711	42.119000
1555189771	41.672000
1555189892	33.206000
1555189951	33.910000
1555190011	33.960000
1555190071	34.189000
1555190191	33.991000
1555190251	48.692000
1555190311	33.837000
1555190371	35.976000
1555190430	34.278000
1555190553	34.249000
1555190611	34.189000
1555190670	33.820000
1555190731	34.220000
1555190852	34.309000
1555190910	34.115000
1555190971	33.993000
1555191032	39.318000
1555191091	34.312000
1555191154	42.200000
1555191210	33.963000
1555191270	36.733000
1555191330	34.065000
1555191390	34.248000
1555191512	34.031000
1555191571	34.308000
1555191631	33.815000
1555191690	34.387000
1555191751	33.834000
1555191810	34.334000
1555191871	34.234000
1555191990	33.949000
1555192053	43.054000
1555192111	40.876000
1555192170	34.225000
1555192231	33.885000
1555192290	34.333000
1555192350	33.968000
1555192410	34.188000
1555192534	34.240000
1555192591	34.253000
1555192714	34.106000
1555192771	33.861000
1555192891	34.019000
1555192953	37.800000
1555193015	97.279000
1555193071	33.683000
1555193131	34.290000
1555193191	34.007000
1555193251	34.215000
1555193311	34.150000
1555193370	34.363000
1555193430	33.986000
1555193490	34.161000
1555193550	34.033000
1555193672	34.180000
1555193732	37.767000
1555193791	34.509000
1555193853	34.451000
1555193910	39.090000
1555193971	33.827000
1555194091	34.186000
1555194151	34.264000
1555194210	34.289000
1555194333	34.276000
1555194391	34.245000
1555194451	33.913000
1555194511	34.251000
1555194634	37.225000
1555194691	34.155000
1555194755	36.028000
1555194811	69.943000
1555194871	33.836000
1555194930	34.346000
1555194991	34.055000
1555195112	34.369000
1555195170	33.829000
1555195231	34.149000
1555195352	34.365000
1555195410	34.214000
1555195534	34.319000
1555195591	34.315000
1555195655	51.834000
1555195711	33.933000
1555195770	34.201000
1555195893	34.088000
1555195951	34.232000
1555196011	33.663000
1555196132	34.300000
1555196190	33.738000
1555196250	34.420000
1555196373	34.014000
1555196432	37.213000
1555196491	34.024000
1555196553	34.506000
1555196611	45.202000
1555196671	34.190000
1555196731	34.245000
1555196852	34.275000
1555196911	34.068000
1555196971	34.231000
1555197031	33.965000
1555197090	34.219000
1555197156	34.380000
1555197210	34.207000
1555197270	33.866000
1555197331	38.187000
1555197390	34.279000
1555197458	53.080000
1555197511	61.877000
1555197571	33.782000
1555197631	34.377000
1555197691	34.044000
1555197751	34.260000
1555197811	33.765000
1555197871	34.198000
1555197931	33.885000
1555198052	34.237000
1555198111	33.932000
1555198233	36.993000
1555198295	34.959000
1555198353	34.329000
1555198412	88.457000
1555198470	34.284000
1555198592	34.214000
1555198650	34.382000
1555198711	33.800000
1555198832	34.343000
1555198891	33.714000
1555199016	34.037000
1555199071	33.762000
1555199132	35.061000
1555199191	33.822000
1555199252	34.544000
1555199310	68.847000
1555199371	34.251000
1555199430	34.012000
1555199491	33.788000
1555199551	34.164000
1555199610	34.782000
1555199733	33.898000
1555199791	34.008000
1555199851	33.908000
1555199910	34.387000
1555200035	41.234000
1555200091	34.384000
1555200154	40.309000
1555200211	36.718000
1555200271	34.132000
1555200331	34.263000
1555200391	33.952000
1555200450	35.521000
1555200510	33.945000
1555200632	34.150000
1555200690	33.918000
1555200812	34.200000
1555200871	33.950000
1555200991	32.990000
1555201052	33.972000
1555201110	36.347000
1555201170	33.614000
1555201231	33.301000
1555201291	33.663000
1555201350	33.208000
1555201411	33.680000
1555201533	33.934000
1555201590	34.275000
1555201713	34.351000
1555201771	34.362000
1555201832	39.759000
1555201891	34.070000
1555201952	50.117000
1555202010	53.081000
1555202070	34.249000
1555202192	33.783000
1555202252	34.464000
1555202372	33.834000
1555202431	34.348000
1555202491	34.009000
1555202550	34.234000
1555202611	33.840000
1555202734	37.361000
1555202790	34.313000
1555202854	62.950000
1555202912	39.959000
1555202970	34.164000
1555203093	33.914000
1555203151	34.183000
1555203211	33.727000
1555203271	34.443000
1555203331	33.085000
1555203391	33.437000
1555203450	33.882000
1555203510	34.282000
1555203634	38.467000
1555203691	34.048000
1555203753	34.169000
1555203811	43.300000
1555203870	33.265000
1555203931	33.476000
1555204052	33.599000
1555204110	33.512000
1555204171	33.254000
1555204230	33.639000
1555204353	33.238000
1555204411	33.708000
1555204471	33.356000
1555204591	33.479000
1555204652	50.365000
1555204712	87.789000
1555204770	33.555000
1555204831	33.414000
1555204890	33.164000
1555204950	33.636000
1555205011	33.624000
1555205132	33.342000
1555205190	33.476000
1555205312	33.673000
1555205371	33.258000
1555205491	33.281000
1555205553	46.745000
1555205610	33.428000
1555205671	33.644000
1555205792	33.208000
1555205850	33.642000
1555205911	33.257000
1555206032	33.625000
1555206091	33.298000
1555206212	33.582000
1555206270	33.595000
1555206332	37.474000
1555206390	33.513000
1555206453	33.839000
1555206511	57.124000
1555206571	33.683000
1555206631	33.446000
1555206691	33.558000
1555206812	33.225000
1555206871	33.560000
1555206931	33.120000
1555206991	33.648000
1555207051	41.593000
1555207111	42.120000
1555207234	42.881000
1555207290	42.097000
1555207352	42.668000
1555207410	71.852000
1555207471	41.921000
1555207593	42.043000
1555207651	41.573000
1555207773	33.976000
1555207830	34.387000
1555207952	34.304000
1555208010	34.126000
1555208135	42.133000
1555208192	34.321000
1555208255	57.350000
1555208312	47.670000
1555208371	34.132000
1555208430	34.200000
1555208491	41.977000
1555208612	41.965000
1555208671	41.894000
1555208793	42.134000
1555208851	42.153000
1555208910	41.932000
1555209036	44.453000
1555209091	34.102000
1555209154	34.755000
1555209211	45.829000
1555209271	34.233000
1555209331	34.180000
1555209391	34.141000
1555209451	34.926000
1555209511	33.935000
1555209571	34.189000
1555209630	33.806000
1555209691	34.136000
1555209750	33.830000
1555209810	34.269000
1555209871	34.103000
1555209991	33.972000
1555210055	47.332000
1555210111	74.487000
1555210170	33.889000
1555210297	34.043000
1555210351	34.141000
1555210411	34.386000
1555210471	34.259000
1555210531	34.637000
1555210591	34.105000
1555210650	34.169000
1555210711	33.896000
1555210834	38.738000
1555210891	34.181000
1555210954	34.882000
1555211011	34.390000
1555211070	34.158000
1555211130	33.923000
1555211252	34.292000
1555211311	34.408000
1555211371	34.096000
1555211430	34.392000
1555211490	34.281000
1555211550	34.230000
1555211673	34.156000
1555211732	37.636000
1555211791	34.580000
1555211851	38.489000
1555211911	48.699000
1555211971	34.301000
1555212031	34.358000
1555212091	34.170000
1555212151	34.256000
1555212272	33.888000
1555212330	34.318000
1555212390	34.025000
1555212512	34.455000
1555212570	33.819000
1555212633	40.417000
1555212690	34.048000
1555212755	41.172000
1555212811	55.893000
1555212871	34.225000
1555212931	34.213000
1555212991	33.976000
1555213051	34.130000
1555213111	34.098000
1555213171	34.253000
1555213292	33.813000
1555213350	34.268000
1555213410	33.362000
1555213534	39.244000
1555213595	33.324000
1555213655	40.631000
1555213711	62.679000
1555213770	33.377000
1555213831	33.222000
1555213952	33.783000
1555214011	33.187000
1555214071	33.619000
1555214130	33.273000
1555214190	33.528000
1555214251	33.269000
1555214310	33.545000
1555214435	37.268000
1555214492	33.591000
1555214553	34.171000
1555214611	58.712000
1555214670	33.255000
1555214730	33.624000
1555214853	33.577000
1555214911	33.721000
1555214971	33.552000
1555215031	33.191000
1555215090	33.580000
1555215212	33.086000
1555215270	33.538000
1555215333	39.179000
1555215391	33.551000
1555215452	55.024000
1555215511	56.036000
1555215570	33.250000
1555215630	33.489000
1555215752	33.500000
1555215811	33.519000
1555215871	33.302000
1555215931	33.453000
1555216051	33.765000
1555216110	33.588000
1555216235	34.046000
1555216291	33.554000
1555216353	42.946000
1555216411	43.603000
1555216470	33.190000
1555216592	33.530000
1555216651	33.300000
1555216711	33.570000
1555216771	33.390000
1555216831	33.542000
1555216891	38.352000
1555216951	33.588000
1555217011	33.093000
1555217070	35.206000
1555217132	34.118000
1555217190	33.316000
1555217252	50.244000
1555217310	51.876000
1555217370	33.259000
1555217497	33.581000
1555217551	33.059000
1555217611	33.615000
1555217671	33.388000
1555217731	34.423000
1555217791	33.354000
1555217850	33.543000
1555217911	33.240000
1555218033	35.997000
1555218091	33.285000
1555218153	43.034000
1555218211	39.716000
1555218270	33.523000
1555218393	33.546000
1555218451	33.953000
1555218511	33.318000
1555218571	33.392000
1555218631	33.117000
1555218690	33.477000
1555218812	33.035000
1555218871	33.668000
1555218932	36.225000
1555218991	33.570000
1555219055	48.561000
1555219111	96.319000
1555219171	34.516000
1555219292	34.679000
1555219355	33.353000
1555219411	33.377000
1555219471	33.640000
1555219531	33.661000
1555219591	33.574000
1555219650	33.094000
1555219711	33.618000
1555219835	37.980000
1555219891	33.532000
1555219951	70.760000
1555220011	65.867000
1555220071	33.468000
1555220131	33.607000
1555220252	34.685000
1555220311	33.501000
1555220432	33.630000
1555220490	33.581000
1555220550	33.146000
1555220610	33.513000
1555220670	33.335000
1555220733	37.571000
1555220791	33.277000
1555220852	46.527000
1555220911	33.174000
1555220971	33.402000
1555221031	33.411000
1555221091	33.664000
1555221150	35.809000
1555221210	33.602000
1555221271	33.361000
1555221331	33.979000
1555221452	33.400000
1555221511	33.473000
1555221570	33.127000
1555221691	33.267000
1555221754	33.598000
1555221810	50.815000
1555221871	33.485000
1555221930	33.198000
1555221991	33.400000
1555222050	33.645000
1555222110	34.029000
1555222170	33.597000
1555222230	33.609000
1555222353	33.391000
1555222412	33.195000
1555222470	33.406000
1555222533	37.724000
1555222590	34.866000
1555222653	33.521000
1555222711	86.843000
1555222770	33.491000
1555222831	33.474000
1555222890	33.002000
1555223013	33.288000
1555223071	33.487000
1555223131	33.109000
1555223252	33.649000
1555223311	33.133000
1555223371	33.517000
1555223491	33.394000
1555223553	33.358000
1555223611	72.880000
1555223671	33.592000
1555223731	33.351000
1555223790	33.472000
1555223850	33.100000
1555223910	33.442000
1555223970	33.153000
1555224092	33.666000
1555224150	33.432000
1555224210	33.316000
1555224346	33.519000
1555224391	33.507000
1555224453	46.976000
1555224510	62.499000
1555224571	33.408000
1555224693	33.460000
1555224750	33.341000
1555224810	33.762000
1555224870	33.909000
1555224992	33.168000
1555225051	33.508000
1555225111	33.217000
1555225172	34.948000
1555225233	35.538000
1555225291	33.327000
1555225352	63.712000
1555225411	58.590000
1555225470	33.608000
1555225530	33.246000
1555225653	34.359000
1555225711	33.528000
1555225771	34.122000
1555225830	33.448000
1555225891	33.203000
1555225950	35.143000
1555226010	33.307000
1555226072	33.736000
1555226137	33.671000
1555226191	33.352000
1555226252	35.461000
1555226312	67.045000
1555226371	33.496000
1555226430	33.667000
1555226490	33.437000
1555226551	33.492000
1555226672	33.523000
1555226731	34.649000
1555226852	33.723000
1555226910	33.423000
1555226970	33.543000
1555227034	36.055000
1555227091	33.248000
1555227153	34.744000
1555227210	43.984000
1555227270	34.753000
1555227331	33.621000
1555227452	33.095000
1555227510	38.152000
1555227570	33.323000
1555227692	33.396000
1555227750	33.637000
1555227811	33.164000
1555227934	33.641000
1555227991	33.444000
1555228052	33.575000
1555228111	83.698000
1555228171	33.416000
1555228231	33.564000
1555228291	33.491000
1555228351	33.579000
1555228472	33.324000
1555228530	33.484000
1555228590	33.216000
1555228650	33.626000
1555228711	33.198000
1555228770	33.399000
1555228891	33.680000
1555228953	44.478000
1555229011	57.926000
1555229071	33.518000
1555229131	33.391000
1555229190	33.526000
1555229250	33.174000
1555229373	33.612000
1555229431	33.079000
1555229491	33.452000
1555229551	33.437000
1555229672	33.340000
1555229732	36.181000
1555229790	33.352000
1555229854	45.578000
1555229911	66.614000
1555229971	33.622000
1555230092	33.195000
1555230150	33.571000
1555230210	33.118000
1555230332	33.278000
1555230391	33.529000
1555230512	33.249000
1555230570	33.446000
1555230691	33.340000
1555230754	43.249000
1555230811	86.948000
1555230871	33.345000
1555230930	33.549000
1555230990	33.117000
1555231051	33.146000
1555231110	33.453000
1555231170	33.169000
1555231231	33.551000
1555231352	33.073000
1555231410	33.587000
1555231470	33.524000
1555231590	33.551000
1555231652	68.368000
1555231710	50.803000
1555231770	33.438000
1555231831	33.472000
1555231953	33.483000
1555232010	33.562000
1555232132	33.270000
1555232191	33.570000
1555232312	33.166000
1555232370	33.534000
1555232432	33.504000
1555232491	33.404000
1555232553	36.839000
1555232611	73.333000
1555232670	33.051000
1555232730	33.508000
1555232852	33.333000
1555232911	33.360000
1555232970	33.377000
1555233030	33.448000
1555233090	33.495000
1555233150	33.581000
1555233272	33.573000
1555233391	33.327000
1555233512	33.651000
1555233571	33.346000
1555233630	33.776000
1555233690	33.517000
1555233812	33.323000
1555233871	33.651000
1555233930	33.271000
1555233990	33.526000
1555234112	33.033000
1555234171	33.492000
1555234292	33.573000
1555234354	48.838000
1555234411	82.140000
1555234470	33.299000
1555234530	33.145000
1555234591	33.477000
1555234650	33.294000
1555234710	33.381000
1555234832	33.363000
1555234891	33.514000
1555234950	33.370000
1555235010	33.487000
1555235135	36.698000
1555235191	33.520000
1555235254	51.749000
1555235312	79.897000
1555235371	33.319000
1555235430	33.733000
1555235490	33.539000
1555235551	33.617000
1555235610	33.465000
1555235670	33.259000
1555235731	33.567000
1555235852	33.584000
1555235911	33.216000
1555235970	33.560000
1555236090	33.688000
1555236153	33.527000
1555236212	61.682000
1555236271	33.012000
1555236330	33.382000
1555236390	33.640000
1555236450	33.568000
1555236572	33.530000
1555236631	33.399000
1555236690	34.480000
1555236755	33.277000
1555236810	33.563000
1555236870	33.394000
1555236933	35.258000
1555236991	33.322000
1555237052	33.627000
1555237111	65.531000
1555237170	33.497000
1555237230	33.341000
1555237290	33.505000
1555237413	33.554000
1555237471	33.264000
1555237531	33.464000
1555237591	33.562000
1555237651	33.204000
1555237710	33.552000
1555237770	33.431000
1555237834	37.008000
1555237890	33.491000
1555237954	43.674000
1555238010	57.709000
1555238071	33.522000
1555238130	33.555000
1555238191	33.238000
1555238312	33.407000
1555238371	33.585000
1555238430	33.399000
1555238553	33.224000
1555238611	33.436000
1555238671	33.216000
1555238791	33.539000
1555238853	33.161000
1555238911	57.845000
1555238970	33.554000
1555239031	33.409000
1555239090	33.512000
1555239151	33.646000
1555239217	33.346000
1555239271	33.379000
1555239392	33.456000
1555239450	33.507000
1555239510	33.345000
1555239570	33.290000
1555239632	34.244000
1555239691	33.517000
1555239753	33.425000
1555239810	62.163000
1555239870	33.165000
1555239930	33.473000
1555240052	33.438000
1555240111	33.421000
1555240170	33.189000
1555240231	33.431000
1555240352	33.232000
1555240410	33.708000
1555240470	33.643000
1555240532	38.029000
1555240591	33.750000
1555240652	33.466000
1555240711	77.916000
1555240770	33.285000
1555240830	33.554000
1555240952	33.181000
1555241010	33.545000
1555241071	33.379000
1555241130	33.438000
1555241190	33.156000
1555241251	33.515000
1555241310	33.394000
1555241371	33.423000
1555241492	33.338000
1555241554	37.288000
1555241611	74.406000
1555241670	33.427000
1555241730	33.440000
1555241790	33.393000
1555241912	33.544000
1555241971	33.402000
1555242092	33.504000
1555242150	33.439000
1555242210	33.534000
1555242270	33.255000
1555242331	36.051000
1555242390	33.361000
1555242451	33.705000
1555242511	94.359000
1555242570	33.365000
1555242630	33.579000
1555242752	33.479000
1555242810	33.520000
1555242870	33.482000
1555242992	33.521000
1555243051	33.319000
1555243111	33.566000
1555243171	33.526000
1555243291	33.321000
1555243353	35.411000
1555243411	58.870000
1555243471	33.557000
1555243530	33.511000
1555243652	33.575000
1555243710	33.663000
1555243770	33.339000
1555243891	33.368000
1555243950	33.541000
1555244010	33.442000
1555244134	38.304000
1555244191	33.172000
1555244253	33.819000
1555244311	70.679000
1555244370	33.478000
1555244492	33.231000
1555244550	33.613000
1555244610	33.245000
1555244670	33.480000
1555244792	33.373000
1555244850	33.265000
1555244910	33.557000
1555244970	33.330000
1555245031	35.414000
1555245090	33.340000
1555245154	34.160000
1555245211	37.493000
1555245270	33.455000
1555245392	33.038000
1555245450	33.164000
1555245510	33.363000
1555245570	33.556000
1555245693	33.570000
1555245751	33.558000
1555245810	33.497000
1555245871	33.066000
1555245991	33.406000
1555246053	33.858000
1555246111	74.009000
1555246170	33.126000
1555246230	33.619000
1555246290	33.379000
1555246350	33.502000
1555246410	33.447000
1555246471	33.457000
1555246530	33.391000
1555246590	33.600000
1555246712	33.178000
1555246771	33.477000
1555246832	37.348000
1555246891	33.458000
1555246953	34.985000
1555247011	83.646000
1555247070	33.448000
1555247131	33.956000
1555247252	33.561000
1555247311	33.313000
1555247432	33.446000
1555247490	33.091000
1555247550	33.596000
1555247672	33.098000
1555247732	35.995000
1555247790	33.353000
1555247852	33.647000
1555247911	93.116000
1555247970	33.424000
1555248030	33.189000
1555248152	33.500000
1555248211	33.193000
1555248271	33.971000
1555248330	33.245000
1555248390	33.473000
1555248450	33.202000
1555248510	33.685000
1555248633	35.002000
1555248690	33.572000
1555248754	43.069000
1555248811	63.735000
1555248871	33.371000
1555248930	33.498000
1555248991	33.402000
1555249112	33.881000
1555249170	33.286000
1555249292	33.153000
1555249351	33.532000
1555249410	33.452000
1555249470	33.685000
1555249533	35.931000
1555249591	33.567000
1555249654	40.817000
1555249711	93.969000
1555249770	33.312000
1555249892	33.605000
1555249951	33.480000
1555250011	33.551000
1555250132	33.316000
1555250191	33.576000
1555250312	33.346000
1555250370	33.707000
1555250490	33.478000
1555250552	33.558000
1555250611	86.136000
1555250670	33.045000
1555250731	33.701000
1555250852	33.168000
1555250910	33.532000
1555250970	33.498000
1555251092	33.153000
1555251150	33.613000
1555251211	33.341000
1555251270	33.686000
1555251332	34.954000
1555251391	33.773000
1555251453	34.370000
1555251512	97.680000
1555251571	33.214000
1555251631	33.482000
1555251690	33.281000
1555251812	33.612000
1555251870	33.244000
1555251931	33.538000
1555252052	33.327000
1555252110	33.474000
1555252238	33.755000
1555252291	33.517000
1555252352	33.441000
1555252410	33.527000
1555252471	33.356000
1555252530	33.597000
1555252591	33.314000
1555252712	33.209000
1555252770	33.346000
1555252830	33.730000
1555252953	33.205000
1555253010	33.456000
1555253134	34.607000
1555253191	33.498000
1555253252	33.886000
1555253311	83.391000
1555253370	33.486000
1555253430	33.020000
1555253552	33.472000
1555253612	33.239000
1555253671	33.398000
1555253730	33.319000
1555253790	33.499000
1555253850	33.411000
1555253972	33.259000
1555254032	37.956000
1555254090	33.291000
1555254154	38.150000
1555254213	82.506000
1555254270	33.460000
1555254392	33.496000
1555254450	33.087000
1555254510	33.564000
1555254570	33.341000
1555254630	33.603000
1555254690	33.184000
1555254812	33.502000
1555254870	33.257000
1555254933	38.948000
1555254991	33.590000
1555255055	38.567000
1555255111	84.645000
1555255170	33.129000
1555255230	33.539000
1555255353	33.033000
1555255411	33.528000
1555255471	33.445000
1555255531	33.351000
1555255591	33.615000
1555255650	33.195000
1555255710	33.618000
1555255838	33.328000
1555255891	34.397000
1555255951	33.426000
1555256011	71.608000
1555256070	33.448000
1555256130	33.369000
1555256191	33.419000
1555256312	33.439000
1555256372	33.137000
1555256430	33.518000
1555256490	33.317000
1555256612	33.102000
1555256671	33.283000
1555256791	33.544000
1555256852	33.428000
1555256911	84.648000
1555256971	33.480000
1555257030	33.102000
1555257152	33.656000
1555257210	33.294000
1555257270	33.379000
1555257392	33.283000
1555257451	33.558000
1555257510	33.402000
1555257570	33.628000
1555257632	35.193000
1555257691	33.458000
1555257754	50.303000
1555257811	61.164000
1555257871	33.176000
1555257992	33.512000
1555258050	33.420000
1555258110	33.094000
1555258232	33.353000
1555258290	33.055000
1555258350	33.516000
1555258411	33.168000
1555258471	33.436000
1555258591	33.541000
1555258654	58.363000
1555258711	43.320000
1555258771	33.504000
1555258831	33.494000
1555258891	33.313000
1555258950	33.054000
1555259010	33.484000
1555259070	33.299000
1555259130	33.587000
1555259191	33.591000
1555259312	33.572000
1555259370	33.090000
1555259433	35.784000
1555259490	33.399000
1555259554	35.837000
1555259610	42.789000
1555259670	33.384000
1555259730	33.370000
1555259853	33.641000
1555259911	33.430000
1555259971	33.030000
1555260031	33.674000
1555260090	33.522000
1555260150	33.515000
1555260272	33.528000
1555260332	36.266000
1555260391	33.545000
1555260454	33.992000
1555260511	69.684000
1555260571	33.425000
1555260631	33.576000
1555260690	33.163000
1555260750	33.597000
1555260810	33.234000
1555260870	33.637000
1555260930	33.560000
1555260991	33.469000
1555261112	33.429000
1555261171	33.341000
1555261290	33.558000
1555261354	33.891000
1555261411	46.294000
1555261471	33.100000
1555261531	33.319000
1555261590	34.104000
1555261650	33.166000
1555261710	33.831000
1555261832	33.557000
1555261891	33.599000
1555261950	33.173000
1555262073	33.404000
1555262132	37.031000
1555262191	33.554000
1555262254	48.015000
1555262311	96.691000
1555262370	33.236000
1555262492	33.470000
1555262551	33.082000
1555262611	33.497000
1555262671	33.184000
1555262731	33.471000
1555262850	33.520000
1555262910	33.330000
1555262971	33.808000
1555263091	33.574000
1555263153	34.998000
1555263210	35.036000
1555263271	33.878000
1555263331	33.523000
1555263391	33.219000
1555263451	33.315000
1555263510	33.456000
1555263571	33.327000
1555263692	33.459000
1555263750	33.260000
1555263811	33.547000
1555263935	37.569000
1555263991	33.232000
1555264053	35.787000
1555264111	84.414000
1555264170	33.422000
1555264231	33.163000
1555264352	33.303000
1555264410	33.537000
1555264470	33.476000
1555264592	33.287000
1555264651	33.128000
1555264772	33.426000
1555264890	33.719000
1555264953	36.399000
1555265011	58.071000
1555265070	33.279000
1555265130	33.661000
1555265191	33.335000
1555265250	33.418000
1555265372	33.455000
1555265430	33.320000
1555265490	33.444000
1555265613	33.487000
1555265671	33.660000
1555265732	33.725000
1555265791	33.229000
1555265854	50.992000
1555265910	79.627000
1555265971	33.230000
1555266031	33.512000
1555266152	33.322000
1555266210	33.607000
1555266332	33.427000
1555266390	33.190000
1555266450	33.380000
1555266510	33.145000
1555266570	33.555000
1555266632	36.602000
1555266690	33.583000
1555266753	45.421000
1555266811	33.280000
1555266871	33.473000
1555266930	33.286000
1555266990	33.393000
1555267113	33.352000
1555267171	33.489000
1555267231	33.444000
1555267290	33.064000
1555267351	33.280000
1555267411	33.120000
1555267471	33.430000
1555267531	34.436000
1555267591	33.443000
1555267653	38.023000
1555267710	69.439000
1555267770	33.509000
1555267893	33.283000
1555267951	33.270000
1555268010	33.254000
1555268070	33.325000
1555268131	33.357000
1555268253	33.212000
1555268310	33.305000
1555268435	33.728000
1555268491	33.549000
1555268554	44.246000
1555268611	60.081000
1555268670	33.101000
1555268792	33.506000
1555268851	33.496000
1555268911	33.624000
1555268970	33.292000
1555269092	33.594000
1555269151	33.225000
1555269210	33.568000
1555269271	33.540000
1555269331	39.862000
1555269391	33.212000
1555269454	49.725000
1555269510	79.734000
1555269570	33.197000
1555269692	33.219000
1555269751	33.510000
1555269811	33.280000
1555269870	33.212000
1555269931	33.636000
1555269990	33.317000
1555270050	33.510000
1555270172	33.757000
1555270233	36.968000
1555270291	33.361000
1555270353	34.962000
1555270411	84.222000
1555270471	33.612000
1555270531	33.403000
1555270590	33.690000
1555270712	33.531000
1555270770	33.459000
1555270892	33.520000
1555270951	33.226000
1555271015	33.442000
1555271134	36.562000
1555271191	33.737000
1555271252	36.330000
1555271312	102.211000
1555271370	33.533000
1555271430	33.580000
1555271490	33.340000
1555271550	33.678000
1555271673	33.597000
1555271730	33.550000
1555271791	33.403000
1555271912	33.537000
1555271971	33.158000
1555272091	33.457000
1555272151	51.675000
1555272212	34.328000
1555272270	33.558000
1555272331	33.288000
1555272452	33.450000
1555272510	33.284000
1555272571	33.458000
1555272630	33.775000
1555272690	33.683000
1555272813	33.717000
1555272871	33.537000
1555272932	37.452000
1555272995	34.692000
1555273055	49.462000
1555273112	60.303000
1555273171	33.319000
1555273292	33.495000
1555273350	33.283000
1555273410	33.395000
1555273532	33.481000
1555273591	33.448000
1555273650	33.338000
1555273711	33.527000
1555273770	33.154000
1555273832	36.673000
1555273891	33.208000
1555273954	33.539000
1555274011	47.869000
1555274071	33.420000
1555274131	33.268000
1555274252	33.696000
1555274310	33.164000
1555274370	33.519000
1555274492	33.246000
1555274550	33.915000
1555274610	33.874000
1555274671	33.207000
1555274791	33.163000
1555274852	37.120000
1555274911	82.033000
1555274971	33.201000
1555275031	33.478000
1555275091	33.150000
1555275150	33.901000
1555275211	33.554000
1555275332	34.028000
1555275390	33.236000
1555275512	33.646000
1555275570	33.350000
1555275632	35.927000
1555275692	33.307000
1555275755	49.668000
1555275811	70.842000
1555275871	33.341000
1555275930	33.210000
1555275990	33.533000
1555276051	33.213000
1555276110	33.557000
1555276170	33.325000
1555276293	33.614000
1555276351	33.595000
1555276410	33.364000
1555276471	33.432000
1555276532	36.374000
1555276591	33.460000
1555276652	33.824000
1555276711	87.058000
1555276771	35.078000
1555276830	33.354000
1555276890	34.174000
1555276951	33.353000
1555277072	33.372000
1555277130	33.142000
1555277190	33.245000
1555277250	33.401000
1555277372	33.435000
1555277432	37.290000
1555277491	34.463000
1555277552	33.611000
1555277611	78.522000
1555277671	33.552000
1555277731	33.367000
1555277790	33.624000
1555277850	35.077000
1555277910	33.624000
1555277970	33.038000
1555278092	33.432000
1555278151	33.287000
1555278211	33.507000
1555278271	33.289000
1555278332	35.153000
1555278391	33.310000
1555278452	39.015000
1555278510	96.964000
1555278571	33.143000
1555278630	33.542000
1555278690	33.223000
1555278750	33.669000
1555278810	33.104000
1555278933	35.825000
1555278991	34.488000
1555279051	33.700000
1555279111	33.452000
1555279171	33.339000
1555279232	37.317000
1555279290	33.173000
1555279353	33.624000
1555279413	48.080000
1555279471	33.587000
1555279531	33.272000
1555279591	33.380000
1555279650	33.319000
1555279711	33.192000
1555279832	33.409000
1555279890	33.148000
1555279950	33.434000
1555280072	33.629000
1555280132	38.355000
1555280190	33.396000
1555280252	37.208000
1555280311	44.581000
1555280370	33.308000
1555280492	33.800000
1555280551	34.895000
1555280611	33.550000
1555280670	33.448000
1555280730	33.590000
1555280791	33.414000
1555280912	33.491000
1555280970	33.478000
1555281031	36.349000
1555281090	33.173000
1555281152	33.629000
1555281211	60.078000
1555281271	33.275000
1555281330	33.757000
1555281390	33.470000
1555281450	33.475000
1555281510	33.619000
1555281633	33.496000
1555281691	33.346000
1555281750	33.095000
1555281810	33.241000
1555281933	36.384000
1555281990	33.207000
1555282052	49.270000
1555282112	94.111000
1555282171	33.238000
1555282231	41.648000
1555282291	33.544000
1555282412	33.307000
1555282470	33.739000
1555282592	33.460000
1555282655	36.466000
1555282711	33.582000
1555282775	34.953000
1555282891	33.261000
1555282952	35.559000
1555283011	83.357000
1555283071	33.623000
1555283192	33.508000
1555283250	33.274000
1555283310	38.943000
1555283371	35.262000
1555283431	33.437000
1555283490	33.281000
1555283551	33.275000
1555283672	33.384000
1555283731	36.677000
1555283790	34.383000
1555283852	35.750000
1555283911	86.013000
1555283971	33.432000
1555284031	33.219000
1555284091	33.375000
1555284212	33.582000
1555284270	33.303000
1555284330	33.442000
1555284390	33.131000
1555284512	34.952000
1555284570	33.310000
1555284633	36.825000
1555284691	33.605000
1555284754	45.776000
1555284811	61.237000
1555284871	33.619000
1555284930	33.162000
1555284991	35.817000
1555285112	33.334000
1555285171	33.484000
1555285231	33.158000
1555285291	33.417000
1555285350	33.408000
1555285410	33.241000
1555285470	33.473000
1555285532	37.097000
1555285591	33.347000
1555285655	35.660000
1555285712	62.517000
1555285771	33.093000
1555285830	33.399000
1555285953	33.196000
1555286011	33.453000
1555286071	33.112000
1555286131	33.544000
1555286252	32.977000
1555286310	33.385000
1555286370	34.355000
1555286432	33.984000
1555286491	33.458000
1555286553	39.686000
1555286611	68.522000
1555286671	33.002000
1555286730	33.634000
1555286790	33.082000
1555286851	33.412000
1555286910	33.149000
1555287032	33.635000
1555287090	33.146000
1555287212	33.189000
1555287271	33.572000
1555287390	34.050000
1555287454	54.837000
1555287511	83.906000
1555287571	33.306000
1555287631	33.069000
1555287691	33.628000
1555287751	32.997000
1555287810	33.341000
1555287871	33.385000
1555287931	33.473000
1555287991	33.046000
1555288050	33.006000
1555288112	33.388000
1555288171	33.426000
1555288232	33.138000
1555288290	33.711000
1555288352	37.220000
1555288411	103.710000
1555288471	33.368000
1555288530	33.492000
1555288591	33.419000
1555288651	33.692000
1555288710	33.649000
1555288770	33.276000
1555288830	33.607000
1555288953	33.439000
1555289011	33.282000
1555289071	33.343000
1555289132	36.625000
1555289191	33.809000
1555289252	33.568000
1555289311	88.501000
1555289370	33.435000
1555289492	33.170000
1555289551	33.669000
1555289611	33.469000
1555289671	33.331000
1555289731	33.669000
1555289790	33.420000
1555289850	33.169000
1555289972	33.614000
1555290032	40.201000
1555290091	33.235000
1555290155	54.914000
1555290211	33.425000
1555290271	33.566000
1555290331	33.375000
1555290391	33.155000
1555290512	33.480000
1555290570	33.170000
1555290630	33.407000
1555290752	33.294000
1555290810	33.182000
1555290870	33.556000
1555290932	35.726000
1555290990	33.602000
1555291052	33.454000
1555291111	78.284000
1555291171	33.251000
1555291231	33.502000
1555291291	33.325000
1555291350	33.545000
1555291411	33.246000
1555291471	33.535000
1555291530	33.616000
1555291590	33.249000
1555291651	33.473000
1555291710	33.434000
1555291771	33.608000
1555291891	33.197000
1555291953	33.388000
1555292010	76.948000
1555292071	33.080000
1555292131	33.560000
1555292252	33.035000
1555292311	33.573000
1555292370	33.194000
1555292431	33.355000
1555292491	33.559000
1555292550	33.121000
1555292610	33.385000
1555292734	35.819000
1555292790	33.295000
1555292852	48.983000
1555292911	63.817000
1555292971	33.162000
1555293030	33.573000
1555293091	33.103000
1555293212	33.485000
1555293270	33.640000
1555293330	33.113000
1555293390	33.467000
1555293512	33.129000
1555293570	33.271000
1555293633	35.651000
1555293691	33.125000
1555293752	35.210000
1555293812	97.072000
1555293871	33.564000
1555293931	33.219000
1555294052	33.467000
1555294110	33.570000
1555294232	33.376000
1555294291	33.513000
1555294350	33.354000
1555294410	33.573000
1555294533	36.285000
1555294591	33.465000
1555294653	36.746000
1555294710	38.592000
1555294772	33.444000
1555294831	33.545000
1555294891	33.358000
1555294950	33.771000
1555295010	33.887000
1555295071	33.599000
1555295192	33.476000
1555295250	33.088000
1555295310	33.132000
1555295435	38.293000
1555295491	33.207000
1555295553	43.211000
1555295611	59.668000
1555295671	33.497000
1555295731	33.205000
1555295852	33.445000
1555295910	33.442000
1555295970	33.544000
1555296031	33.447000
1555296090	33.363000
1555296150	33.605000
1555296270	33.627000
1555296332	35.415000
1555296390	33.533000
1555296452	33.608000
1555296512	80.639000
1555296570	33.108000
1555296630	34.829000
1555296690	33.286000
1555296813	33.509000
1555296871	33.001000
1555296931	33.402000
1555296991	33.498000
1555297112	33.062000
1555297171	33.536000
1555297291	33.486000
1555297352	35.361000
1555297411	33.942000
1555297470	32.978000
1555297530	33.708000
1555297590	33.380000
1555297650	33.378000
1555297711	33.528000
1555297771	33.486000
1555297830	33.048000
1555297890	33.237000
1555298012	33.659000
1555298071	33.446000
1555298133	36.579000
1555298191	33.439000
1555298254	56.650000
1555298310	54.351000
1555298371	33.595000
1555298430	33.147000
1555298490	33.576000
1555298550	33.156000
1555298610	33.467000
1555298670	33.206000
1555298731	33.850000
1555298852	33.262000
1555298910	33.450000
1555298971	33.247000
1555299091	33.269000
1555299153	33.617000
1555299210	50.368000
1555299271	33.558000
1555299331	33.240000
1555299391	33.643000
1555299512	33.058000
1555299570	33.583000
1555299631	33.002000
1555299690	33.579000
1555299750	33.176000
1555299811	33.465000
1555299934	33.562000
1555299990	33.462000
1555300053	36.162000
1555300111	99.520000
1555300170	33.266000
1555300230	33.033000
1555300352	33.427000
1555300411	33.175000
1555300471	33.346000
1555300530	33.212000
1555300590	33.631000
1555300651	33.246000
1555300772	33.571000
1555300832	33.551000
1555300891	33.544000
1555300953	33.517000
1555301011	60.790000
1555301071	33.235000
1555301130	33.423000
1555301252	33.335000
1555301311	33.242000
1555301372	33.329000
1555301430	33.612000
1555301491	33.277000
1555301550	33.486000
1555301610	33.405000
1555301734	34.046000
1555301791	33.091000
1555301854	33.698000
1555301911	33.109000
1555301971	33.556000
1555302030	33.397000
1555302091	33.057000
1555302151	33.482000
1555302227	38.638000
1555302452	39.124000
1555302511	39.035000
1555302681	39.319000
1555302695	40.623000
1555302813	38.958000
1555302871	39.326000
1555302931	39.028000
1555302991	39.093000
1555303051	38.740000
1555303111	39.130000
1555303171	38.844000
1555303293	39.078000
1555303352	38.699000
1555303412	39.256000
1555303471	38.882000
1555303532	42.223000
1555303591	38.711000
1555303655	43.888000
1555303712	38.706000
1555303771	39.100000
1555303893	38.837000
1555303951	39.350000
1555304011	39.030000
1555304072	38.828000
1555304131	39.086000
1555304191	38.962000
1555304313	38.810000
1555304371	38.866000
1555304491	38.725000
1555304555	44.083000
1555304611	38.990000
1555304671	39.123000
1555304793	38.671000
1555304851	33.500000
1555304910	33.541000
1555305032	39.113000
1555305091	39.230000
1555305222	38.979000
1555305271	39.053000
1555305392	38.925000
1555305455	90.239000
1555305511	39.470000
1555305571	39.078000
1555305631	38.728000
1555305691	39.286000
1555305813	38.737000
1555305872	39.002000
1555305931	38.850000
1555305991	39.192000
1555306051	38.726000
1555306111	38.917000
1555306234	39.016000
1555306291	39.194000
1555306355	87.227000
1555306411	39.083000
1555306472	33.082000
1555306531	33.316000
1555306593	39.073000
1555306651	40.173000
1555306712	38.751000
1555306771	38.668000
1555306831	39.181000
1555306891	38.772000
1555306951	39.084000
1555307073	38.822000
1555307133	39.659000
1555307191	38.758000
1555307253	78.918000
1555307311	38.787000
1555307371	38.820000
1555307431	39.129000
1555307553	39.303000
1555307675	39.382000
1555307731	39.051000
1555307791	39.041000
1555307913	39.227000
1555307972	38.774000
1555308032	42.624000
1555308091	39.175000
1555308154	92.807000
1555308212	39.172000
1555308271	38.764000
1555308331	39.299000
1555308391	39.089000
1555308451	39.139000
1555308511	38.968000
1555308633	38.844000
1555308692	38.856000
1555308813	38.875000
1555308871	39.186000
1555308992	40.247000
1555309055	79.574000
1555309112	39.164000
1555309172	39.062000
1555309231	39.244000
1555309291	38.946000
1555309351	39.024000
