time ms
1555162712	17.680000
1555162834	18.284000
1555162892	17.774000
1555162953	17.926000
1555163074	17.954000
1555163132	18.278000
1555163194	18.465000
1555163252	19.016000
1555163317	22.826000
1555163375	17.573000
1555163432	17.693000
1555163555	17.704000
1555163613	17.709000
1555163672	17.468000
1555163796	18.139000
1555163853	17.805000
1555163913	17.787000
1555163973	17.642000
1555164033	17.707000
1555164152	19.453000
1555164215	105.996000
1555164275	17.742000
1555164337	18.179000
1555164392	20.079000
1555164453	18.104000
1555164575	17.790000
1555164633	18.505000
1555164692	18.102000
1555164752	18.001000
1555164812	17.631000
1555164934	17.564000
1555164994	18.452000
1555165053	18.148000
1555165120	35.679000
1555165174	19.487000
1555165233	17.809000
1555165354	17.950000
1555165412	19.098000
1555165472	18.472000
1555165595	19.984000
1555165653	18.166000
1555165779	17.466000
1555165833	17.888000
1555165953	19.112000
1555166015	100.463000
1555166076	17.483000
1555166132	17.528000
1555166255	17.894000
1555166313	18.807000
1555166372	17.652000
1555166494	17.831000
1555166552	17.920000
1555166612	17.639000
1555166734	17.664000
1555166853	17.605000
1555166912	18.109000
1555166973	17.594000
1555167032	17.590000
1555167092	17.610000
1555167214	17.523000
1555167272	17.421000
1555167332	17.914000
1555167454	17.651000
1555167512	17.484000
1555167572	18.222000
1555167632	17.967000
1555167752	20.096000
1555167815	61.023000
1555167875	21.729000
1555167933	17.609000
1555167992	17.595000
1555168053	18.063000
1555168112	17.938000
1555168173	17.873000
1555168295	18.413000
1555168353	17.851000
1555168413	17.723000
1555168473	17.750000
1555168597	19.784000
1555168653	18.448000
1555168718	43.276000
1555168776	18.136000
1555168832	18.324000
1555168893	18.062000
1555168952	18.053000
1555169075	18.247000
1555169133	17.760000
1555169197	17.589000
1555169256	18.417000
1555169312	18.840000
1555169372	17.579000
1555169432	20.569000
1555169495	20.581000
1555169553	19.718000
1555169617	25.051000
1555169676	41.777000
1555169732	17.971000
1555169792	17.654000
1555169914	17.783000
1555169972	17.577000
1555170032	17.581000
1555170093	17.757000
1555170214	17.809000
1555170272	18.209000
1555170332	17.583000
1555170394	18.242000
1555170453	18.124000
1555170518	39.591000
1555170574	18.099000
1555170632	18.008000
1555170693	17.723000
1555170752	17.786000
1555170812	17.889000
1555170873	17.953000
1555170998	17.699000
1555171056	18.161000
1555171178	18.186000
1555171233	17.420000
1555171356	20.043000
1555171416	46.470000
1555171476	109.184000
1555171540	19.361000
1555171596	18.097000
1555171718	17.997000
1555171775	17.633000
1555171836	17.975000
1555171895	18.001000
1555171956	18.968000
1555172078	17.547000
1555172135	17.872000
1555172256	19.334000
1555172319	17.433000
1555172376	88.588000
1555172435	18.440000
1555172495	18.911000
1555172556	17.848000
1555172615	18.273000
1555172676	17.626000
1555172798	18.850000
1555172856	18.923000
1555172917	18.248000
1555172976	17.717000
1555173036	17.718000
1555173153	20.169000
1555173219	55.155000
1555173274	43.796000
1555173333	17.583000
1555173393	18.813000
1555173514	18.543000
1555173572	19.471000
1555173632	19.178000
1555173692	19.227000
1555173752	18.164000
1555173875	20.725000
1555173933	17.544000
1555173995	21.022000
1555174052	21.486000
1555174117	89.605000
1555174176	35.057000
1555174233	19.243000
1555174293	18.169000
1555174352	19.005000
1555174413	19.463000
1555174535	20.079000
1555174593	18.449000
1555174653	19.911000
1555174712	18.291000
1555174772	17.913000
1555174899	20.229000
1555174954	21.045000
1555175016	97.810000
1555175073	57.748000
1555175133	18.571000
1555175193	17.828000
1555175252	18.639000
1555175312	17.770000
1555175372	18.249000
1555175433	19.144000
1555175554	17.696000
1555175613	19.214000
1555175672	18.641000
1555175733	18.268000
1555175795	19.244000
1555175853	18.244000
1555175914	58.601000
1555175975	19.850000
1555176033	18.521000
1555176154	17.552000
1555176212	20.072000
1555176335	19.444000
1555176393	19.949000
1555176452	18.318000
1555176513	18.259000
1555176634	18.245000
1555176753	19.189000
1555176818	33.762000
1555176875	17.528000
1555176934	17.577000
1555176993	20.122000
1555177053	18.501000
1555177113	18.164000
1555177172	18.770000
1555177233	20.105000
1555177293	17.637000
1555177353	17.713000
1555177413	18.635000
1555177472	19.568000
1555177532	17.975000
1555177596	19.377000
1555177653	22.946000
1555177714	108.569000
1555177776	20.678000
1555177833	18.454000
1555177893	17.830000
1555177952	18.779000
1555178012	18.413000
1555178073	19.022000
1555178132	18.924000
1555178254	19.573000
1555178312	18.499000
1555178372	18.085000
1555178433	18.907000
1555178553	19.405000
1555178614	80.463000
1555178674	24.285000
1555178733	19.400000
1555178854	19.636000
1555178912	18.789000
1555178972	17.410000
1555179032	19.562000
1555179092	19.111000
1555179215	18.770000
1555179273	18.243000
1555179333	17.558000
1555179453	17.983000
1555179514	44.048000
1555179575	18.351000
1555179633	18.331000
1555179754	18.221000
1555179812	17.907000
1555179872	18.079000
1555179995	18.277000
1555180053	17.543000
1555180113	18.194000
1555180173	18.120000
1555180233	17.476000
1555180294	18.824000
1555180353	19.206000
1555180418	64.316000
1555180474	108.589000
1555180533	17.513000
1555180593	18.167000
1555180716	17.939000
1555180773	17.508000
1555180898	17.505000
1555180952	17.492000
1555181075	17.944000
1555181133	17.634000
1555181194	18.841000
1555181253	18.064000
1555181317	79.005000
1555181374	28.296000
1555181434	18.386000
1555181493	17.900000
1555181614	18.052000
1555181672	17.579000
1555181795	17.769000
1555181853	17.973000
1555181913	17.729000
1555181972	17.800000
1555182032	17.704000
1555182153	20.050000
1555182216	79.013000
1555182275	20.411000
1555182332	17.602000
1555182392	17.522000
1555182515	17.463000
1555182573	17.565000
1555182633	17.548000
1555182694	17.595000
1555182752	18.087000
1555182812	17.596000
1555182935	18.136000
1555182995	18.422000
1555183058	17.944000
1555183122	35.807000
1555183176	17.649000
1555183233	18.049000
1555183354	17.858000
1555183412	18.106000
1555183536	18.217000
1555183593	17.534000
1555183652	17.609000
1555183713	17.643000
1555183834	17.515000
1555183894	18.489000
1555183953	18.245000
1555184018	24.254000
1555184075	17.598000
1555184133	17.629000
1555184193	17.573000
1555184315	17.491000
1555184373	17.591000
1555184433	18.327000
1555184493	17.800000
1555184614	21.515000
1555184672	17.547000
1555184733	17.587000
1555184853	18.395000
1555184918	100.812000
1555184973	28.530000
1555185033	17.661000
1555185155	17.591000
1555185212	17.597000
1555185273	17.773000
1555185394	17.546000
1555185452	17.916000
1555185513	17.665000
1555185635	18.420000
1555185694	17.680000
1555185753	18.350000
1555185816	57.621000
1555185875	41.520000
1555185933	17.505000
1555186055	17.602000
1555186114	17.850000
1555186173	17.613000
1555186295	18.520000
1555186352	18.182000
1555186413	17.667000
1555186472	18.106000
1555186533	17.708000
1555186595	18.348000
1555186652	19.777000
1555186718	20.064000
1555186775	19.335000
1555186833	18.034000
1555186893	17.799000
1555186952	18.198000
1555187013	17.603000
1555187072	18.142000
1555187132	18.252000
1555187193	17.533000
1555187316	17.699000
1555187373	17.905000
1555187496	18.308000
1555187556	18.059000
1555187618	46.437000
1555187678	25.918000
1555187736	17.526000
1555187862	18.687000
1555187920	17.543000
1555188035	17.498000
1555188093	17.462000
1555188215	17.522000
1555188273	18.362000
1555188332	18.554000
1555188395	17.977000
1555188454	17.728000
1555188520	44.095000
1555188575	23.837000
1555188633	18.058000
1555188754	18.104000
1555188817	17.560000
1555188873	18.761000
1555188933	17.624000
1555189054	18.374000
1555189112	17.844000
1555189173	18.007000
1555189296	17.921000
1555189353	17.871000
1555189416	57.232000
1555189475	17.639000
1555189533	17.484000
1555189593	17.669000
1555189716	17.744000
1555189773	18.642000
1555189834	17.635000
1555189955	19.621000
1555190013	17.589000
1555190073	17.933000
1555190133	17.752000
1555190253	18.567000
1555190316	42.621000
1555190373	90.962000
1555190433	17.648000
1555190493	17.685000
1555190615	17.919000
1555190673	18.089000
1555190732	18.890000
1555190793	17.503000
1555190915	17.899000
1555190973	17.766000
1555191033	20.438000
1555191094	18.639000
1555191153	17.824000
1555191218	30.823000
1555191273	30.440000
1555191333	17.463000
1555191392	17.573000
1555191452	17.541000
1555191575	18.016000
1555191633	17.693000
1555191693	17.832000
1555191753	17.988000
1555191813	17.782000
1555191872	17.769000
1555191933	17.841000
1555192053	18.939000
1555192116	79.146000
1555192177	26.987000
1555192233	17.610000
1555192293	18.175000
1555192353	17.640000
1555192412	17.819000
1555192472	18.016000
1555192596	18.074000
1555192653	17.830000
1555192776	17.874000
1555192833	17.457000
1555192953	19.007000
1555193015	103.477000
1555193079	17.610000
1555193133	17.457000
1555193193	18.258000
1555193253	18.731000
1555193313	17.551000
1555193373	17.586000
1555193433	18.260000
1555193493	17.853000
1555193552	17.939000
1555193612	17.627000
1555193735	17.623000
1555193795	18.265000
1555193854	18.482000
1555193916	29.290000
1555193973	22.065000
1555194034	17.882000
1555194154	17.476000
1555194213	19.045000
1555194272	17.488000
1555194395	17.415000
1555194453	17.516000
1555194513	17.909000
1555194573	17.580000
1555194697	17.610000
1555194753	18.414000
1555194819	45.076000
1555194876	18.053000
1555194933	17.596000
1555194992	17.687000
1555195053	17.556000
1555195175	18.086000
1555195233	17.641000
1555195293	17.804000
1555195414	17.583000
1555195472	17.679000
1555195597	20.082000
1555195654	19.205000
1555195718	59.201000
1555195773	23.512000
1555195833	17.494000
1555195956	17.963000
1555196013	17.472000
1555196073	17.482000
1555196195	17.543000
1555196253	17.955000
1555196313	18.053000
1555196435	17.808000
1555196495	18.748000
1555196553	18.160000
1555196616	82.486000
1555196676	36.155000
1555196733	17.566000
1555196793	18.873000
1555196915	18.142000
1555196973	18.112000
1555197033	18.068000
1555197093	17.993000
1555197153	17.574000
1555197218	17.601000
1555197273	17.893000
1555197333	17.605000
1555197394	19.223000
1555197453	18.513000
1555197523	26.603000
1555197576	17.610000
1555197633	18.040000
1555197693	17.682000
1555197753	17.471000
1555197813	17.581000
1555197873	17.566000
1555197933	18.356000
1555197993	18.266000
1555198115	18.000000
1555198173	17.451000
1555198296	17.950000
1555198358	18.374000
1555198415	61.656000
1555198477	17.398000
1555198533	18.133000
1555198654	17.927000
1555198713	17.436000
1555198773	19.230000
1555198895	18.137000
1555198953	17.631000
1555199079	17.925000
1555199133	17.586000
1555199194	18.996000
1555199253	19.458000
1555199314	63.604000
1555199375	18.013000
1555199433	17.950000
1555199493	18.251000
1555199553	17.521000
1555199613	17.968000
1555199673	17.416000
1555199795	18.281000
1555199854	17.558000
1555199913	17.780000
1555199973	18.088000
1555200098	19.137000
1555200154	18.967000
1555200216	85.147000
1555200276	35.885000
1555200334	17.500000
1555200393	17.607000
1555200453	18.136000
1555200513	18.436000
1555200573	18.220000
1555200694	18.076000
1555200752	17.528000
1555200875	17.536000
1555200933	19.695000
1555201053	18.138000
1555201114	29.409000
1555201175	45.934000
1555201233	17.547000
1555201293	17.849000
1555201353	18.351000
1555201413	17.670000
1555201473	17.784000
1555201596	17.372000
1555201653	17.601000
1555201775	17.632000
1555201833	17.879000
1555201895	17.923000
1555201954	18.125000
1555202015	106.131000
1555202074	23.994000
1555202132	17.853000
1555202255	18.076000
1555202314	18.117000
1555202447	17.528000
1555202493	17.478000
1555202553	18.071000
1555202613	17.774000
1555202673	18.135000
1555202797	18.747000
1555202853	18.134000
1555202918	95.677000
1555202977	32.622000
1555203033	17.559000
1555203155	18.728000
1555203213	17.571000
1555203273	17.457000
1555203333	18.168000
1555203393	18.123000
1555203453	17.972000
1555203512	17.579000
1555203573	17.966000
1555203697	17.834000
1555203753	18.028000
1555203815	91.908000
1555203874	19.807000
1555203933	17.707000
1555203993	17.746000
1555204115	17.503000
1555204173	17.564000
1555204234	17.758000
1555204293	20.283000
1555204416	17.979000
1555204473	17.616000
1555204533	18.186000
1555204654	18.257000
1555204715	41.506000
1555204776	17.519000
1555204833	17.936000
1555204893	17.450000
1555204953	18.057000
1555205013	17.571000
1555205073	18.181000
1555205194	18.061000
1555205253	17.791000
1555205375	17.743000
1555205433	17.475000
1555205554	21.753000
1555205617	108.893000
1555205673	45.340000
1555205733	17.577000
1555205855	17.527000
1555205913	17.788000
1555205973	17.721000
1555206095	17.541000
1555206153	17.567000
1555206275	17.512000
1555206333	19.059000
1555206394	17.985000
1555206453	19.336000
1555206515	57.081000
1555206573	19.984000
1555206633	17.505000
1555206693	17.493000
1555206753	17.672000
1555206875	18.049000
1555206933	17.573000
1555206993	17.931000
1555207053	18.220000
1555207114	19.409000
1555207174	18.642000
1555207297	19.906000
1555207353	18.415000
1555207415	43.598000
1555207475	18.870000
1555207533	17.467000
1555207656	18.269000
1555207714	18.888000
1555207835	17.717000
1555207893	17.670000
1555208014	18.318000
1555208073	17.559000
1555208199	20.282000
1555208254	18.177000
1555208319	58.567000
1555208376	33.243000
1555208433	17.978000
1555208493	17.745000
1555208554	18.018000
1555208675	17.430000
1555208733	17.684000
1555208855	18.012000
1555208914	18.135000
1555208973	18.985000
1555209099	20.165000
1555209154	18.842000
1555209217	104.622000
1555209276	32.551000
1555209333	18.061000
1555209394	17.631000
1555209453	18.896000
1555209513	17.950000
1555209573	18.142000
1555209633	19.733000
1555209693	19.785000
1555209753	17.687000
1555209813	18.290000
1555209873	18.088000
1555209933	17.564000
1555210054	18.090000
1555210121	26.644000
1555210176	17.565000
1555210233	17.601000
1555210359	17.531000
1555210414	18.187000
1555210474	17.969000
1555210533	17.513000
1555210593	18.009000
1555210653	17.566000
1555210713	17.985000
1555210773	17.708000
1555210897	20.236000
1555210954	18.934000
1555211017	72.230000
1555211074	24.222000
1555211133	17.551000
1555211193	17.577000
1555211315	18.094000
1555211373	17.785000
1555211433	17.998000
1555211493	17.961000
1555211553	18.256000
1555211613	17.718000
1555211735	18.039000
1555211795	21.023000
1555211854	18.089000
1555211914	32.174000
1555211976	18.281000
1555212034	18.142000
1555212094	18.066000
1555212154	17.435000
1555212213	17.501000
1555212334	17.562000
1555212393	17.455000
1555212453	18.194000
1555212574	17.766000
1555212633	18.117000
1555212696	18.081000
1555212753	17.673000
1555212819	35.778000
1555212876	19.444000
1555212933	18.786000
1555212993	17.977000
1555213053	17.792000
1555213113	17.658000
1555213173	17.912000
1555213233	17.425000
1555213355	17.515000
1555213413	17.444000
1555213473	18.009000
1555213597	19.663000
1555213658	17.740000
1555213718	23.288000
1555213775	17.506000
1555213833	18.066000
1555213893	18.235000
1555214015	17.986000
1555214073	17.474000
1555214133	17.499000
1555214193	19.416000
1555214253	17.862000
1555214314	17.911000
1555214373	17.535000
1555214498	19.107000
1555214555	19.946000
1555214616	110.518000
1555214675	23.067000
1555214733	17.499000
1555214793	17.429000
1555214915	17.555000
1555214974	18.129000
1555215033	17.692000
1555215094	20.290000
1555215153	17.505000
1555215274	18.215000
1555215333	18.114000
1555215396	19.220000
1555215454	18.180000
1555215515	77.535000
1555215574	23.825000
1555215633	17.998000
1555215693	18.021000
1555215815	17.644000
1555215874	17.929000
1555215934	19.244000
1555215993	17.398000
1555216114	17.446000
1555216173	18.272000
1555216298	20.061000
1555216354	18.577000
1555216417	39.091000
1555216474	20.771000
1555216533	17.519000
1555216655	17.427000
1555216714	17.720000
1555216774	17.291000
1555216834	17.823000
1555216893	17.822000
1555216953	17.324000
1555217014	17.387000
1555217073	17.662000
1555217133	17.723000
1555217195	19.505000
1555217253	18.809000
1555217316	111.924000
1555217374	26.948000
1555217433	17.438000
1555217560	18.020000
1555217614	17.431000
1555217674	17.890000
1555217733	18.026000
1555217793	18.072000
1555217853	17.764000
1555217913	18.064000
1555217974	17.411000
1555218096	18.509000
1555218154	18.206000
1555218216	104.603000
1555218274	28.779000
1555218333	17.337000
1555218455	17.483000
1555218514	17.653000
1555218574	17.705000
1555218634	17.356000
1555218693	17.619000
1555218753	17.405000
1555218875	18.389000
1555218933	17.309000
1555218995	17.967000
1555219054	17.866000
1555219120	26.014000
1555219176	17.811000
1555219234	17.652000
1555219355	18.185000
1555219417	17.387000
1555219473	17.440000
1555219533	19.566000
1555219593	17.432000
1555219653	17.558000
1555219713	17.437000
1555219774	18.412000
1555219898	18.604000
1555219954	18.857000
1555220015	106.091000
1555220077	17.899000
1555220134	17.965000
1555220194	17.778000
1555220315	17.535000
1555220373	18.159000
1555220495	17.421000
1555220553	17.378000
1555220613	20.062000
1555220673	17.661000
1555220733	17.726000
1555220796	18.741000
1555220854	19.186000
1555220915	69.204000
1555220974	46.878000
1555221033	17.475000
1555221093	17.833000
1555221153	17.388000
1555221213	17.476000
1555221273	18.246000
1555221334	17.750000
1555221393	17.971000
1555221516	18.025000
1555221573	17.482000
1555221633	18.247000
1555221754	18.309000
1555221816	73.961000
1555221876	23.933000
1555221934	17.485000
1555221993	17.475000
1555222053	17.481000
1555222113	17.473000
1555222173	17.700000
1555222233	17.619000
1555222293	18.162000
1555222416	17.791000
1555222475	17.468000
1555222533	18.572000
1555222596	18.149000
1555222653	18.481000
1555222716	52.963000
1555222776	17.993000
1555222833	17.434000
1555222894	19.172000
1555222953	17.334000
1555223076	18.000000
1555223134	17.399000
1555223193	17.798000
1555223315	17.935000
1555223373	17.483000
1555223434	17.366000
1555223554	18.920000
1555223616	23.618000
1555223676	17.414000
1555223734	17.637000
1555223794	17.411000
1555223853	17.421000
1555223913	17.385000
1555223973	17.642000
1555224033	17.451000
1555224155	17.816000
1555224213	17.472000
1555224273	18.081000
1555224409	18.772000
1555224454	19.200000
1555224517	82.675000
1555224577	17.799000
1555224634	18.540000
1555224756	17.396000
1555224813	17.887000
1555224873	17.450000
1555224933	17.595000
1555225055	20.850000
1555225114	17.577000
1555225173	18.398000
1555225235	17.605000
1555225295	17.724000
1555225354	22.370000
1555225416	78.129000
1555225477	17.937000
1555225533	17.971000
1555225593	17.461000
1555225716	18.097000
1555225774	17.464000
1555225834	18.162000
1555225893	18.113000
1555225954	18.308000
1555226013	18.243000
1555226073	17.512000
1555226134	19.030000
1555226199	20.090000
1555226254	17.666000
1555226315	20.610000
1555226377	18.628000
1555226433	19.919000
1555226493	17.411000
1555226553	18.071000
1555226614	17.347000
1555226735	17.322000
1555226793	17.504000
1555226915	17.669000
1555226973	17.877000
1555227033	17.490000
1555227096	17.766000
1555227154	20.608000
1555227216	104.317000
1555227275	21.840000
1555227333	19.927000
1555227393	18.076000
1555227515	17.340000
1555227573	17.423000
1555227633	18.011000
1555227755	17.720000
1555227813	17.709000
1555227873	17.611000
1555227997	19.259000
1555228053	18.004000
1555228115	71.221000
1555228176	17.382000
1555228234	17.832000
1555228294	17.815000
1555228354	18.777000
1555228414	17.437000
1555228535	17.425000
1555228593	17.491000
1555228653	17.974000
1555228713	17.455000
1555228773	17.413000
1555228833	17.389000
1555228953	19.097000
1555229016	102.870000
1555229077	19.573000
1555229133	17.675000
1555229193	17.436000
1555229253	17.408000
1555229313	17.364000
1555229436	18.087000
1555229494	17.459000
1555229554	17.395000
1555229613	17.374000
1555229735	17.802000
1555229795	19.612000
1555229853	18.398000
1555229918	34.617000
1555229977	17.491000
1555230033	17.485000
1555230155	17.866000
1555230213	17.467000
1555230273	17.908000
1555230395	18.013000
1555230453	17.689000
1555230575	18.038000
1555230633	17.595000
1555230754	18.768000
1555230819	46.007000
1555230876	17.361000
1555230934	18.641000
1555230993	18.021000
1555231053	17.409000
1555231113	17.339000
1555231173	17.449000
1555231233	17.365000
1555231294	17.827000
1555231415	17.430000
1555231473	17.585000
1555231533	17.524000
1555231653	18.951000
1555231717	60.821000
1555231776	23.992000
1555231833	18.181000
1555231893	17.719000
1555232016	18.175000
1555232073	18.070000
1555232195	17.330000
1555232254	17.454000
1555232375	18.192000
1555232433	17.509000
1555232495	17.984000
1555232553	19.843000
1555232615	68.687000
1555232676	17.379000
1555232733	17.288000
1555232793	17.480000
1555232915	17.848000
1555232973	18.047000
1555233033	17.475000
1555233093	17.692000
1555233153	18.308000
1555233213	17.470000
1555233335	18.291000
1555233454	18.176000
1555233575	21.479000
1555233633	17.509000
1555233693	18.694000
1555233753	18.158000
1555233875	17.404000
1555233933	17.813000
1555233993	18.156000
1555234053	17.458000
1555234175	17.387000
1555234234	17.472000
1555234355	17.747000
1555234420	38.089000
1555234477	17.991000
1555234533	17.450000
1555234593	17.641000
1555234653	17.349000
1555234713	17.349000
1555234773	17.415000
1555234895	18.090000
1555234953	17.483000
1555235013	17.864000
1555235073	18.204000
1555235198	18.103000
1555235253	18.121000
1555235320	31.040000
1555235377	17.464000
1555235433	17.965000
1555235493	17.516000
1555235553	17.548000
1555235613	17.371000
1555235673	17.855000
1555235733	18.731000
1555235794	18.010000
1555235915	17.472000
1555235974	18.300000
1555236033	17.429000
1555236153	17.593000
1555236215	94.125000
1555236276	17.602000
1555236333	17.430000
1555236393	17.465000
1555236453	18.072000
1555236513	17.847000
1555236635	17.378000
1555236694	17.348000
1555236753	17.475000
1555236817	17.425000
1555236873	18.902000
1555236933	17.489000
1555236996	18.968000
1555237054	19.634000
1555237115	74.029000
1555237176	17.506000
1555237233	17.670000
1555237293	17.430000
1555237353	17.878000
1555237476	17.401000
1555237534	17.839000
1555237594	19.331000
1555237653	17.802000
1555237713	17.474000
1555237773	18.433000
1555237833	17.688000
1555237897	21.426000
1555237953	17.889000
1555238019	39.611000
1555238075	17.967000
1555238134	17.524000
1555238193	17.679000
1555238254	18.219000
1555238375	17.433000
1555238434	17.873000
1555238493	18.013000
1555238616	17.491000
1555238674	17.523000
1555238734	17.425000
1555238854	17.671000
1555238915	101.219000
1555238977	17.414000
1555239033	17.366000
1555239094	17.436000
1555239153	17.627000
1555239214	18.153000
1555239279	17.471000
1555239334	18.154000
1555239455	17.495000
1555239513	17.514000
1555239573	17.490000
1555239633	17.443000
1555239695	19.400000
1555239754	18.249000
1555239816	36.229000
1555239875	18.262000
1555239933	17.727000
1555239993	17.391000
1555240116	23.174000
1555240174	22.150000
1555240233	23.171000
1555240294	22.565000
1555240416	22.287000
1555240473	23.178000
1555240533	23.348000
1555240595	24.002000
1555240654	22.503000
1555240715	59.889000
1555240775	23.363000
1555240833	21.512000
1555240893	21.727000
1555241015	21.814000
1555241073	22.683000
1555241134	22.626000
1555241193	21.864000
1555241253	21.837000
1555241314	23.668000
1555241373	21.564000
1555241434	23.838000
1555241555	23.749000
1555241619	43.855000
1555241676	23.202000
1555241734	22.210000
1555241793	23.243000
1555241853	22.552000
1555241976	22.389000
1555242034	23.410000
1555242155	21.467000
1555242213	21.930000
1555242273	21.718000
1555242333	22.881000
1555242395	23.880000
1555242453	23.654000
1555242514	62.008000
1555242575	23.088000
1555242633	22.440000
1555242693	21.718000
1555242815	22.207000
1555242873	22.941000
1555242933	21.716000
1555243056	22.617000
1555243114	21.545000
1555243174	23.673000
1555243234	22.947000
1555243354	21.243000
1555243417	83.474000
1555243476	23.180000
1555243534	22.620000
1555243593	22.819000
1555243715	22.363000
1555243773	22.465000
1555243833	22.773000
1555243955	22.937000
1555244013	22.578000
1555244073	22.643000
1555244198	24.162000
1555244254	22.606000
1555244317	69.266000
1555244377	22.156000
1555244433	23.558000
1555244555	22.433000
1555244613	21.957000
1555244673	21.557000
1555244733	22.536000
1555244855	22.953000
1555244913	22.944000
1555244973	23.188000
1555245033	22.756000
1555245095	21.884000
1555245153	23.158000
1555245217	73.483000
1555245276	39.476000
1555245333	22.475000
1555245455	21.809000
1555245513	22.621000
1555245573	23.365000
1555245633	23.267000
1555245756	22.464000
1555245814	22.092000
1555245873	22.157000
1555245934	22.127000
1555246054	22.100000
1555246117	79.588000
1555246177	22.954000
1555246234	23.644000
1555246294	22.214000
1555246353	22.285000
1555246414	23.096000
1555246473	22.443000
1555246534	26.118000
1555246593	21.440000
1555246653	22.320000
1555246776	24.186000
1555246834	22.372000
1555246895	18.926000
1555246954	19.046000
1555247016	74.752000
1555247077	18.260000
1555247133	18.225000
1555247194	17.417000
1555247316	19.189000
1555247374	18.236000
1555247495	18.827000
1555247553	17.376000
1555247613	18.607000
1555247735	18.175000
1555247795	20.187000
1555247853	18.461000
1555247915	56.262000
1555247976	18.588000
1555248033	20.699000
1555248093	18.320000
1555248216	18.153000
1555248274	18.197000
1555248334	17.588000
1555248393	17.902000
1555248454	17.827000
1555248513	18.790000
1555248573	18.155000
1555248697	17.773000
1555248753	17.914000
1555248817	31.148000
1555248876	17.407000
1555248934	18.384000
1555248993	18.860000
1555249054	18.914000
1555249176	17.524000
1555249234	17.397000
1555249355	18.165000
1555249414	18.604000
1555249473	19.132000
1555249533	17.412000
1555249596	19.507000
1555249654	19.306000
1555249719	30.450000
1555249776	17.987000
1555249833	17.966000
1555249956	17.718000
1555250014	18.365000
1555250074	17.967000
1555250196	17.597000
1555250254	17.417000
1555250375	18.542000
1555250433	19.593000
1555250553	20.159000
1555250615	48.539000
1555250677	17.995000
1555250733	17.731000
1555250794	19.044000
1555250915	20.609000
1555250973	18.326000
1555251033	18.083000
1555251156	18.809000
1555251213	17.659000
1555251274	18.201000
1555251334	17.976000
1555251396	19.118000
1555251454	18.153000
1555251518	31.598000
1555251577	18.219000
1555251634	17.677000
1555251694	17.418000
1555251753	18.130000
1555251875	17.374000
1555251933	18.035000
1555251994	18.339000
1555252115	17.697000
1555252173	18.631000
1555252302	17.922000
1555252354	18.363000
1555252415	34.887000
1555252473	86.263000
1555252534	18.513000
1555252593	19.842000
1555252654	18.663000
1555252775	17.347000
1555252833	18.310000
1555252893	17.762000
1555253016	18.425000
1555253073	17.752000
1555253197	18.064000
1555253254	17.694000
1555253315	77.054000
1555253376	17.443000
1555253433	17.306000
1555253493	18.414000
1555253616	18.088000
1555253675	17.459000
1555253734	17.735000
1555253793	18.665000
1555253853	18.127000
1555253913	17.672000
1555254036	18.460000
1555254095	18.392000
1555254153	18.187000
1555254218	46.566000
1555254278	18.161000
1555254333	18.067000
1555254455	17.441000
1555254513	18.209000
1555254574	19.335000
1555254634	19.861000
1555254693	18.132000
1555254753	19.304000
1555254875	18.164000
1555254933	17.833000
1555254996	20.466000
1555255054	18.262000
1555255120	48.717000
1555255177	17.839000
1555255233	18.079000
1555255294	19.014000
1555255416	17.444000
1555255474	17.402000
1555255534	17.659000
1555255594	17.963000
1555255654	18.998000
1555255713	17.681000
1555255774	18.476000
1555255901	18.610000
1555255954	18.192000
1555256014	63.890000
1555256076	18.885000
1555256133	17.550000
1555256193	17.870000
1555256254	18.093000
1555256375	19.372000
1555256435	18.432000
1555256493	19.039000
1555256553	19.238000
1555256676	18.571000
1555256734	18.728000
1555256854	18.215000
1555256915	62.867000
1555256976	18.202000
1555257034	18.538000
1555257094	17.764000
1555257215	17.423000
1555257273	17.762000
1555257333	17.547000
1555257456	17.498000
1555257514	18.224000
1555257574	17.665000
1555257633	17.504000
1555257696	18.131000
1555257754	19.247000
1555257818	81.974000
1555257877	17.659000
1555257934	17.561000
1555258055	17.425000
1555258113	25.498000
1555258174	17.941000
1555258295	17.452000
1555258353	17.935000
1555258414	17.417000
1555258474	17.912000
1555258534	17.790000
1555258654	17.582000
1555258719	79.077000
1555258775	25.442000
1555258834	17.469000
1555258894	17.513000
1555258954	17.418000
1555259014	17.478000
1555259074	18.382000
1555259133	17.399000
1555259193	17.361000
1555259254	17.403000
1555259375	17.415000
1555259433	17.419000
1555259496	19.691000
1555259553	18.778000
1555259619	40.962000
1555259676	29.733000
1555259733	17.429000
1555259793	17.417000
1555259916	17.461000
1555259974	17.327000
1555260034	17.414000
1555260094	17.492000
1555260153	18.275000
1555260213	17.375000
1555260336	17.832000
1555260396	19.637000
1555260454	17.876000
1555260517	31.136000
1555260577	17.335000
1555260634	18.218000
1555260694	17.676000
1555260753	18.264000
1555260814	19.092000
1555260874	17.522000
1555260933	17.850000
1555260994	17.416000
1555261054	17.416000
1555261176	17.824000
1555261234	17.443000
1555261354	19.017000
1555261417	102.735000
1555261476	21.181000
1555261534	17.456000
1555261594	17.762000
1555261654	17.562000
1555261713	17.888000
1555261773	17.503000
1555261896	20.315000
1555261954	19.285000
1555262014	17.431000
1555262136	17.395000
1555262196	19.216000
1555262254	17.396000
1555262320	19.332000
1555262376	17.720000
1555262433	18.125000
1555262556	17.417000
1555262614	18.139000
1555262674	17.422000
1555262734	17.530000
1555262794	17.778000
1555262913	17.982000
1555262973	17.422000
1555263034	17.676000
1555263154	20.759000
1555263217	94.755000
1555263276	45.596000
1555263334	17.479000
1555263394	17.571000
1555263454	17.415000
1555263514	17.468000
1555263573	17.410000
1555263634	17.511000
1555263755	18.530000
1555263814	18.010000
1555263874	17.955000
1555263999	20.538000
1555264054	17.570000
1555264116	90.060000
1555264177	17.335000
1555264234	18.980000
1555264294	19.346000
1555264415	17.344000
1555264474	19.397000
1555264533	17.528000
1555264656	17.991000
1555264714	17.654000
1555264835	17.576000
1555264954	19.949000
1555265019	61.859000
1555265077	18.384000
1555265134	17.806000
1555265194	18.924000
1555265254	18.094000
1555265314	17.440000
1555265435	17.541000
1555265493	17.762000
1555265553	17.532000
1555265676	17.824000
1555265734	17.367000
1555265796	17.746000
1555265854	17.843000
1555265920	31.106000
1555265976	17.454000
1555266034	17.441000
1555266094	17.478000
1555266215	18.150000
1555266273	17.812000
1555266395	17.326000
1555266454	19.601000
1555266514	17.512000
1555266574	17.564000
1555266633	17.455000
1555266696	18.802000
1555266754	17.754000
1555266816	42.978000
1555266874	83.739000
1555266934	18.133000
1555266994	17.392000
1555267054	18.967000
1555267176	17.772000
1555267234	17.468000
1555267294	17.455000
1555267353	17.481000
1555267414	17.453000
1555267474	17.427000
1555267534	18.235000
1555267595	19.137000
1555267654	19.346000
1555267717	68.983000
1555267776	17.375000
1555267834	17.367000
1555267956	17.693000
1555268014	17.631000
1555268073	17.720000
1555268134	17.398000
1555268194	17.513000
1555268316	17.872000
1555268373	17.379000
1555268498	19.846000
1555268554	17.858000
1555268619	30.987000
1555268676	19.996000
1555268733	17.632000
1555268856	17.408000
1555268914	17.587000
1555268974	17.412000
1555269033	17.468000
1555269156	17.468000
1555269214	17.385000
1555269274	18.232000
1555269334	17.511000
1555269395	17.938000
1555269454	17.583000
1555269521	26.806000
1555269576	18.211000
1555269633	17.549000
1555269756	20.186000
1555269814	17.505000
1555269874	17.295000
1555269934	18.015000
1555269994	17.413000
1555270054	17.444000
1555270114	17.563000
1555270236	17.456000
1555270296	17.708000
1555270354	17.476000
1555270416	80.156000
1555270477	17.484000
1555270534	17.811000
1555270594	17.482000
1555270654	17.776000
1555270775	18.036000
1555270833	17.445000
1555270956	19.720000
1555271014	17.395000
1555271078	17.790000
1555271197	18.012000
1555271254	17.958000
1555271317	39.321000
1555271378	17.421000
1555271434	17.879000
1555271494	17.466000
1555271553	17.646000
1555271613	18.195000
1555271736	18.300000
1555271794	17.862000
1555271854	17.371000
1555271976	17.737000
1555272034	17.813000
1555272154	18.111000
1555272216	38.957000
1555272275	82.437000
1555272333	17.388000
1555272394	18.552000
1555272516	17.478000
1555272574	18.100000
1555272634	18.070000
1555272693	17.830000
1555272754	17.564000
1555272876	17.822000
1555272934	17.424000
1555272996	19.092000
1555273058	17.942000
1555273120	42.793000
1555273181	17.697000
1555273234	17.798000
1555273356	17.539000
1555273414	17.486000
1555273473	17.520000
1555273596	19.649000
1555273654	17.493000
1555273714	17.886000
1555273774	17.990000
1555273834	17.834000
1555273895	17.806000
1555273954	19.057000
1555274018	92.584000
1555274077	30.693000
1555274135	17.452000
1555274194	17.392000
1555274315	17.414000
1555274374	17.704000
1555274434	18.380000
1555274555	18.127000
1555274613	17.410000
1555274673	17.434000
1555274734	19.445000
1555274854	18.048000
1555274916	72.833000
1555274977	17.390000
1555275034	17.467000
1555275094	18.101000
1555275154	17.438000
1555275214	17.745000
1555275274	17.292000
1555275396	17.427000
1555275454	17.832000
1555275575	17.426000
1555275634	17.880000
1555275696	17.633000
1555275756	17.751000
1555275821	37.387000
1555275877	17.440000
1555275934	17.691000
1555275994	17.521000
1555276054	17.453000
1555276114	17.865000
1555276174	17.737000
1555276234	18.145000
1555276357	17.418000
1555276414	17.446000
1555276474	17.562000
1555276535	17.645000
1555276596	18.185000
1555276655	18.119000
1555276715	18.169000
1555276776	17.790000
1555276834	17.344000
1555276893	17.585000
1555276954	17.860000
1555277014	17.859000
1555277135	17.475000
1555277194	18.159000
1555277254	17.640000
1555277313	17.895000
1555277436	18.132000
1555277496	19.915000
1555277555	18.299000
1555277617	48.501000
1555277676	17.960000
1555277734	17.327000
1555277795	18.051000
1555277854	17.887000
1555277914	17.846000
1555277973	17.350000
1555278034	18.194000
1555278156	17.475000
1555278215	17.960000
1555278274	20.045000
1555278334	17.571000
1555278395	18.929000
1555278454	17.709000
1555278518	33.688000
1555278576	17.440000
1555278634	17.722000
1555278694	18.884000
1555278754	17.983000
1555278814	17.830000
1555278874	17.594000
1555278997	17.863000
1555279055	17.568000
1555279114	17.440000
1555279174	17.438000
1555279234	17.263000
1555279295	17.728000
1555279354	18.056000
1555279416	19.068000
1555279476	17.426000
1555279534	17.422000
1555279594	17.641000
1555279654	17.516000
1555279714	17.709000
1555279774	18.038000
1555279895	17.414000
1555279954	17.305000
1555280013	17.404000
1555280137	17.443000
1555280196	20.081000
1555280254	17.598000
1555280316	58.548000
1555280375	17.344000
1555280434	17.841000
1555280556	17.496000
1555280614	17.375000
1555280674	17.390000
1555280733	18.697000
1555280794	17.450000
1555280854	17.572000
1555280975	17.436000
1555281034	17.421000
1555281095	19.639000
1555281154	19.573000
1555281216	38.285000
1555281276	23.093000
1555281334	18.538000
1555281394	17.965000
1555281454	18.080000
1555281513	18.055000
1555281574	17.393000
1555281696	17.415000
1555281754	18.020000
1555281814	17.717000
1555281874	17.659000
1555281997	19.284000
1555282054	18.956000
1555282115	29.709000
1555282177	17.900000
1555282234	18.080000
1555282295	17.382000
1555282354	18.653000
1555282475	17.768000
1555282534	17.752000
1555282656	17.963000
1555282718	17.517000
1555282774	18.102000
1555282838	17.440000
1555282954	17.982000
1555283016	59.363000
1555283077	17.421000
1555283134	19.772000
1555283256	17.954000
1555283314	17.948000
1555283374	17.918000
1555283434	18.315000
1555283494	17.766000
1555283554	17.543000
1555283614	17.338000
1555283736	17.413000
1555283795	19.103000
1555283854	20.535000
1555283918	38.740000
1555283977	17.347000
1555284034	17.413000
1555284095	17.760000
1555284154	17.460000
1555284276	17.612000
1555284334	20.589000
1555284394	17.638000
1555284453	17.859000
1555284575	17.892000
1555284634	18.087000
1555284696	17.794000
1555284755	19.503000
1555284818	45.112000
1555284877	17.993000
1555284935	19.334000
1555284994	17.345000
1555285055	17.336000
1555285176	17.448000
1555285234	17.444000
1555285294	17.371000
1555285354	18.013000
1555285414	17.434000
1555285474	19.685000
1555285534	17.731000
1555285595	19.237000
1555285656	18.353000
1555285720	38.557000
1555285776	17.587000
1555285835	17.295000
1555285894	17.468000
1555286016	17.630000
1555286074	17.863000
1555286135	17.378000
1555286194	17.356000
1555286316	17.420000
1555286374	17.543000
1555286434	17.437000
1555286495	17.793000
1555286554	18.853000
1555286618	77.029000
1555286677	17.479000
1555286734	18.598000
1555286794	17.359000
1555286854	18.361000
1555286914	18.023000
1555286974	18.087000
1555287095	17.976000
1555287154	17.381000
1555287276	17.804000
1555287334	17.416000
1555287455	17.974000
1555287520	31.066000
1555287577	17.390000
1555287635	17.467000
1555287694	18.020000
1555287755	18.766000
1555287814	17.775000
1555287874	17.903000
1555287934	17.672000
1555287994	17.735000
1555288055	17.602000
1555288114	17.752000
1555288175	17.460000
1555288234	17.364000
1555288295	18.115000
1555288354	19.210000
1555288417	49.903000
1555288476	17.301000
1555288535	17.309000
1555288594	17.450000
1555288654	17.659000
1555288714	17.700000
1555288774	17.869000
1555288834	17.681000
1555288894	19.117000
1555289017	17.507000
1555289075	17.627000
1555289135	18.296000
1555289195	18.195000
1555289254	18.422000
1555289315	43.060000
1555289377	18.341000
1555289434	17.818000
1555289556	17.934000
1555289614	18.184000
1555289674	17.486000
1555289734	17.946000
1555289794	17.483000
1555289854	17.567000
1555289914	17.468000
1555290036	17.796000
1555290095	17.819000
1555290154	22.917000
1555290220	98.281000
1555290275	59.095000
1555290334	17.533000
1555290394	17.463000
1555290454	17.439000
1555290576	22.053000
1555290634	17.678000
1555290694	17.699000
1555290816	18.093000
1555290874	17.687000
1555290934	18.290000
1555290995	20.360000
1555291054	19.060000
1555291116	86.364000
1555291176	17.579000
1555291234	17.492000
1555291294	18.104000
1555291355	18.377000
1555291414	18.453000
1555291474	17.656000
1555291534	17.486000
1555291594	17.551000
1555291654	18.109000
1555291714	17.517000
1555291774	17.555000
1555291834	17.660000
1555291954	17.586000
1555292016	37.192000
1555292076	17.318000
1555292135	17.814000
1555292194	19.465000
1555292316	17.362000
1555292374	17.619000
1555292434	17.762000
1555292494	17.354000
1555292554	17.273000
1555292614	17.359000
1555292674	17.939000
1555292798	18.590000
1555292854	19.356000
1555292917	59.538000
1555292975	22.609000
1555293035	17.609000
1555293094	17.414000
1555293154	17.310000
1555293276	17.713000
1555293334	17.428000
1555293394	17.477000
1555293454	17.489000
1555293576	17.866000
1555293634	17.455000
1555293697	19.446000
1555293755	18.033000
1555293816	40.686000
1555293877	17.477000
1555293934	17.698000
1555293994	17.643000
1555294115	17.470000
1555294174	17.432000
1555294296	17.942000
1555294354	20.118000
1555294414	17.728000
1555294474	17.380000
1555294597	17.904000
1555294654	19.010000
1555294717	76.883000
1555294774	23.230000
1555294836	17.766000
1555294894	17.628000
1555294954	17.486000
1555295014	17.389000
1555295074	17.745000
1555295134	17.687000
1555295256	17.725000
1555295314	17.976000
1555295374	18.953000
1555295499	19.630000
1555295555	18.621000
1555295618	49.581000
1555295677	17.436000
1555295734	17.499000
1555295794	17.637000
1555295916	17.834000
1555295974	17.392000
1555296034	17.608000
1555296094	18.188000
1555296154	17.865000
1555296214	17.358000
1555296334	17.465000
1555296396	18.939000
1555296454	19.528000
1555296516	60.210000
1555296577	17.994000
1555296634	17.448000
1555296694	20.402000
1555296754	17.404000
1555296877	17.450000
1555296935	17.980000
1555296995	17.539000
1555297054	17.931000
1555297176	17.448000
1555297234	18.303000
1555297354	17.745000
1555297417	19.507000
1555297475	68.365000
1555297534	17.409000
1555297594	17.431000
1555297654	17.655000
1555297714	17.843000
1555297774	17.970000
1555297834	17.998000
1555297894	17.312000
1555297954	17.435000
1555298076	17.356000
1555298134	17.381000
1555298196	18.352000
1555298255	18.576000
1555298318	32.222000
1555298377	21.432000
1555298434	17.732000
1555298494	17.333000
1555298554	17.452000
1555298614	17.379000
1555298674	17.392000
1555298734	18.003000
1555298794	17.441000
1555298916	18.043000
1555298974	17.481000
1555299034	17.658000
1555299154	19.123000
1555299216	72.795000
1555299276	21.403000
1555299334	17.935000
1555299394	17.945000
1555299454	18.132000
1555299576	17.775000
1555299634	17.425000
1555299694	17.729000
1555299754	17.468000
1555299814	18.214000
1555299874	18.932000
1555299998	17.895000
1555300054	19.299000
1555300119	41.075000
1555300177	17.464000
1555300234	18.143000
1555300294	17.486000
1555300416	17.614000
1555300474	17.337000
1555300534	18.294000
1555300594	17.650000
1555300654	17.596000
1555300714	17.497000
1555300836	17.453000
1555300896	18.368000
1555300954	18.205000
1555301017	71.489000
1555301077	17.418000
1555301135	17.775000
1555301194	17.993000
1555301316	17.963000
1555301375	17.737000
1555301436	17.656000
1555301494	17.489000
1555301554	17.365000
1555301614	17.410000
1555301674	17.497000
1555301798	18.166000
1555301855	17.642000
1555301918	85.572000
1555301974	72.432000
1555302034	18.487000
1555302094	18.143000
1555302154	17.693000
1555302214	17.312000
1555302996	58.233000
1555303055	58.152000
1555303115	61.979000
1555303176	58.421000
1555303236	59.510000
1555303358	58.260000
1555303416	58.193000
1555303476	58.974000
1555303536	58.229000
1555303597	60.057000
1555303656	58.236000
1555303720	112.011000
1555303777	64.287000
1555303836	58.928000
1555303958	58.214000
1555304015	58.873000
1555304075	58.177000
1555304136	58.485000
1555304196	58.463000
1555304255	58.177000
1555304378	58.507000
1555304435	58.539000
1555304556	58.866000
1555304619	111.350000
1555304676	104.623000
1555304735	60.010000
1555304858	58.175000
1555305009	17.961000
1555305097	58.207000
1555305155	58.201000
1555305287	58.493000
1555305336	58.841000
1555305456	59.357000
1555305520	130.732000
1555305576	121.357000
1555305636	58.224000
1555305696	58.259000
1555305755	58.690000
1555305878	58.173000
1555305936	59.224000
1555305996	58.229000
1555306055	59.545000
1555306116	58.442000
1555306176	58.185000
1555306299	59.074000
1555306356	58.487000
1555306420	132.400000
1555306543	17.673000
1555306595	18.004000
1555306657	58.220000
1555306715	58.135000
1555306776	58.878000
1555306836	58.107000
1555306895	58.586000
1555306956	58.539000
1555307016	58.194000
1555307138	58.571000
1555307198	58.707000
1555307256	59.356000
1555307319	91.569000
1555307376	115.616000
1555307436	58.268000
1555307496	58.260000
1555307618	59.493000
1555307740	58.239000
1555307796	58.199000
1555307856	58.824000
1555307978	58.225000
1555308036	58.567000
1555308097	59.764000
1555308156	58.483000
1555308218	122.510000
1555308277	104.746000
1555308335	59.279000
1555308395	59.138000
1555308455	58.527000
1555308515	58.523000
1555308576	59.066000
1555308698	58.139000
1555308756	60.982000
1555308878	58.245000
1555308936	58.353000
1555309056	58.642000
1555309121	116.676000
1555309177	109.024000
1555309236	58.223000
1555309296	58.162000
1555309355	58.394000
1555309416	58.240000
