time ms
1555162713	1.072000
1555162837	1.007000
1555162894	0.970000
1555162954	1.072000
1555163014	1.075000
1555163074	1.100000
1555163194	1.017000
1555163257	1.267000
1555163317	1.022000
1555163378	1.023000
1555163433	1.035000
1555163494	0.840000
1555163616	200.267000
1555163675	1.006000
1555163734	1.064000
1555163793	1.051000
1555163853	1.086000
1555163975	0.964000
1555164035	1.221000
1555164094	1.004000
1555164162	1.227000
1555164215	1.047000
1555164275	0.905000
1555164395	1.078000
1555164453	0.980000
1555164520	1.053000
1555164636	3.244000
1555164694	1.037000
1555164832	0.953000
1555164874	1.054000
1555164994	1.011000
1555165057	2.464000
1555165117	0.910000
1555165173	1.081000
1555165296	1.025000
1555165354	0.987000
1555165413	1.020000
1555165535	74.696000
1555165593	73.528000
1555165654	20.087000
1555165775	1.051000
1555165894	1.066000
1555165953	1.047000
1555166014	1.054000
1555166073	1.004000
1555166133	1.091000
1555166255	1.061000
1555166313	1.055000
1555166373	1.093000
1555166495	7.640000
1555166553	72.930000
1555166613	256.681000
1555166673	1.053000
1555166794	1.049000
1555166858	1.402000
1555166916	1.029000
1555166974	0.939000
1555167033	1.045000
1555167093	1.034000
1555167153	0.993000
1555167214	0.971000
1555167336	1.025000
1555167394	1.011000
1555167454	1.017000
1555167513	29.105000
1555167638	283.749000
1555167694	1.035000
1555167761	1.128000
1555167817	1.016000
1555167873	0.994000
1555167934	0.972000
1555167993	1.044000
1555168115	1.056000
1555168173	1.025000
1555168237	1.021000
1555168297	1.047000
1555168353	1.100000
1555168413	1.043000
1555168473	1.051000
1555168535	0.977000
1555168594	21.708000
1555168658	1.742000
1555168718	23.897000
1555168773	1.045000
1555168833	1.029000
1555168955	1.042000
1555169013	1.068000
1555169072	0.990000
1555169133	1.006000
1555169255	1.002000
1555169313	1.038000
1555169372	1.052000
1555169434	1.122000
1555169494	6.724000
1555169559	1.365000
1555169615	1.010000
1555169673	61.045000
1555169734	6.124000
1555169793	0.997000
1555169852	1.055000
1555169913	1.082000
1555170038	1.081000
1555170096	1.032000
1555170219	1.112000
1555170273	1.024000
1555170396	1.018000
1555170458	1.103000
1555170517	1.052000
1555170581	1.038000
1555170636	1.082000
1555170764	0.911000
1555170822	1.052000
1555170876	1.012000
1555170936	1.021000
1555170996	1.030000
1555171118	1.123000
1555171175	1.027000
1555171297	0.993000
1555171360	1.065000
1555171418	0.936000
1555171475	0.979000
1555171535	1.015000
1555171596	1.036000
1555171655	0.956000
1555171716	1.081000
1555171839	0.992000
1555171897	183.196000
1555171958	168.710000
1555172022	1.036000
1555172076	1.025000
1555172193	1.055000
1555172261	1.027000
1555172315	1.028000
1555172373	1.055000
1555172433	0.974000
1555172554	1.050000
1555172612	1.034000
1555172672	1.017000
1555172732	1.035000
1555172792	1.049000
1555172915	1.018000
1555172973	20.527000
1555173035	60.290000
1555173092	59.393000
1555173159	1.074000
1555173217	1.061000
1555173273	1.026000
1555173333	1.051000
1555173392	0.993000
1555173453	1.004000
1555173575	1.047000
1555173633	1.040000
1555173692	1.031000
1555173752	0.998000
1555173812	1.006000
1555173939	0.969000
1555173994	4.680000
1555174058	13.248000
1555174114	19.267000
1555174173	1.008000
1555174232	1.029000
1555174292	1.045000
1555174352	0.966000
1555174412	1.053000
1555174472	1.047000
1555174594	1.031000
1555174652	1.037000
1555174712	1.026000
1555174772	1.058000
1555174834	0.916000
1555174892	5.039000
1555174955	1.119000
1555175015	1.076000
1555175072	0.994000
1555175194	0.842000
1555175252	0.948000
1555175375	1.044000
1555175432	1.001000
1555175492	1.029000
1555175552	0.970000
1555175674	1.038000
1555175793	0.995000
1555175859	1.169000
1555175915	1.005000
1555175973	1.146000
1555176032	1.043000
1555176092	0.881000
1555176152	21.842000
1555176212	79.560000
1555176272	1.009000
1555176332	1.024000
1555176392	1.082000
1555176452	0.977000
1555176512	1.067000
1555176572	1.079000
1555176636	0.942000
1555176693	1.070000
1555176754	1.770000
1555176816	1.047000
1555176872	1.050000
1555176932	0.962000
1555176992	1.095000
1555177052	1.090000
1555177113	1.015000
1555177171	115.167000
1555177294	11.420000
1555177351	0.944000
1555177412	1.050000
1555177472	1.035000
1555177592	1.062000
1555177654	1.209000
1555177714	1.037000
1555177772	1.099000
1555177894	0.993000
1555177952	1.050000
1555178012	1.009000
1555178071	0.986000
1555178132	1.026000
1555178254	68.693000
1555178313	47.256000
1555178373	18.634000
1555178493	3.435000
1555178554	1.432000
1555178614	1.037000
1555178672	1.081000
1555178793	1.099000
1555178852	0.965000
1555178911	1.066000
1555179034	0.949000
1555179092	1.027000
1555179152	1.111000
1555179212	1.091000
1555179272	0.894000
1555179334	16.953000
1555179392	30.302000
1555179458	13.369000
1555179513	1.024000
1555179572	0.986000
1555179632	1.046000
1555179755	0.982000
1555179812	1.017000
1555179938	1.002000
1555179991	1.073000
1555180114	1.067000
1555180172	1.077000
1555180233	1.079000
1555180292	0.981000
1555180358	1.559000
1555180421	1.008000
1555180476	1.002000
1555180532	1.055000
1555180653	0.968000
1555180711	1.054000
1555180833	1.021000
1555180892	1.110000
1555180951	1.022000
1555181011	1.060000
1555181071	1.019000
1555181192	1.023000
1555181258	1.782000
1555181315	1.086000
1555181371	1.057000
1555181431	1.016000
1555181556	0.984000
1555181612	0.975000
1555181672	0.933000
1555181732	1.046000
1555181791	1.041000
1555181851	0.988000
1555181974	0.969000
1555182033	1.046000
1555182096	7.672000
1555182162	0.987000
1555182216	1.033000
1555182271	1.006000
1555182393	1.127000
1555182451	1.060000
1555182575	1.048000
1555182632	1.046000
1555182691	9.435000
1555182751	30.399000
1555182873	1.034000
1555182933	1.028000
1555182991	1.053000
1555183059	1.066000
1555183114	1.057000
1555183172	1.041000
1555183232	0.968000
1555183353	1.020000
1555183411	1.056000
1555183471	1.002000
1555183531	1.054000
1555183653	0.955000
1555183711	0.905000
1555183771	0.942000
1555183892	6.948000
1555183956	1.883000
1555184011	1.092000
1555184071	0.982000
1555184193	1.072000
1555184251	0.946000
1555184311	1.102000
1555184433	1.094000
1555184491	1.091000
1555184551	1.033000
1555184673	1.007000
1555184733	1.398000
1555184792	0.965000
1555184856	1.134000
1555184916	0.972000
1555184972	0.994000
1555185093	1.035000
1555185153	0.998000
1555185211	0.968000
1555185333	1.011000
1555185391	1.075000
1555185451	1.004000
1555185511	1.040000
1555185571	0.987000
1555185633	1.006000
1555185691	1.016000
1555185756	2.103000
1555185814	1.032000
1555185871	0.996000
1555185931	28.389000
1555185991	55.575000
1555186052	50.363000
1555186110	1.018000
1555186171	1.032000
1555186231	0.934000
1555186354	1.050000
1555186411	1.056000
1555186534	0.995000
1555186594	22.878000
1555186656	1.388000
1555186717	1.017000
1555186774	1.024000
1555186900	0.985000
1555186958	0.923000
1555187079	0.944000
1555187135	1.091000
1555187253	0.980000
1555187311	1.062000
1555187370	1.054000
1555187433	1.051000
1555187492	0.988000
1555187559	1.156000
1555187614	0.992000
1555187671	1.022000
1555187792	1.027000
1555187855	1.036000
1555187911	0.984000
1555187971	1.048000
1555188092	208.783000
1555188157	1.826000
1555188213	1.053000
1555188334	1.057000
1555188391	1.003000
1555188456	1.112000
1555188515	1.049000
1555188570	1.022000
1555188631	1.007000
1555188753	1.059000
1555188811	1.028000
1555188871	1.071000
1555188993	1.027000
1555189051	1.009000
1555189111	1.038000
1555189171	179.431000
1555189291	310.463000
1555189356	3.116000
1555189413	1.075000
1555189471	1.076000
1555189530	1.010000
1555189653	0.988000
1555189711	0.950000
1555189770	1.001000
1555189831	1.013000
1555189953	1.053000
1555190010	0.970000
1555190070	1.035000
1555190132	0.999000
1555190191	0.979000
1555190256	1.826000
1555190312	0.879000
1555190370	0.958000
1555190430	0.988000
1555190490	1.081000
1555190613	1.032000
1555190671	1.026000
1555190731	1.052000
1555190790	1.035000
1555190850	1.057000
1555190910	0.995000
1555190970	1.063000
1555191090	1.042000
1555191154	1.555000
1555191216	1.014000
1555191270	1.039000
1555191335	1.056000
1555191396	1.046000
1555191451	2.807000
1555191510	0.988000
1555191634	1.049000
1555191691	1.022000
1555191814	0.937000
1555191871	1.031000
1555191991	1.008000
1555192053	1.027000
1555192117	1.044000
1555192171	1.029000
1555192231	1.031000
1555192290	1.010000
1555192350	1.057000
1555192415	0.958000
1555192470	1.014000
1555192530	23.753000
1555192590	0.970000
1555192650	1.033000
1555192772	0.985000
1555192832	1.008000
1555192891	1.021000
1555192953	1.297000
1555193010	1.005000
1555193071	0.964000
1555193191	0.857000
1555193250	1.006000
1555193310	1.087000
1555193432	1.023000
1555193490	1.063000
1555193550	1.030000
1555193610	33.844000
1555193735	35.127000
1555193791	1.088000
1555193858	2.274000
1555193914	1.049000
1555193970	1.028000
1555194030	1.008000
1555194090	1.022000
1555194212	1.037000
1555194270	1.020000
1555194330	0.991000
1555194451	1.037000
1555194509	1.078000
1555194634	1.010000
1555194691	11.320000
1555194756	39.883000
1555194811	21.033000
1555194870	1.021000
1555194993	0.972000
1555195050	1.028000
1555195110	1.057000
1555195232	0.879000
1555195290	0.970000
1555195350	1.028000
1555195472	1.026000
1555195533	1.076000
1555195591	0.992000
1555195653	4.168000
1555195714	1.002000
1555195777	1.048000
1555195832	0.994000
1555195952	1.000000
1555196010	1.073000
1555196070	1.037000
1555196130	1.037000
1555196189	1.011000
1555196255	1.090000
1555196309	1.003000
1555196369	0.996000
1555196431	1.129000
1555196489	1.056000
1555196561	1.286000
1555196613	0.954000
1555196670	1.082000
1555196730	1.033000
1555196790	1.036000
1555196850	26.438000
1555196910	232.335000
1555196970	262.728000
1555197030	0.975000
1555197151	1.035000
1555197210	1.018000
1555197333	1.010000
1555197395	32.831000
1555197452	1.248000
1555197513	1.058000
1555197569	1.038000
1555197691	1.017000
1555197749	1.062000
1555197810	1.043000
1555197932	26.870000
1555197990	144.752000
1555198116	1.003000
1555198170	1.059000
1555198231	1.564000
1555198290	1.052000
1555198351	3.245000
1555198412	1.047000
1555198470	0.991000
1555198529	0.990000
1555198589	1.038000
1555198649	0.926000
1555198709	1.105000
1555198832	1.073000
1555198890	1.021000
1555198950	1.003000
1555199009	98.207000
1555199142	0.974000
1555199190	0.972000
1555199254	1.656000
1555199314	0.987000
1555199370	1.018000
1555199429	1.073000
1555199489	1.046000
1555199549	0.981000
1555199609	1.059000
1555199731	1.039000
1555199789	1.058000
1555199911	1.050000
1555199970	1.084000
1555200090	3.884000
1555200151	1.265000
1555200213	0.953000
1555200270	0.987000
1555200329	1.038000
1555200389	1.057000
1555200449	0.953000
1555200509	1.056000
1555200632	1.055000
1555200689	1.084000
1555200811	0.955000
1555200869	0.974000
1555200931	1.034000
1555200990	1.054000
1555201052	1.232000
1555201111	0.957000
1555201169	0.978000
1555201291	34.080000
1555201350	0.977000
1555201483	1.034000
1555201529	1.028000
1555201589	1.072000
1555201649	1.030000
1555201709	1.025000
1555201833	1.044000
1555201889	0.996000
1555201956	1.891000
1555202014	0.970000
1555202068	1.065000
1555202192	0.912000
1555202249	238.991000
1555202318	1.052000
1555202373	1.029000
1555202429	1.143000
1555202489	1.066000
1555202548	1.013000
1555202608	1.032000
1555202733	1.085000
1555202790	1.013000
1555202852	1.256000
1555202910	1.024000
1555202968	1.028000
1555203029	1.055000
1555203151	1.088000
1555203209	0.961000
1555203269	1.003000
1555203328	19.990000
1555203452	40.271000
1555203509	1.039000
1555203569	1.088000
1555203690	3.765000
1555203751	1.321000
1555203812	1.037000
1555203869	1.020000
1555203929	1.008000
1555203988	1.004000
1555204049	0.909000
1555204109	0.972000
1555204230	1.024000
1555204288	0.998000
1555204411	0.988000
1555204469	1.040000
1555204589	0.989000
1555204653	17.298000
1555204710	0.998000
1555204769	1.032000
1555204890	1.047000
1555204948	1.058000
1555205008	0.971000
1555205130	1.073000
1555205189	1.036000
1555205310	1.083000
1555205368	1.047000
1555205430	1.066000
1555205489	1.002000
1555205551	1.601000
1555205609	225.568000
1555205676	1.070000
1555205732	1.058000
1555205789	0.940000
1555205910	0.928000
1555205968	1.031000
1555206029	1.013000
1555206089	1.064000
1555206149	0.947000
1555206209	1.061000
1555206333	1.068000
1555206389	1.061000
1555206450	0.913000
1555206511	1.028000
1555206569	1.010000
1555206691	1.082000
1555206754	1.041000
1555206871	0.999000
1555206928	1.074000
1555207050	1.042000
1555207108	1.045000
1555207234	1.022000
1555207290	1.023000
1555207356	1.559000
1555207412	0.986000
1555207469	1.086000
1555207528	1.006000
1555207589	0.980000
1555207711	0.968000
1555207771	0.992000
1555207891	20.702000
1555207949	0.950000
1555208008	1.016000
1555208134	1.014000
1555208189	1.043000
1555208252	1.442000
1555208313	1.044000
1555208369	1.077000
1555208429	1.042000
1555208488	1.093000
1555208548	1.047000
1555208608	0.981000
1555208668	1.098000
1555208728	1.051000
1555208788	0.992000
1555208848	43.349000
1555208908	324.114000
1555208968	102.695000
1555209089	1.044000
1555209158	1.010000
1555209212	1.016000
1555209268	1.039000
1555209394	1.017000
1555209448	1.019000
1555209509	1.011000
1555209568	1.050000
1555209628	1.095000
1555209688	1.016000
1555209748	1.021000
1555209808	1.039000
1555209932	101.598000
1555209989	29.580000
1555210053	313.828000
1555210109	0.966000
1555210168	1.042000
1555210228	1.027000
1555210351	1.010000
1555210408	1.041000
1555210468	0.981000
1555210528	1.048000
1555210588	1.025000
1555210647	1.104000
1555210770	1.026000
1555210830	1.001000
1555210889	1.047000
1555210949	1.083000
1555211019	1.034000
1555211076	1.034000
1555211132	0.942000
1555211188	0.986000
1555211248	0.987000
1555211369	1.012000
1555211427	1.015000
1555211487	0.973000
1555211609	1.058000
1555211667	0.972000
1555211730	1.027000
1555211788	1.004000
1555211854	1.433000
1555211911	0.979000
1555211968	0.989000
1555212028	0.976000
1555212088	154.613000
1555212148	123.381000
1555212214	1.034000
1555212268	0.998000
1555212390	0.987000
1555212447	1.050000
1555212507	1.070000
1555212632	0.990000
1555212693	28.671000
1555212752	1.720000
1555212810	1.052000
1555212867	1.095000
1555212928	1.042000
1555213050	1.032000
1555213108	1.090000
1555213171	1.239000
1555213227	1.009000
1555213287	16.211000
1555213348	1.039000
1555213407	0.989000
1555213532	1.005000
1555213589	1.048000
1555213650	1.805000
1555213710	1.002000
1555213767	0.991000
1555213827	0.961000
1555213950	1.075000
1555214008	0.947000
1555214068	1.013000
1555214128	1.075000
1555214187	0.989000
1555214309	150.465000
1555214367	215.509000
1555214430	1.036000
1555214488	1.082000
1555214550	1.275000
1555214609	0.989000
1555214667	1.027000
1555214727	0.948000
1555214849	1.052000
1555214908	1.040000
1555214968	1.025000
1555215027	1.233000
1555215149	1.049000
1555215207	1.019000
1555215332	1.067000
1555215388	1.032000
1555215451	192.707000
1555215509	67.581000
1555215567	176.985000
1555215690	1.067000
1555215748	0.986000
1555215808	0.991000
1555215868	1.063000
1555215927	1.025000
1555215987	0.989000
1555216048	0.946000
1555216107	1.010000
1555216167	1.059000
1555216229	1.177000
1555216287	0.977000
1555216350	1.557000
1555216409	1.016000
1555216467	1.020000
1555216596	1.015000
1555216651	1.042000
1555216707	1.021000
1555216767	1.010000
1555216827	1.046000
1555216887	0.952000
1555216947	1.007000
1555217008	1.032000
1555217130	1.055000
1555217188	1.015000
1555217250	1.334000
1555217309	1.089000
1555217367	0.988000
1555217489	1.017000
1555217552	0.916000
1555217614	1.107000
1555217671	1.057000
1555217729	1.037000
1555217787	1.000000
1555217909	1.048000
1555217967	1.054000
1555218029	0.994000
1555218088	1.181000
1555218156	3.019000
1555218209	1.060000
1555218267	0.889000
1555218389	1.043000
1555218451	1.022000
1555218507	1.043000
1555218567	1.069000
1555218627	1.027000
1555218687	273.196000
1555218756	0.989000
1555218811	1.015000
1555218931	1.040000
1555218988	1.090000
1555219050	1.541000
1555219111	1.015000
1555219167	1.042000
1555219227	1.047000
1555219349	1.069000
1555219407	1.060000
1555219529	0.950000
1555219587	1.034000
1555219647	1.037000
1555219706	1.014000
1555219766	1.037000
1555219830	0.942000
1555219888	16.583000
1555219951	1.541000
1555220009	1.073000
1555220067	1.074000
1555220127	0.994000
1555220187	1.063000
1555220247	1.064000
1555220307	1.022000
1555220367	1.072000
1555220427	1.053000
1555220549	1.041000
1555220607	1.061000
1555220666	0.986000
1555220788	1.047000
1555220852	1.350000
1555220910	71.430000
1555220967	200.353000
1555221026	205.171000
1555221087	1.046000
1555221147	1.038000
1555221207	1.035000
1555221266	1.003000
1555221326	1.040000
1555221449	1.112000
1555221508	1.077000
1555221566	1.023000
1555221629	1.015000
1555221687	1.078000
1555221750	1.180000
1555221810	1.054000
1555221866	1.056000
1555221927	1.047000
1555221986	0.970000
1555222109	0.972000
1555222167	0.943000
1555222226	1.040000
1555222348	1.028000
1555222407	0.980000
1555222467	1.070000
1555222587	1.060000
1555222649	1.196000
1555222710	1.072000
1555222767	1.056000
1555222828	0.994000
1555222886	0.967000
1555222946	1.025000
1555223006	1.081000
1555223066	1.026000
1555223188	40.625000
1555223246	30.229000
1555223306	1.060000
1555223443	0.975000
1555223487	1.035000
1555223552	1.090000
1555223611	1.041000
1555223667	0.994000
1555223789	1.042000
1555223846	1.056000
1555223906	1.094000
1555223966	0.979000
1555224089	1.036000
1555224147	1.044000
1555224206	0.949000
1555224268	32.621000
1555224328	37.015000
1555224387	1.011000
1555224450	1.200000
1555224510	1.074000
1555224566	1.034000
1555224626	1.061000
1555224749	1.001000
1555224807	1.032000
1555224867	0.908000
1555224926	1.035000
1555224986	1.004000
1555225046	0.901000
1555225106	1.056000
1555225167	1.078000
1555225233	0.970000
1555225287	2.923000
1555225349	1.075000
1555225410	0.850000
1555225466	0.977000
1555225525	0.989000
1555225586	1.064000
1555225647	0.965000
1555225768	1.006000
1555225826	1.048000
1555225948	0.997000
1555226006	1.027000
1555226065	0.961000
1555226129	1.072000
1555226187	1.046000
1555226249	1.142000
1555226308	0.998000
1555226366	1.063000
1555226426	0.981000
1555226548	0.969000
1555226606	0.870000
1555226666	0.938000
1555226788	1.078000
1555226846	1.026000
1555226906	0.908000
1555227029	1.031000
1555227086	1.035000
1555227149	1.626000
1555227209	1.014000
1555227267	1.059000
1555227326	1.196000
1555227386	1.044000
1555227446	1.018000
1555227568	1.045000
1555227625	1.014000
1555227686	1.002000
1555227745	40.988000
1555227806	62.727000
1555227865	57.351000
1555227986	1.002000
1555228049	1.173000
1555228110	1.066000
1555228166	0.998000
1555228226	1.059000
1555228285	0.999000
1555228345	1.027000
1555228469	0.967000
1555228526	0.978000
1555228586	1.079000
1555228646	1.061000
1555228767	1.067000
1555228827	1.038000
1555228886	0.921000
1555228951	218.139000
1555229009	96.348000
1555229066	0.979000
1555229187	1.041000
1555229245	1.080000
1555229305	0.969000
1555229428	1.089000
1555229486	1.007000
1555229607	0.982000
1555229665	1.035000
1555229786	1.045000
1555229853	1.873000
1555229908	0.956000
1555229966	1.070000
1555230025	1.014000
1555230086	1.023000
1555230145	201.367000
1555230205	149.376000
1555230265	183.436000
1555230326	1.024000
1555230447	1.034000
1555230505	1.031000
1555230565	1.070000
1555230686	1.016000
1555230750	1.776000
1555230809	1.054000
1555230865	1.002000
1555230925	1.076000
1555231048	1.062000
1555231105	1.011000
1555231228	1.022000
1555231286	0.995000
1555231416	0.964000
1555231465	186.185000
1555231527	1.111000
1555231587	1.064000
1555231648	1.134000
1555231708	0.991000
1555231765	1.037000
1555231825	1.043000
1555231947	0.947000
1555232005	1.089000
1555232065	1.009000
1555232125	1.077000
1555232185	1.082000
1555232244	1.038000
1555232367	0.949000
1555232486	1.026000
1555232616	1.079000
1555232665	144.351000
1555232725	0.966000
1555232785	1.014000
1555232907	0.945000
1555232965	1.070000
1555233025	0.985000
1555233085	1.084000
1555233207	1.041000
1555233265	0.976000
1555233386	0.991000
1555233453	1.848000
1555233508	0.988000
1555233565	1.078000
1555233625	1.041000
1555233685	1.030000
1555233747	1.000000
1555233807	0.970000
1555233927	0.993000
1555233985	1.025000
1555234045	1.079000
1555234105	0.985000
1555234230	0.936000
1555234285	0.986000
1555234353	3.974000
1555234409	1.077000
1555234465	0.978000
1555234524	1.109000
1555234585	1.049000
1555234645	0.979000
1555234705	1.020000
1555234764	0.980000
1555234825	1.046000
1555234948	31.580000
1555235006	42.915000
1555235065	39.438000
1555235185	1.023000
1555235248	1.257000
1555235309	0.987000
1555235365	0.999000
1555235425	0.952000
1555235484	1.050000
1555235544	1.098000
1555235667	1.028000
1555235725	0.991000
1555235785	1.093000
1555235849	1.050000
1555235904	1.062000
1555235964	1.064000
1555236027	1.001000
1555236086	0.929000
1555236149	1.433000
1555236209	20.233000
1555236265	40.214000
1555236325	1.038000
1555236385	1.079000
1555236507	1.090000
1555236565	1.064000
1555236625	1.060000
1555236685	0.986000
1555236745	1.020000
1555236804	1.005000
1555236864	1.038000
1555236928	1.030000
1555236985	1.033000
1555237052	3.386000
1555237107	1.088000
1555237165	1.061000
1555237224	0.986000
1555237290	1.062000
1555237415	1.010000
1555237465	1.022000
1555237524	0.990000
1555237647	1.055000
1555237705	1.002000
1555237765	1.093000
1555237885	1.001000
1555237947	1.064000
1555238009	1.045000
1555238064	0.951000
1555238125	0.907000
1555238184	1.010000
1555238245	1.087000
1555238311	0.995000
1555238365	1.068000
1555238486	1.067000
1555238544	0.859000
1555238604	0.972000
1555238664	14.373000
1555238726	1.225000
1555238785	1.074000
1555238848	1.154000
1555238907	0.971000
1555238964	1.020000
1555239024	1.104000
1555239147	1.143000
1555239205	1.048000
1555239264	1.000000
1555239325	1.102000
1555239447	1.014000
1555239504	1.036000
1555239565	1.002000
1555239626	0.928000
1555239685	50.686000
1555239747	151.853000
1555239807	103.653000
1555239864	0.982000
1555239924	1.060000
1555240046	1.014000
1555240104	1.031000
1555240165	1.027000
1555240224	1.021000
1555240284	1.037000
1555240345	0.952000
1555240404	1.030000
1555240464	1.045000
1555240586	2.452000
1555240652	1.837000
1555240707	1.024000
1555240765	1.045000
1555240824	2.056000
1555240884	102.190000
1555241006	1.044000
1555241064	1.090000
1555241186	0.910000
1555241244	1.083000
1555241304	1.048000
1555241364	1.003000
1555241426	1.145000
1555241484	1.446000
1555241547	1.534000
1555241606	1.071000
1555241664	1.113000
1555241724	0.978000
1555241846	1.108000
1555241904	0.954000
1555241964	0.962000
1555242086	93.587000
1555242144	1.069000
1555242204	1.098000
1555242264	0.964000
1555242384	0.974000
1555242448	3.880000
1555242508	1.009000
1555242565	1.032000
1555242624	0.920000
1555242746	0.979000
1555242804	1.040000
1555242864	1.003000
1555242986	0.980000
1555243043	1.018000
1555243104	0.964000
1555243228	174.014000
1555243285	1.029000
1555243348	1.692000
1555243407	1.031000
1555243464	1.048000
1555243586	1.104000
1555243644	1.006000
1555243703	1.046000
1555243764	0.988000
1555243886	1.065000
1555243944	0.999000
1555244004	0.952000
1555244064	0.951000
1555244125	1.033000
1555244184	5.241000
1555244248	1.560000
1555244308	7.560000
1555244364	4.630000
1555244485	1.053000
1555244544	1.021000
1555244603	1.031000
1555244663	1.011000
1555244786	1.039000
1555244844	1.023000
1555244903	0.964000
1555244964	0.956000
1555245084	1.001000
1555245148	1.054000
1555245207	1.046000
1555245264	1.055000
1555245324	1.083000
1555245384	0.993000
1555245444	33.863000
1555245504	16.431000
1555245564	1.004000
1555245623	1.059000
1555245683	1.069000
1555245806	1.048000
1555245864	0.960000
1555245925	1.238000
1555245984	1.072000
1555246048	2.160000
1555246107	1.023000
1555246163	1.027000
1555246224	1.025000
1555246346	1.033000
1555246404	1.080000
1555246525	16.721000
1555246583	60.219000
1555246643	127.590000
1555246765	1.077000
1555246825	1.067000
1555246883	0.990000
1555246947	1.395000
1555247006	0.979000
1555247063	0.975000
1555247123	1.032000
1555247246	1.015000
1555247303	1.062000
1555247363	0.951000
1555247423	1.040000
1555247483	1.006000
1555247543	1.074000
1555247603	0.963000
1555247726	19.192000
1555247783	12.190000
1555247847	1.034000
1555247906	1.001000
1555247964	1.090000
1555248023	0.982000
1555248083	0.966000
1555248206	1.021000
1555248263	1.064000
1555248385	1.084000
1555248443	0.994000
1555248503	1.031000
1555248563	0.951000
1555248626	1.111000
1555248684	2.751000
1555248750	1.139000
1555248809	1.065000
1555248864	0.947000
1555248985	1.045000
1555249044	1.029000
1555249104	0.996000
1555249225	1.066000
1555249283	1.019000
1555249405	1.032000
1555249463	1.933000
1555249583	1.076000
1555249646	1.182000
1555249706	1.100000
1555249763	1.008000
1555249823	1.060000
1555249945	1.038000
1555250003	0.990000
1555250063	52.010000
1555250185	49.022000
1555250242	1.031000
1555250303	1.026000
1555250363	1.026000
1555250425	1.005000
1555250484	4.335000
1555250549	1.702000
1555250606	1.018000
1555250663	0.951000
1555250724	1.004000
1555250783	0.932000
1555250905	0.973000
1555250963	1.056000
1555251023	0.962000
1555251144	1.052000
1555251203	0.994000
1555251331	0.876000
1555251384	29.176000
1555251447	39.599000
1555251503	0.954000
1555251563	0.996000
1555251623	1.053000
1555251683	0.958000
1555251805	1.064000
1555251862	1.009000
1555251923	1.063000
1555252045	1.044000
1555252102	1.100000
1555252226	1.012000
1555252283	1.050000
1555252346	1.003000
1555252406	1.047000
1555252462	1.025000
1555252522	195.472000
1555252645	237.795000
1555252704	1.013000
1555252763	0.972000
1555252822	1.059000
1555252882	0.987000
1555252942	1.080000
1555253065	1.056000
1555253124	1.069000
1555253183	1.026000
1555253248	1.423000
1555253307	1.019000
1555253362	1.019000
1555253485	1.045000
1555253542	1.032000
1555253603	1.019000
1555253663	0.989000
1555253722	0.880000
1555253782	18.687000
1555253904	32.868000
1555253962	0.975000
1555254026	0.976000
1555254083	1.041000
1555254151	1.068000
1555254206	1.064000
1555254262	1.079000
1555254322	1.057000
1555254445	1.010000
1555254503	0.936000
1555254563	1.043000
1555254622	1.003000
1555254683	0.988000
1555254742	1.034000
1555254802	1.037000
1555254930	0.908000
1555254982	2.851000
1555255046	0.955000
1555255106	0.992000
1555255163	21.697000
1555255222	0.989000
1555255283	1.089000
1555255404	1.027000
1555255463	1.037000
1555255522	1.045000
1555255582	1.000000
1555255705	1.035000
1555255763	1.002000
1555255882	1.467000
1555255945	1.024000
1555256005	1.081000
1555256063	1.050000
1555256122	0.997000
1555256244	24.200000
1555256302	4.613000
1555256362	15.741000
1555256484	1.041000
1555256542	1.079000
1555256602	0.998000
1555256662	0.989000
1555256724	1.147000
1555256782	1.031000
1555256848	1.379000
1555256907	1.078000
1555256962	1.039000
1555257084	1.043000
1555257142	0.991000
1555257202	0.979000
1555257324	1.035000
1555257382	0.946000
1555257443	40.075000
1555257502	44.069000
1555257562	23.349000
1555257683	1.011000
1555257749	2.942000
1555257805	1.025000
1555257862	1.063000
1555257922	1.094000
1555257982	1.061000
1555258042	0.966000
1555258102	1.054000
1555258162	0.949000
1555258222	1.055000
1555258282	1.010000
1555258404	1.053000
1555258462	1.040000
1555258524	0.940000
1555258582	0.988000
1555258649	2.678000
1555258708	1.029000
1555258769	1.044000
1555258822	0.972000
1555258945	1.051000
1555259002	0.995000
1555259062	1.022000
1555259122	1.072000
1555259181	0.983000
1555259241	1.043000
1555259364	1.009000
1555259424	0.990000
1555259482	1.015000
1555259546	1.218000
1555259605	1.041000
1555259662	1.102000
1555259722	1.072000
1555259782	1.031000
1555259842	25.307000
1555259902	47.632000
1555259962	51.949000
1555260022	0.991000
1555260082	1.045000
1555260204	1.057000
1555260262	1.052000
1555260382	0.974000
1555260445	1.186000
1555260505	1.033000
1555260562	0.990000
1555260622	1.053000
1555260682	1.009000
1555260741	1.051000
1555260801	0.995000
1555260924	1.028000
1555260982	1.066000
1555261041	1.042000
1555261164	18.253000
1555261224	26.244000
1555261282	1.168000
1555261348	1.381000
1555261404	1.035000
1555261461	0.980000
1555261584	1.094000
1555261642	1.017000
1555261702	1.022000
1555261762	1.088000
1555261821	1.025000
1555261941	0.904000
1555262001	1.068000
1555262062	1.046000
1555262182	0.976000
1555262246	1.723000
1555262305	0.966000
1555262362	0.858000
1555262422	27.770000
1555262482	135.962000
1555262542	1.032000
1555262601	1.017000
1555262662	1.060000
1555262783	1.083000
1555262841	1.082000
1555262901	1.040000
1555263027	1.016000
1555263082	1.025000
1555263145	2.242000
1555263205	0.987000
1555263261	0.930000
1555263322	1.034000
1555263443	0.967000
1555263501	0.863000
1555263561	49.110000
1555263684	1.082000
1555263742	1.070000
1555263863	1.087000
1555263981	1.006000
1555264048	1.383000
1555264105	1.038000
1555264161	1.035000
1555264221	0.986000
1555264282	1.053000
1555264341	1.012000
1555264463	1.026000
1555264521	0.938000
1555264581	61.032000
1555264705	1.004000
1555264762	1.033000
1555264823	0.952000
1555264882	1.033000
1555264949	1.374000
1555265004	0.983000
1555265062	0.996000
1555265121	1.015000
1555265243	1.024000
1555265300	1.022000
1555265423	1.016000
1555265481	0.981000
1555265541	1.062000
1555265601	0.952000
1555265663	1.087000
1555265726	0.957000
1555265789	1.063000
1555265846	2.168000
1555265902	1.042000
1555265961	1.085000
1555266021	0.977000
1555266081	1.046000
1555266203	1.010000
1555266261	0.963000
1555266321	1.026000
1555266380	1.074000
1555266441	1.053000
1555266501	1.068000
1555266561	1.058000
1555266622	1.131000
1555266681	0.948000
1555266746	1.068000
1555266806	2.034000
1555266861	1.040000
1555266984	0.954000
1555267041	1.020000
1555267100	1.050000
1555267161	1.024000
1555267221	1.042000
1555267343	1.039000
1555267400	1.037000
1555267526	1.021000
1555267581	1.038000
1555267647	1.942000
1555267703	0.998000
1555267760	1.074000
1555267883	186.019000
1555267949	1.000000
1555268005	0.983000
1555268060	0.967000
1555268183	1.037000
1555268241	1.052000
1555268301	1.041000
1555268361	1.004000
1555268422	0.956000
1555268481	1.034000
1555268550	1.076000
1555268603	1.061000
1555268660	1.088000
1555268783	1.056000
1555268841	0.997000
1555268901	0.944000
1555268961	272.869000
1555269027	1.008000
1555269082	1.023000
1555269140	1.017000
1555269263	1.063000
1555269323	0.995000
1555269381	1.042000
1555269445	1.450000
1555269504	0.979000
1555269561	1.089000
1555269621	1.019000
1555269681	0.963000
1555269802	1.017000
1555269860	1.072000
1555269983	1.027000
1555270041	108.843000
1555270112	1.045000
1555270224	1.011000
1555270281	4.047000
1555270345	2.125000
1555270404	0.981000
1555270460	1.067000
1555270520	1.102000
1555270580	0.977000
1555270640	1.045000
1555270763	1.055000
1555270820	1.019000
1555270881	0.989000
1555271002	1.082000
1555271060	0.957000
1555271181	242.404000
1555271246	88.502000
1555271304	0.985000
1555271360	1.021000
1555271421	0.960000
1555271542	1.018000
1555271600	1.024000
1555271660	0.984000
1555271720	1.000000
1555271780	0.992000
1555271903	1.088000
1555271961	1.043000
1555272022	1.097000
1555272085	19.708000
1555272148	1.476000
1555272207	1.035000
1555272261	37.961000
1555272382	1.002000
1555272440	0.962000
1555272500	1.065000
1555272622	1.056000
1555272681	1.070000
1555272740	1.039000
1555272800	1.011000
1555272860	0.998000
1555272922	1.153000
1555272980	0.992000
1555273045	1.149000
1555273105	1.043000
1555273161	1.044000
1555273220	1.070000
1555273342	1.080000
1555273400	0.987000
1555273465	1.064000
1555273582	11.227000
1555273640	0.954000
1555273700	1.016000
1555273760	0.985000
1555273881	2.727000
1555273944	1.142000
1555274003	1.007000
1555274061	1.064000
1555274120	1.043000
1555274180	1.068000
1555274240	1.036000
1555274300	0.965000
1555274422	1.017000
1555274480	1.017000
1555274602	106.275000
1555274669	1.148000
1555274722	1.051000
1555274782	0.975000
1555274848	1.001000
1555274904	1.012000
1555274960	1.093000
1555275020	1.048000
1555275080	1.046000
1555275140	1.052000
1555275200	1.003000
1555275260	0.967000
1555275383	1.012000
1555275440	1.045000
1555275500	1.037000
1555275561	0.992000
1555275622	1.007000
1555275681	121.425000
1555275741	177.694000
1555275802	104.956000
1555275860	0.966000
1555275919	1.005000
1555275980	1.043000
1555276040	0.904000
1555276162	1.051000
1555276220	0.974000
1555276279	1.067000
1555276339	0.972000
1555276462	1.026000
1555276522	0.940000
1555276581	10.089000
1555276644	1.152000
1555276702	1.014000
1555276760	1.012000
1555276822	1.085000
1555276880	0.949000
1555276940	0.999000
1555276999	0.970000
1555277060	1.054000
1555277182	1.015000
1555277240	1.017000
1555277300	0.963000
1555277360	1.056000
1555277421	1.543000
1555277480	3.190000
1555277544	2.208000
1555277602	1.113000
1555277660	0.975000
1555277720	0.985000
1555277780	1.068000
1555277839	1.007000
1555277899	0.943000
1555278022	173.941000
1555278080	0.997000
1555278140	1.084000
1555278200	1.040000
1555278260	1.010000
1555278321	1.083000
1555278380	1.018000
1555278442	1.127000
1555278502	1.062000
1555278560	1.002000
1555278620	0.997000
1555278680	1.028000
1555278739	1.020000
1555278799	1.035000
1555278921	1.052000
1555278979	0.991000
1555279043	0.990000
1555279162	5.129000
1555279221	1.016000
1555279279	1.063000
1555279343	1.915000
1555279401	0.980000
1555279459	1.086000
1555279582	1.033000
1555279640	1.052000
1555279700	1.022000
1555279759	1.096000
1555279819	1.024000
1555279879	1.030000
1555280001	1.015000
1555280059	1.017000
1555280120	69.175000
1555280180	21.043000
1555280243	144.399000
1555280303	0.989000
1555280360	1.015000
1555280419	0.982000
1555280479	1.040000
1555280539	0.951000
1555280599	1.076000
1555280722	1.080000
1555280780	1.036000
1555280839	1.059000
1555280899	1.043000
1555281023	0.859000
1555281079	2.616000
1555281141	1.372000
1555281203	0.981000
1555281260	0.876000
1555281320	79.579000
1555281379	275.217000
1555281501	1.061000
1555281559	1.121000
1555281681	1.049000
1555281743	1.094000
1555281799	1.032000
1555281863	1.020000
1555281980	1.037000
1555282042	2.672000
1555282102	1.039000
1555282159	1.057000
1555282281	1.041000
1555282339	0.947000
1555282399	84.114000
1555282459	237.168000
1555282519	0.976000
1555282579	1.101000
1555282639	1.019000
1555282761	1.082000
1555282820	1.473000
1555282879	1.576000
1555282943	1.827000
1555283002	0.988000
1555283059	1.020000
1555283120	0.975000
1555283179	0.970000
1555283301	1.070000
1555283359	1.002000
1555283418	1.036000
1555283478	43.594000
1555283602	0.958000
1555283658	1.063000
1555283721	0.967000
1555283780	0.998000
1555283843	1.252000
1555283903	1.020000
1555283959	1.020000
1555284018	1.015000
1555284079	1.026000
1555284200	0.954000
1555284259	1.735000
1555284319	1.020000
1555284379	1.007000
1555284439	1.006000
1555284499	1.037000
1555284558	1.042000
1555284620	1.309000
1555284681	102.143000
1555284752	2.291000
1555284802	219.970000
1555284859	0.999000
1555284919	1.136000
1555285041	1.049000
1555285099	1.068000
1555285159	1.043000
1555285219	1.004000
1555285341	1.041000
1555285399	1.082000
1555285458	1.086000
1555285520	1.058000
1555285579	1.039000
1555285644	2.328000
1555285702	1.038000
1555285759	0.969000
1555285819	2.663000
1555285879	20.702000
1555285939	42.416000
1555285998	1.002000
1555286120	1.023000
1555286178	1.046000
1555286301	1.048000
1555286359	1.051000
1555286479	1.756000
1555286546	1.392000
1555286601	1.033000
1555286659	0.994000
1555286719	1.018000
1555286779	1.002000
1555286839	0.966000
1555286898	0.957000
1555286959	13.968000
1555287019	157.610000
1555287079	1.011000
1555287138	1.007000
1555287200	0.974000
1555287259	1.033000
1555287320	1.511000
1555287379	7.855000
1555287443	1.356000
1555287500	1.043000
1555287559	1.019000
1555287618	1.034000
1555287679	1.036000
1555287738	0.969000
1555287798	1.035000
1555287858	1.041000
1555287918	1.023000
1555288042	59.645000
1555288100	7.234000
1555288160	0.980000
1555288220	1.003000
1555288279	2.231000
1555288341	1.811000
1555288401	1.067000
1555288458	1.007000
1555288580	1.074000
1555288639	0.907000
1555288699	1.053000
1555288758	0.967000
1555288818	1.057000
1555288878	1.029000
1555288938	1.056000
1555289060	1.040000
1555289120	49.004000
1555289179	40.789000
1555289245	67.014000
1555289301	1.040000
1555289359	1.039000
1555289419	1.059000
1555289478	1.021000
1555289600	1.083000
1555289658	1.041000
1555289718	1.056000
1555289840	1.092000
1555289898	0.984000
1555289958	1.016000
1555290020	1.090000
1555290078	1.014000
1555290141	1.795000
1555290201	0.964000
1555290258	28.291000
1555290318	113.097000
1555290378	1.004000
1555290438	1.061000
1555290498	0.995000
1555290558	0.959000
1555290618	1.029000
1555290678	1.016000
1555290738	0.988000
1555290798	1.045000
1555290858	1.026000
1555290978	1.016000
1555291042	2.326000
1555291101	0.980000
1555291159	1.033000
1555291218	1.022000
1555291341	30.402000
1555291399	29.805000
1555291458	1.026000
1555291518	1.076000
1555291578	1.083000
1555291638	0.997000
1555291698	1.025000
1555291822	0.959000
1555291878	1.012000
1555291942	1.654000
1555292000	0.986000
1555292058	1.033000
1555292118	1.066000
1555292178	1.030000
1555292300	1.015000
1555292358	1.013000
1555292418	124.766000
1555292477	192.609000
1555292599	1.021000
1555292657	1.068000
1555292721	1.048000
1555292778	0.959000
1555292840	1.509000
1555292901	1.026000
1555292958	0.901000
1555293018	1.083000
1555293139	1.043000
1555293197	1.056000
1555293320	1.027000
1555293378	1.037000
1555293438	0.971000
1555293498	0.934000
1555293621	151.481000
1555293678	0.982000
1555293743	1.443000
1555293798	1.029000
1555293859	1.000000
1555293918	1.004000
1555293978	0.982000
1555294037	1.030000
1555294098	1.016000
1555294158	1.034000
1555294280	1.031000
1555294337	1.013000
1555294397	1.047000
1555294523	0.980000
1555294578	0.991000
1555294642	45.054000
1555294702	46.166000
1555294758	49.316000
1555294818	0.942000
1555294939	0.993000
1555294997	1.072000
1555295057	1.046000
1555295117	0.994000
1555295177	1.033000
1555295237	1.008000
1555295357	0.932000
1555295419	1.098000
1555295477	1.054000
1555295541	2.303000
1555295600	0.943000
1555295657	1.015000
1555295717	1.046000
1555295777	0.990000
1555295900	54.817000
1555295958	46.337000
1555296018	42.985000
1555296078	0.950000
1555296199	1.071000
1555296257	0.977000
1555296377	1.251000
1555296442	7.028000
1555296500	1.003000
1555296557	1.087000
1555296617	1.003000
1555296677	0.931000
1555296737	1.084000
1555296797	1.019000
1555296857	1.048000
1555296917	1.009000
1555296977	1.054000
1555297099	1.009000
1555297158	0.977000
1555297219	1.004000
1555297278	1.004000
1555297342	1.584000
1555297401	1.020000
1555297457	0.974000
1555297517	1.061000
1555297577	1.024000
1555297637	1.018000
1555297697	0.963000
1555297757	1.056000
1555297817	1.032000
1555297939	1.040000
1555297997	0.987000
1555298057	0.995000
1555298178	1.061000
1555298240	1.170000
1555298301	1.096000
1555298358	22.056000
1555298418	25.715000
1555298478	17.173000
1555298599	1.115000
1555298657	1.037000
1555298717	1.006000
1555298777	0.961000
1555298837	1.103000
1555298897	1.029000
1555299021	0.947000
1555299077	1.005000
1555299144	1.409000
1555299200	1.077000
1555299257	0.983000
1555299317	1.051000
1555299439	1.091000
1555299497	1.024000
1555299558	1.050000
1555299617	1.032000
1555299677	1.042000
1555299737	1.003000
1555299859	1.037000
1555299919	1.047000
1555299978	1.096000
1555300040	1.085000
1555300101	1.049000
1555300157	1.011000
1555300216	1.037000
1555300339	1.013000
1555300397	1.085000
1555300458	0.978000
1555300517	0.941000
1555300577	1.071000
1555300636	1.065000
1555300696	0.989000
1555300821	0.871000
1555300878	29.994000
1555300942	17.389000
1555300999	1.060000
1555301057	0.986000
1555301116	1.044000
1555301177	1.001000
1555301238	1.035000
1555302020	1.024000
1555302079	1.008000
1555302138	0.983000
1555302201	1.057000
1555302262	1.002000
1555302382	0.998000
1555302439	1.065000
1555302499	1.092000
1555302559	0.987000
1555302620	1.032000
1555302679	1.008000
1555302744	0.986000
1555302800	0.990000
1555302859	1.068000
1555302981	0.975000
1555303038	0.996000
1555303098	1.055000
1555303159	1.018000
1555303219	0.999000
1555303278	1.102000
1555303401	0.932000
1555303458	183.547000
1555303579	0.832000
1555303643	2.724000
1555303700	0.997000
1555303758	1.041000
1555304019	1.070000
1555304061	1.007000
1555304120	0.975000
1555304178	1.038000
1555304310	0.982000
1555304359	0.981000
1555304479	0.950000
1555304543	1.226000
1555304598	1.041000
1555304659	1.069000
1555304719	0.971000
1555304778	134.668000
1555304901	57.577000
1555304959	1.053000
1555305018	0.977000
1555305078	1.048000
1555305138	0.978000
1555305198	0.936000
1555305334	0.952000
1555305378	0.954000
1555305443	1.139000
1555305566	1.054000
1555305617	0.927000
1555305680	0.975000
1555305738	1.067000
1555305799	1.040000
1555305858	1.041000
1555305918	0.967000
1555305978	1.046000
1555306038	0.957000
1555306161	0.940000
1555306221	10.708000
1555306279	37.717000
1555306342	1.791000
1555306401	1.062000
1555306458	1.027000
1555306518	0.969000
1555306641	1.019000
1555306763	0.991000
1555306818	1.060000
1555306878	1.078000
1555307001	1.053000
1555307059	1.083000
1555307119	1.059000
1555307178	1.003000
1555307241	1.068000
1555307299	1.043000
1555307358	1.091000
1555307418	1.000000
1555307479	1.018000
1555307541	1.044000
1555307604	1.028000
1555307721	1.040000
1555307779	1.073000
1555307900	1.097000
1555307958	1.059000
1555308079	0.995000
1555308144	1.579000
1555308200	0.986000
1555308258	1.017000
1555308319	0.985000
1555308378	0.945000
1555308438	1.030000
