time bw
1557237760	18.600000
1557238658	18.600000
1557239560	18.600000
1557240458	18.600000
1557241360	18.600000
1557242258	18.600000
1557243157	18.600000
1557244058	18.600000
1557244960	18.600000
1557245858	18.600000
1557247658	18.600000
1557248561	18.500000
1557249458	18.500000
1557250358	18.600000
1557251258	18.500000
1557252162	18.500000
1557253059	18.500000
1557253958	18.600000
1557254858	18.600000
1557255760	18.600000
1557256658	18.600000
1557257558	18.600000
1557258458	18.600000
1557259360	18.600000
1557260258	18.600000
1557261159	18.600000
1557262061	18.600000
1557262962	18.600000
1557263858	18.600000
1557264758	18.600000
1557265658	18.600000
1557266561	18.600000
1557267458	18.600000
1557268359	18.600000
1557269259	18.600000
1557270162	18.600000
1557271059	18.600000
1557271961	18.600000
1557272861	18.600000
1557273759	18.600000
1557274658	18.600000
1557275558	18.600000
1557276458	18.600000
1557277360	18.600000
1557278259	18.600000
1557280059	18.600000
1557280960	18.600000
1557281860	18.600000
1557282759	18.600000
1557283661	18.600000
1557284562	18.600000
1557285459	18.600000
1557286360	18.600000
1557287259	18.600000
1557288161	18.600000
1557289058	18.600000
1557289959	18.600000
1557290858	18.600000
1557291761	18.500000
1557292658	18.600000
1557293559	18.600000
1557294459	18.600000
1557295360	18.600000
1557296258	18.600000
1557297158	18.600000
1557298060	18.600000
1557298962	18.600000
1557299858	18.600000
1557300758	18.500000
1557301659	18.600000
1557302563	18.600000
1557303459	18.600000
1557304358	18.600000
1557305258	18.600000
1557306162	18.600000
1557307061	18.600000
1557307959	18.600000
1557308859	18.600000
1557309762	18.600000
1557310659	18.600000
1557311559	18.600000
1557312458	18.600000
1557313361	18.600000
1557314259	18.600000
1557315159	18.600000
1557316060	18.600000
1557316961	18.600000
1557317859	18.600000
1557318761	18.600000
1557319659	18.600000
1557320563	18.600000
1557321458	18.600000
1557322359	18.400000
1557323259	18.400000
1557324161	18.400000
1557325060	18.400000
1557325959	18.400000
1557326859	18.500000
1557327761	18.500000
1557328660	18.600000
1557329559	18.600000
1557330459	18.600000
1557331363	18.600000
1557332259	18.600000
1557333160	18.600000
1557334060	18.600000
1557334966	18.600000
1557335859	18.600000
1557336759	18.600000
1557337659	18.600000
1557338564	18.600000
1557339460	18.500000
1557340359	18.600000
1557341260	18.600000
1557342162	18.500000
1557343060	18.600000
1557343960	18.600000
1557344859	18.600000
1557345763	15.100000
1557346660	18.600000
1557347561	18.600000
1557348458	18.600000
1557349362	18.600000
1557350260	18.600000
1557351160	18.600000
1557352059	18.600000
1557352961	18.500000
1557353860	18.500000
1557354760	18.600000
1557355659	18.600000
1557356562	18.600000
1557357460	18.600000
1557358361	18.600000
1557359260	18.600000
1557360161	18.600000
1557361059	18.600000
1557361961	18.600000
1557362859	18.600000
1557363762	18.600000
1557364660	18.600000
1557365560	18.600000
1557366460	18.600000
1557367359	18.600000
1557368260	18.600000
1557369159	18.600000
1557370059	18.600000
1557370962	18.600000
1557371862	18.600000
1557372760	18.600000
1557373660	18.600000
1557374561	18.600000
1557375460	18.600000
1557376360	18.600000
1557377260	18.600000
1557378164	18.600000
1557379061	18.600000
1557379961	18.600000
1557380860	18.600000
1557381763	18.600000
1557382660	18.600000
1557383561	18.600000
1557384460	18.400000
1557385363	18.500000
1557386259	18.600000
1557387160	18.600000
1557388059	18.600000
1557388963	18.600000
1557389860	18.600000
1557390759	18.600000
1557391660	18.600000
1557392562	18.600000
1557393460	18.600000
1557394360	18.600000
1557395260	18.600000
1557396168	18.600000
1557397059	18.600000
1557397960	18.600000
1557398860	18.600000
1557399762	18.600000
1557400670	18.600000
1557401561	18.600000
1557402460	18.600000
1557403363	18.600000
1557404259	18.600000
1557405161	18.500000
1557406061	18.500000
1557406964	18.500000
1557407860	18.500000
1557408763	18.400000
1557409661	18.400000
1557410562	18.400000
1557411462	18.500000
1557412360	18.500000
1557413260	18.500000
1557414163	18.500000
1557415061	18.500000
1557415960	18.500000
1557416861	18.500000
1557417763	18.500000
1557418661	18.500000
1557419560	18.600000
1557420463	18.600000
1557421372	18.600000
1557422288	18.600000
1557423184	18.600000
1557424060	18.600000
1557424962	18.400000
1557425860	18.500000
1557426761	18.500000
1557427661	18.500000
1557428563	18.500000
1557429460	18.500000
1557430361	9.840000
1557431261	9.840000
1557432163	9.840000
1557433060	16.700000
1557433960	18.200000
1557434860	18.500000
1557435763	18.600000
1557436661	18.600000
1557437562	18.600000
1557438460	18.600000
1557439369	18.600000
1557440269	18.500000
1557441160	18.500000
1557442060	18.500000
1557442963	18.500000
1557443862	18.600000
1557444761	18.600000
1557445661	18.600000
1557446562	18.600000
1557447462	18.600000
1557448361	18.500000
1557449262	18.500000
1557450162	18.600000
1557451062	18.600000
1557451961	18.600000
1557452861	18.600000
1557453764	18.600000
1557454661	18.600000
1557455561	18.600000
1557456461	18.600000
1557457364	18.600000
1557458260	18.600000
1557459161	18.600000
1557460061	18.600000
1557460963	18.600000
1557461861	18.600000
1557462761	18.600000
1557463661	18.600000
1557464564	18.600000
1557465461	18.600000
1557466361	18.600000
1557467260	18.600000
1557468163	18.600000
1557469062	18.600000
1557469962	18.600000
1557470862	18.600000
1557471763	18.600000
1557472661	18.600000
1557473562	18.600000
1557474462	18.600000
1557475366	18.600000
1557476261	18.600000
1557477161	18.600000
1557478061	18.600000
1557478963	18.600000
1557479861	18.600000
1557480761	18.500000
1557481663	18.500000
1557482565	18.500000
1557483461	18.500000
1557484360	18.600000
1557485262	18.600000
1557486166	18.600000
1557487061	18.600000
1557487961	18.500000
1557488862	18.500000
1557489764	18.500000
1557490662	18.600000
1557491562	18.600000
1557492461	18.600000
1557493365	18.600000
1557494262	18.600000
1557495162	18.600000
1557496062	18.600000
1557496965	18.600000
1557497863	18.600000
1557498761	18.500000
1557499661	18.500000
1557500565	18.500000
1557501462	18.500000
1557502362	18.500000
1557503261	18.600000
1557504165	18.500000
1557505062	18.500000
1557505962	18.600000
1557506864	18.600000
1557507763	18.600000
1557508661	18.600000
1557509562	18.600000
1557510461	18.500000
1557511364	18.500000
1557512262	18.500000
1557513161	18.500000
1557514061	18.500000
1557514964	18.600000
1557515864	18.600000
1557516761	18.600000
1557517661	18.600000
1557518563	18.500000
1557519462	18.500000
1557520361	18.500000
1557521262	18.500000
1557522164	18.500000
1557523062	18.600000
1557523962	18.500000
1557524861	18.500000
1557525764	18.500000
1557526661	18.500000
1557527562	18.500000
1557528461	18.500000
1557529364	18.500000
1557530261	18.500000
1557531162	18.600000
1557532062	18.600000
1557532964	18.600000
1557533862	18.600000
1557534761	18.600000
1557535662	18.600000
1557536565	18.600000
1557537461	18.600000
1557538361	18.600000
1557539261	18.500000
1557540162	18.600000
1557541062	18.600000
1557541963	18.600000
1557542862	18.600000
1557543764	18.600000
1557544661	18.600000
1557546461	18.600000
1557547364	18.600000
1557548263	18.600000
1557549162	18.600000
1557550062	18.600000
1557550964	18.600000
1557551861	18.600000
1557552762	18.600000
1557553662	18.600000
1557554564	18.600000
1557556362	18.600000
1557557261	18.600000
1557558164	18.600000
1557559062	18.600000
1557559963	18.600000
1557560862	18.600000
1557561768	18.600000
1557562661	18.600000
1557563563	18.600000
1557564462	18.600000
1557565364	18.600000
1557566262	18.600000
1557567162	18.600000
1557568062	18.600000
1557568965	18.600000
1557569862	18.600000
1557570763	18.600000
1557571662	18.600000
1557572564	18.600000
1557573461	18.600000
1557575263	18.600000
1557576164	18.600000
1557577062	18.600000
1557578863	18.600000
1557579766	18.600000
1557580662	18.500000
1557581561	18.500000
1557582463	18.500000
1557583364	18.500000
1557585162	18.600000
1557586061	18.600000
1557586965	18.500000
1557587862	18.500000
1557589674	18.500000
1557590564	18.500000
1557591462	18.300000
1557593262	18.400000
1557594164	18.300000
1557595062	18.400000
1557595962	18.400000
1557596862	18.400000
1557597766	18.400000
1557598663	18.500000
1557599563	18.500000
1557600463	18.500000
1557601365	18.500000
1557602263	18.500000
1557603162	18.500000
1557604063	18.500000
1557604964	17.300000
1557605862	18.500000
1557606763	18.100000
1557607662	18.600000
1557608567	18.600000
1557609463	18.600000
1557610363	18.600000
1557611263	18.600000
1557612165	18.600000
1557613062	18.600000
1557613963	18.600000
1557614862	18.600000
1557615766	18.600000
1557616663	18.600000
1557617563	18.600000
1557618462	18.600000
1557619366	18.600000
1557620263	18.600000
1557621163	18.600000
1557622063	18.600000
1557622964	18.600000
1557623862	18.600000
1557624763	18.600000
1557625663	18.600000
1557626563	18.600000
1557627464	18.600000
1557628363	18.600000
1557629263	18.600000
1557630165	18.600000
1557631063	18.600000
1557631963	18.600000
1557632863	18.600000
1557633765	18.600000
1557634664	18.600000
1557635564	18.600000
1557636464	18.600000
1557637365	18.600000
1557638263	18.600000
1557639164	18.600000
1557640063	18.600000
1557640966	18.600000
1557641863	18.600000
1557642763	18.600000
1557643662	18.500000
1557644565	18.500000
1557645463	18.600000
1557646363	18.600000
1557647263	18.600000
1557648165	18.600000
1557649064	18.600000
1557649963	18.600000
1557650863	18.600000
1557651765	18.600000
1557652676	18.600000
1557653563	18.600000
1557654463	18.600000
1557655366	18.600000
1557656263	18.600000
1557657176	18.500000
1557658063	18.500000
1557658966	18.500000
1557659865	18.500000
1557660764	18.600000
1557661663	18.600000
1557662565	18.600000
1557663463	18.600000
1557664364	18.500000
1557665264	18.500000
1557666165	18.500000
1557667063	18.500000
1557667963	18.600000
1557668864	18.600000
1557669766	18.600000
1557670663	18.600000
1557671564	18.600000
1557672463	18.500000
1557673365	18.400000
1557674263	18.500000
1557675163	18.500000
1557676064	18.500000
1557676966	18.600000
1557677864	18.600000
1557678763	18.600000
1557679664	18.600000
1557680565	18.500000
1557681464	18.500000
1557682364	18.500000
1557683265	18.500000
1557684166	18.500000
1557685064	18.500000
1557685963	18.500000
1557686864	18.600000
1557687765	18.500000
1557688664	18.600000
1557689565	18.600000
1557690464	18.600000
1557691366	18.600000
1557692263	18.600000
1557693164	18.600000
1557694063	18.600000
1557694966	18.600000
1557695864	18.600000
1557696764	18.600000
1557697664	18.600000
1557698565	18.600000
1557699463	18.600000
1557700364	18.600000
1557701264	18.600000
1557702167	18.600000
1557703063	18.600000
1557703964	18.600000
1557704863	18.600000
1557705766	18.600000
1557706664	18.600000
1557707564	18.600000
1557708464	18.600000
1557709366	18.600000
1557710264	18.600000
1557711164	18.600000
1557712064	18.600000
1557712966	18.600000
1557713863	18.600000
1557714763	18.600000
1557715664	18.600000
1557716567	18.600000
1557717464	18.600000
1557718364	18.600000
1557719263	18.600000
1557720167	18.600000
1557721065	18.600000
1557721966	18.600000
1557722864	18.600000
1557723766	18.600000
1557724663	18.600000
1557725564	18.600000
1557726465	18.600000
1557727366	18.600000
1557728265	18.600000
1557729164	18.600000
1557730065	18.600000
1557730966	18.600000
1557731865	18.600000
1557732764	18.600000
1557733664	18.600000
1557734566	18.600000
1557735465	18.600000
1557736364	18.600000
1557737264	18.600000
1557738166	18.600000
