time bw
1557237926	84.100000
1557238823	85.550000
1557239725	84.100000
1557240623	83.650000
1557241524	84.100000
1557242423	83.200000
1557243323	81.300000
1557244225	81.300000
1557245125	79.500000
1557246022	79.500000
1557247823	79.000000
1557248729	79.500000
1557249624	82.800000
1557250523	82.800000
1557251423	68.500000
1557252327	68.500000
1557253224	68.500000
1557254123	68.500000
1557255032	74.800000
1557255925	79.400000
1557256823	85.400000
1557257722	85.400000
1557258623	82.300000
1557259527	85.400000
1557260423	82.300000
1557261324	82.300000
1557262225	82.300000
1557263127	86.400000
1557264022	88.000000
1557264923	88.000000
1557265823	89.900000
1557266725	89.900000
1557267623	89.900000
1557268524	90.800000
1557269424	90.800000
1557270328	84.500000
1557271228	83.700000
1557272126	79.200000
1557273025	74.300000
1557273924	74.300000
1557274823	69.600000
1557275722	69.600000
1557276624	69.600000
1557277525	79.300000
1557278424	79.300000
1557280224	79.700000
1557281127	84.200000
1557282034	84.200000
1557282924	84.200000
1557283826	87.100000
1557284727	87.100000
1557285624	83.300000
1557286525	87.100000
1557287424	83.300000
1557288327	83.000000
1557289223	74.800000
1557290123	83.000000
1557291024	74.800000
1557291926	83.000000
1557292822	84.400000
1557293723	84.400000
1557294624	84.400000
1557295525	86.400000
1557296423	84.400000
1557297324	75.300000
1557298225	75.600000
1557299128	75.600000
1557300023	75.600000
1557300924	75.600000
1557301823	78.000000
1557302730	89.100000
1557303624	82.400000
1557304522	82.400000
1557305423	87.500000
1557306326	87.500000
1557307225	82.400000
1557308124	68.400000
1557309024	76.100000
1557309926	76.100000
1557310824	75.800000
1557311723	76.100000
1557312623	76.100000
1557313528	75.800000
1557314424	72.000000
1557315324	65.900000
1557316224	65.900000
1557317127	70.800000
1557318023	70.800000
1557318928	70.500000
1557319823	70.500000
1557320728	70.500000
1557321623	70.500000
1557322524	83.000000
1557323423	83.100000
1557324327	83.100000
1557325224	84.300000
1557326124	83.800000
1557327025	83.800000
1557327926	81.700000
1557328840	83.000000
1557329723	81.700000
1557330624	80.000000
1557331528	74.500000
1557332423	74.500000
1557333325	73.800000
1557334230	74.500000
1557335133	74.500000
1557336024	68.100000
1557336923	68.100000
1557337823	71.500000
1557338728	71.500000
1557339625	72.400000
1557340524	72.400000
1557341432	72.400000
1557342327	72.400000
1557343225	72.500000
1557344125	72.500000
1557345024	72.500000
1557345928	81.900000
1557346824	81.900000
1557347725	80.800000
1557348625	80.700000
1557349527	80.800000
1557350425	80.800000
1557351325	83.500000
1557352224	83.500000
1557353126	83.500000
1557354025	80.400000
1557354925	72.900000
1557355823	72.900000
1557356727	71.500000
1557357625	67.000000
1557358526	67.000000
1557359425	75.900000
1557360327	75.900000
1557361224	75.900000
1557362126	75.900000
1557363023	71.700000
1557363926	71.700000
1557364826	70.900000
1557365725	70.900000
1557366625	66.300000
1557367524	71.700000
1557368425	71.700000
1557369323	80.300000
1557370224	82.400000
1557371128	82.400000
1557372026	80.300000
1557372924	79.300000
1557373825	77.000000
1557374726	77.000000
1557375624	77.000000
1557376524	83.700000
1557377425	88.300000
1557378329	88.300000
1557379226	85.700000
1557380126	84.500000
1557381025	84.500000
1557381930	79.700000
1557382825	78.400000
1557383726	79.700000
1557384625	79.700000
1557385530	79.800000
1557386424	81.900000
1557387325	90.900000
1557388225	90.900000
1557389128	90.900000
1557390025	79.900000
1557390926	76.000000
1557391825	76.000000
1557392728	76.000000
1557393625	76.000000
1557394525	85.000000
1557395425	85.000000
1557396333	84.400000
1557397224	85.000000
1557398125	84.400000
1557399024	84.400000
1557399928	79.400000
1557400834	78.100000
1557401725	71.900000
1557402630	71.900000
1557403527	71.900000
1557404424	71.900000
1557405329	81.100000
1557406225	81.100000
1557407129	82.600000
1557408029	81.100000
1557408927	81.100000
1557409826	81.100000
1557410727	84.900000
1557411640	81.100000
1557412527	79.200000
1557413427	83.000000
1557414328	79.200000
1557415226	77.200000
1557416124	77.200000
1557417026	73.100000
1557417928	72.000000
1557418826	72.000000
1557419725	72.000000
1557420628	73.100000
1557421537	76.800000
1557422453	78.500000
1557423349	76.800000
1557424225	77.200000
1557425127	77.200000
1557426024	77.700000
1557426926	77.200000
1557427826	77.700000
1557428727	86.800000
1557429626	86.800000
1557430535	86.800000
1557431425	86.800000
1557432328	71.600000
1557433224	71.600000
1557434125	71.600000
1557435025	73.000000
1557435940	73.400000
1557436825	73.400000
1557437727	73.000000
1557438625	73.000000
1557439536	67.600000
1557440436	66.800000
1557441325	66.800000
1557442225	81.000000
1557443129	81.000000
1557444027	81.000000
1557444926	81.000000
1557445826	71.900000
1557446727	71.900000
1557447628	69.800000
1557448526	69.800000
1557449427	80.200000
1557450330	80.200000
1557451229	81.100000
1557452128	81.100000
1557453028	80.500000
1557453937	76.000000
1557454827	76.000000
1557455729	76.000000
1557456628	80.500000
1557457532	83.300000
1557458427	83.300000
1557459326	83.300000
1557460225	83.900000
1557461128	83.900000
1557462026	79.900000
1557462934	80.600000
1557463827	84.700000
1557464729	84.700000
1557465626	80.600000
1557466528	82.500000
1557467425	82.500000
1557468328	82.500000
1557469227	82.500000
1557470127	82.500000
1557471026	80.000000
1557471928	84.200000
1557472825	80.000000
1557473726	77.300000
1557474630	77.300000
1557475531	77.300000
1557476425	74.800000
1557477326	74.500000
1557478227	74.800000
1557479128	74.800000
1557480027	74.800000
1557480931	81.700000
1557481827	82.000000
1557482730	84.500000
1557483628	82.000000
1557484526	84.500000
1557485427	84.500000
1557486331	85.000000
1557487225	77.600000
1557488126	78.600000
1557489026	67.700000
1557489928	70.000000
1557490828	70.000000
1557491727	70.800000
1557492626	70.800000
1557493530	77.100000
1557494427	83.300000
1557495327	83.300000
1557496227	83.300000
1557497131	80.300000
1557498030	85.700000
1557498926	80.300000
1557499828	85.700000
1557500731	80.300000
1557501630	73.600000
1557502528	73.600000
1557503426	75.800000
1557504334	73.600000
1557505226	75.800000
1557506127	75.800000
1557507029	72.900000
1557507928	72.900000
1557508826	75.500000
1557509727	72.000000
1557510626	72.000000
1557511529	75.500000
1557512426	69.400000
1557513326	69.400000
1557514226	69.400000
1557515130	74.600000
1557516028	72.300000
1557516926	74.600000
1557517825	72.300000
1557518728	72.300000
1557519626	70.600000
1557520526	70.600000
1557521426	70.600000
1557522328	71.900000
1557523228	72.000000
1557524131	77.300000
1557525026	77.300000
1557525930	79.700000
1557526826	72.000000
1557527726	79.700000
1557528627	79.700000
1557529529	79.700000
1557530425	82.600000
1557531327	83.200000
1557532226	89.100000
1557533130	89.100000
1557534027	89.100000
1557534926	85.500000
1557535827	81.500000
1557536732	81.500000
1557537626	85.500000
1557538530	85.700000
1557539426	85.700000
1557540327	85.700000
1557541226	82.800000
1557542128	82.600000
1557543026	82.600000
1557543929	81.100000
1557544826	81.100000
1557546626	81.100000
1557547529	83.900000
1557548427	81.100000
1557549327	84.200000
1557550234	84.200000
1557551128	80.800000
1557552025	80.800000
1557552927	80.800000
1557553827	71.600000
1557554728	80.800000
1557556527	83.500000
1557557426	72.100000
1557558328	72.100000
1557559226	73.100000
1557560128	72.100000
1557561028	63.000000
1557561933	63.000000
1557562826	68.600000
1557563730	63.000000
1557564627	68.600000
1557565529	75.500000
1557566427	79.900000
1557567327	85.000000
1557568227	85.000000
1557569131	79.900000
1557570028	87.000000
1557570927	75.100000
1557571827	75.100000
1557572729	89.400000
1557573626	89.400000
1557575429	81.100000
1557576331	81.100000
1557577227	77.800000
1557579028	77.800000
1557579932	72.300000
1557580826	72.300000
1557581726	72.700000
1557582627	78.200000
1557583529	78.200000
1557585327	78.200000
1557586229	78.200000
1557587131	73.600000
1557588027	73.600000
1557589839	73.600000
1557590730	81.200000
1557591629	81.200000
1557593426	81.200000
1557594331	76.900000
1557595227	74.900000
1557596127	72.900000
1557597027	74.900000
1557597932	76.900000
1557598828	72.900000
1557599728	75.000000
1557600627	81.800000
1557601529	75.000000
1557602430	75.000000
1557603327	75.000000
1557604228	81.900000
1557605129	70.200000
1557606027	74.100000
1557606928	74.100000
1557607826	74.100000
1557608733	74.100000
1557609628	75.600000
1557610528	83.700000
1557611427	85.500000
1557612329	85.500000
1557613236	85.500000
1557614128	82.900000
1557615027	67.200000
1557615932	67.200000
1557616828	67.200000
1557617727	80.100000
1557618626	80.100000
1557619532	86.800000
1557620428	86.800000
1557621327	79.100000
1557622228	79.100000
1557623129	86.400000
1557624027	79.100000
1557624934	79.900000
1557625827	80.400000
1557626728	79.900000
1557627628	79.900000
1557628528	79.900000
1557629428	78.200000
1557630331	77.600000
1557631228	78.200000
1557632128	78.200000
1557633029	81.300000
1557633929	81.300000
1557634829	83.300000
1557635729	83.300000
1557636635	83.000000
1557637531	78.300000
1557638428	83.000000
1557639328	71.500000
1557640228	62.200000
1557641132	71.500000
1557642028	76.000000
1557642928	76.000000
1557643827	82.000000
1557644730	82.000000
1557645627	84.500000
1557646528	85.100000
1557647447	84.500000
1557648330	73.000000
1557649228	78.900000
1557650128	78.900000
1557651028	78.900000
1557651935	78.900000
1557652841	78.900000
1557653727	74.000000
1557654628	74.000000
1557655530	74.000000
1557656428	74.000000
1557657343	74.900000
1557658228	74.900000
1557659130	69.200000
1557660030	69.200000
1557660929	65.900000
1557661834	65.600000
1557662730	65.900000
1557663628	72.900000
1557664529	66.600000
1557665429	87.500000
1557666330	87.500000
1557667228	82.500000
1557668131	82.500000
1557669029	87.500000
1557669932	88.100000
1557670828	88.100000
1557671728	90.400000
1557672627	88.100000
1557673531	81.200000
1557674427	81.200000
1557675327	90.800000
1557676230	81.200000
1557677131	83.300000
1557678029	83.300000
1557678928	83.300000
1557679829	75.200000
1557680730	83.300000
1557681628	75.200000
1557682529	75.200000
1557683429	75.200000
1557684332	69.600000
1557685229	69.400000
1557686128	69.600000
1557687028	76.500000
1557687930	76.500000
1557688829	76.800000
1557689730	76.800000
1557690629	87.200000
1557691531	76.800000
1557692427	73.300000
1557693329	72.800000
1557694228	72.800000
1557695131	72.800000
1557696029	81.700000
1557696928	81.700000
1557697829	81.700000
1557698730	83.500000
1557699628	83.500000
1557700529	72.000000
1557701429	78.900000
1557702345	78.900000
1557703228	77.800000
1557704129	77.800000
1557705028	78.500000
1557705931	78.500000
1557706828	78.500000
1557707730	78.500000
1557708628	78.500000
1557709530	78.900000
1557710430	78.900000
1557711329	79.100000
1557712228	79.100000
1557713131	79.100000
1557714029	66.900000
1557714928	66.900000
1557715829	66.900000
1557716731	72.400000
1557717629	78.400000
1557718529	81.400000
1557719429	81.400000
1557720333	81.400000
1557721229	79.700000
1557722130	79.700000
1557723028	79.700000
1557723931	80.300000
1557724829	84.200000
1557725729	86.600000
1557726629	86.600000
1557727531	84.200000
1557728429	79.200000
1557729329	79.200000
1557730230	71.500000
1557731139	71.500000
1557732030	74.700000
1557732930	77.600000
1557733828	77.600000
1557734733	77.600000
1557735633	77.600000
1557736529	77.600000
1557737429	79.900000
