time bw
1557237767	88.400000
1557238664	88.500000
1557239567	88.400000
1557240463	88.500000
1557241365	88.400000
1557242242	88.600000
1557243165	89.900000
1557244066	89.900000
1557244942	88.000000
1557245863	89.900000
1557247663	91.400000
1557248571	88.000000
1557249465	89.200000
1557250364	91.300000
1557251263	89.200000
1557252168	87.600000
1557253064	87.600000
1557253965	87.600000
1557254874	85.100000
1557255765	80.300000
1557256663	80.300000
1557257562	80.300000
1557258463	80.300000
1557259367	91.300000
1557260264	91.400000
1557261164	91.300000
1557262066	91.300000
1557262968	90.900000
1557263863	90.400000
1557264765	90.400000
1557265663	90.900000
1557266568	90.900000
1557267463	90.900000
1557268365	91.300000
1557269265	90.900000
1557270169	91.500000
1557271068	91.600000
1557271966	91.700000
1557272865	91.700000
1557273764	91.700000
1557274664	90.900000
1557275562	90.900000
1557276468	90.900000
1557277366	90.900000
1557278268	91.500000
1557280064	91.500000
1557280970	91.200000
1557281875	91.200000
1557282764	91.200000
1557283666	91.200000
1557284567	91.600000
1557285467	91.600000
1557286365	91.600000
1557287265	91.600000
1557288170	91.100000
1557289068	90.800000
1557289963	91.100000
1557290864	91.100000
1557291767	90.800000
1557292663	90.800000
1557293563	91.300000
1557294467	91.300000
1557295364	91.500000
1557296268	91.500000
1557297167	91.500000
1557298064	91.500000
1557298968	91.500000
1557299863	91.500000
1557300764	91.500000
1557301663	89.800000
1557302578	91.100000
1557303465	90.700000
1557304362	90.700000
1557305263	90.700000
1557306142	91.100000
1557307069	90.700000
1557307964	89.100000
1557308863	64.000000
1557309766	64.000000
1557310664	64.000000
1557311563	64.000000
1557312463	80.500000
1557313369	88.500000
1557314270	87.700000
1557315166	87.700000
1557316064	88.500000
1557316967	91.200000
1557317863	91.200000
1557318769	91.600000
1557319664	91.200000
1557320569	91.200000
1557321464	91.500000
1557322364	91.200000
1557323263	91.200000
1557324173	91.200000
1557325063	91.200000
1557325963	91.200000
1557326865	80.800000
1557327769	79.200000
1557328680	79.200000
1557329562	91.100000
1557330463	91.100000
1557331368	91.500000
1557332262	91.500000
1557333165	91.500000
1557334070	89.200000
1557334973	89.200000
1557335870	89.200000
1557336763	90.900000
1557337663	91.200000
1557338568	91.200000
1557339464	90.900000
1557340363	85.400000
1557341271	73.100000
1557342168	73.100000
1557343064	85.400000
1557343964	89.800000
1557344863	91.300000
1557345768	91.300000
1557346665	91.600000
1557347564	89.800000
1557348465	88.100000
1557349367	86.200000
1557350264	88.100000
1557351164	88.100000
1557352065	91.100000
1557352942	91.100000
1557353865	91.100000
1557354764	91.100000
1557355662	91.100000
1557356543	90.900000
1557357464	90.800000
1557358366	90.800000
1557359268	90.800000
1557360166	91.200000
1557361063	91.200000
1557361966	91.300000
1557362863	91.200000
1557363766	90.800000
1557364665	90.800000
1557365565	91.300000
1557366464	90.900000
1557367363	90.900000
1557368264	91.000000
1557369165	90.900000
1557370063	90.900000
1557370967	90.700000
1557371865	91.000000
1557372764	91.000000
1557373665	91.500000
1557374565	91.200000
1557375463	91.200000
1557376363	91.200000
1557377264	91.400000
1557378167	91.200000
1557379065	91.400000
1557379965	91.400000
1557380864	91.400000
1557381769	91.300000
1557382666	91.300000
1557383566	91.300000
1557384463	90.800000
1557385377	90.700000
1557386263	90.800000
1557387164	91.200000
1557388065	90.800000
1557388967	90.900000
1557389864	91.200000
1557390765	91.200000
1557391664	91.300000
1557392571	91.400000
1557393464	91.400000
1557394367	91.400000
1557395265	91.400000
1557396172	91.200000
1557397063	91.000000
1557397964	90.400000
1557398863	90.400000
1557399767	90.400000
1557400673	88.600000
1557401564	88.600000
1557402469	88.600000
1557403366	78.300000
1557404262	77.100000
1557405167	78.300000
1557406064	80.700000
1557406968	79.400000
1557407869	80.700000
1557408766	84.000000
1557409664	84.000000
1557410566	84.000000
1557411478	84.500000
1557412365	84.000000
1557413266	84.500000
1557414166	91.500000
1557415064	84.500000
1557415963	75.700000
1557416867	90.800000
1557417766	79.700000
1557418665	79.700000
1557419563	90.300000
1557420467	90.300000
1557421379	81.800000
1557422296	81.800000
1557423198	1.940000
1557424063	1.940000
1557424965	1.940000
1557425862	48.200000
1557426764	56.100000
1557427664	70.000000
1557428566	77.500000
1557429468	77.500000
1557430376	72.100000
1557431264	72.100000
1557432168	76.100000
1557433063	76.100000
1557433964	79.700000
1557434874	80.100000
1557435779	80.100000
1557436663	79.700000
1557437572	79.500000
1557438467	79.000000
1557439378	77.300000
1557440282	48.500000
1557441164	76.100000
1557442063	76.100000
1557442969	76.100000
1557443865	76.500000
1557444764	79.600000
1557445664	79.600000
1557446565	79.600000
1557447466	79.400000
1557448366	79.400000
1557449266	79.400000
1557450171	80.000000
1557451069	79.400000
1557451973	80.000000
1557452873	80.200000
1557453775	80.000000
1557454665	79.200000
1557455574	79.800000
1557456442	79.800000
1557457372	79.800000
1557458265	79.900000
1557459164	79.900000
1557460063	79.900000
1557460966	79.800000
1557461863	79.800000
1557462772	79.800000
1557463665	79.800000
1557464568	79.600000
1557465463	79.300000
1557466366	78.400000
1557467263	58.500000
1557468165	58.500000
1557469065	58.500000
1557469965	75.200000
1557470864	80.100000
1557471765	80.100000
1557472663	80.100000
1557473570	79.900000
1557474469	79.900000
1557475370	79.500000
1557476263	79.800000
1557477164	79.500000
1557478065	79.800000
1557478967	79.500000
1557479864	75.700000
1557480772	75.700000
1557481667	79.600000
1557482568	76.800000
1557483465	79.400000
1557484363	79.600000
1557485264	79.600000
1557486169	79.400000
1557487063	79.400000
1557487963	80.200000
1557488864	76.700000
1557489766	76.700000
1557490665	79.400000
1557491565	79.400000
1557492463	76.100000
1557493368	76.100000
1557494264	73.800000
1557495171	73.700000
1557496064	73.700000
1557496969	73.700000
1557497870	78.700000
1557498765	78.700000
1557499675	79.900000
1557500570	78.700000
1557501468	78.500000
1557502366	78.100000
1557503264	73.000000
1557504173	73.000000
1557505065	77.200000
1557505965	77.200000
1557506866	79.700000
1557507765	79.700000
1557508663	79.700000
1557509568	79.200000
1557510464	79.200000
1557511366	78.400000
1557512263	78.400000
1557513167	79.900000
1557514063	79.900000
1557514969	79.900000
1557515865	80.300000
1557516764	79.900000
1557517665	80.300000
1557518565	80.300000
1557519464	80.000000
1557520363	80.000000
1557521263	80.000000
1557522166	79.700000
1557523065	79.700000
1557523970	79.700000
1557524863	77.100000
1557525769	79.700000
1557526663	79.400000
1557527563	79.400000
1557528465	79.400000
1557529366	80.000000
1557530262	80.000000
1557531164	80.000000
1557532063	79.700000
1557532966	80.000000
1557533864	80.000000
1557534765	80.000000
1557535667	80.100000
1557536570	80.100000
1557537465	80.300000
1557538367	80.300000
1557539263	80.300000
1557540164	80.300000
1557541063	80.800000
1557541965	80.800000
1557542863	80.500000
1557543765	79.900000
1557544664	79.900000
1557546463	79.900000
1557547365	70.800000
1557548265	77.700000
1557549164	77.700000
1557550072	80.300000
1557550965	80.100000
1557551862	80.100000
1557552763	80.300000
1557553664	80.100000
1557554571	80.100000
1557556364	80.200000
1557557263	80.300000
1557558165	80.300000
1557559064	80.300000
1557559965	80.300000
1557560865	80.300000
1557561770	78.900000
1557562663	78.900000
1557563566	80.300000
1557564464	78.900000
1557565365	80.600000
1557566263	80.600000
1557567163	80.600000
1557568064	80.400000
1557568968	80.600000
1557569865	80.400000
1557570765	80.300000
1557571664	80.300000
1557572565	80.300000
1557573463	80.300000
1557575267	80.300000
1557576167	80.000000
1557577063	80.000000
1557578864	80.000000
1557579768	80.000000
1557580662	80.000000
1557581562	79.800000
1557582464	79.800000
1557583365	80.000000
1557585164	80.100000
1557586065	80.100000
1557586968	80.100000
1557587863	79.800000
1557589675	79.800000
1557590566	79.400000
1557591442	79.400000
1557593264	79.300000
1557594169	79.300000
1557595063	75.500000
1557595964	71.700000
1557596864	79.200000
1557597769	79.200000
1557598664	74.100000
1557599564	74.500000
1557600464	79.200000
1557601365	74.500000
1557602269	74.500000
1557603163	79.200000
1557604065	79.200000
1557604965	77.000000
1557605863	77.000000
1557606764	72.600000
1557607663	72.600000
1557608569	37.700000
1557609465	37.700000
1557610366	61.900000
1557611263	76.500000
1557612165	61.900000
1557613072	61.900000
1557613963	36.700000
1557614863	36.700000
1557615769	36.700000
1557616665	79.500000
1557617564	79.600000
1557618462	79.600000
1557619367	79.600000
1557620264	79.600000
1557621163	80.200000
1557622064	79.200000
1557622965	79.200000
1557623864	79.200000
1557624771	80.600000
1557625663	79.300000
1557626563	79.800000
1557627469	79.800000
1557628364	80.800000
1557629264	80.600000
1557630167	80.600000
1557631064	80.600000
1557631963	79.300000
1557632864	79.300000
1557633742	53.600000
1557634664	53.600000
1557635565	63.000000
1557636472	80.600000
1557637373	79.800000
1557638264	80.300000
1557639167	80.300000
1557640064	80.300000
1557640968	79.800000
1557641863	80.300000
1557642765	80.200000
1557643662	80.200000
1557644566	80.200000
1557645462	80.200000
1557646363	80.200000
1557647282	79.400000
1557648165	79.400000
1557649064	80.300000
1557649964	80.300000
1557650863	80.300000
1557651771	80.300000
1557652677	80.300000
1557653562	80.100000
1557654464	80.100000
1557655366	80.100000
1557656264	80.100000
1557657186	80.100000
1557658064	80.100000
1557658965	80.400000
1557659865	80.600000
1557660764	80.600000
1557661670	79.500000
1557662542	80.200000
1557663464	80.200000
1557664364	79.300000
1557665264	79.300000
1557666165	80.200000
1557667063	80.100000
1557667966	79.300000
1557668864	79.700000
1557669767	80.100000
1557670663	79.700000
1557671563	54.000000
1557672463	79.700000
1557673342	80.400000
1557674263	68.900000
1557675162	70.700000
1557676065	79.800000
1557676966	79.800000
1557677864	79.800000
1557678763	79.800000
1557679665	80.300000
1557680565	80.300000
1557681463	80.300000
1557682365	80.300000
1557683265	80.300000
1557684168	80.000000
1557685065	79.100000
1557685963	79.100000
1557686870	78.600000
1557687765	79.100000
1557688664	79.400000
1557689565	79.400000
1557690465	76.100000
1557691367	78.600000
1557692262	78.600000
1557693164	78.600000
1557694066	78.600000
1557694966	79.300000
1557695865	79.300000
1557696766	79.300000
1557697663	80.100000
1557698565	71.300000
1557699463	71.300000
1557700364	79.900000
1557701264	79.900000
1557702188	79.900000
1557703063	79.900000
1557703966	79.700000
1557704863	76.000000
1557705766	77.900000
1557706663	76.000000
1557707566	77.900000
1557708463	76.000000
1557709366	62.000000
1557710265	62.000000
1557711164	62.000000
1557712064	62.000000
1557712967	75.900000
1557713872	79.500000
1557714762	75.900000
1557715663	75.900000
1557716542	70.900000
1557717464	70.900000
1557718364	70.900000
1557719264	79.200000
1557720168	79.200000
1557721064	79.200000
1557721965	79.800000
1557722862	79.800000
1557723765	76.700000
1557724664	79.900000
1557725565	79.900000
1557726465	79.900000
1557727366	79.900000
1557728263	80.500000
1557729163	80.500000
1557730065	79.400000
1557730973	79.400000
1557731866	79.500000
1557732765	79.500000
1557733663	79.500000
1557734568	79.500000
1557735471	72.400000
1557736364	72.400000
1557737263	47.200000
1557738165	72.400000
