time bw
1557237784	91.300000
1557238682	91.450000
1557239585	91.600000
1557240481	91.700000
1557241382	91.800000
1557242260	91.900000
1557243183	91.900000
1557244083	91.900000
1557244960	91.900000
1557245880	91.900000
1557247681	91.900000
1557248589	91.700000
1557249482	91.900000
1557250381	91.700000
1557251281	91.700000
1557252185	91.900000
1557253082	92.000000
1557253983	91.900000
1557254891	91.900000
1557255783	91.900000
1557256681	91.700000
1557257580	91.700000
1557258481	91.700000
1557259385	91.900000
1557260281	91.900000
1557261181	91.900000
1557262084	91.900000
1557262986	91.600000
1557263880	91.600000
1557264782	91.600000
1557265681	91.600000
1557266585	91.600000
1557267481	91.900000
1557268382	91.900000
1557269282	91.900000
1557270186	91.900000
1557271086	91.900000
1557271984	91.900000
1557272883	91.900000
1557273782	91.900000
1557274681	91.900000
1557275579	91.900000
1557276485	91.900000
1557277383	91.900000
1557278286	91.500000
1557280081	91.500000
1557280988	91.500000
1557281892	91.500000
1557282782	91.500000
1557283683	91.500000
1557284585	91.600000
1557285485	91.500000
1557286383	91.600000
1557287283	91.600000
1557288187	91.600000
1557289086	91.500000
1557289981	91.800000
1557290881	91.500000
1557291784	91.800000
1557292680	91.800000
1557293581	91.800000
1557294484	91.600000
1557295382	91.800000
1557296285	91.900000
1557297184	91.900000
1557298082	91.900000
1557298986	91.900000
1557299880	91.900000
1557300781	91.500000
1557301680	91.300000
1557302595	91.300000
1557303482	91.300000
1557304380	91.300000
1557305280	91.600000
1557306160	91.600000
1557307087	91.800000
1557307981	91.600000
1557308881	91.600000
1557309784	91.600000
1557310681	91.600000
1557311580	91.400000
1557312481	91.300000
1557313386	91.300000
1557314287	91.300000
1557315184	91.300000
1557316081	91.300000
1557316985	91.900000
1557317881	91.900000
1557318787	91.800000
1557319681	91.600000
1557320586	91.800000
1557321481	91.800000
1557322381	91.800000
1557323280	91.600000
1557324191	91.600000
1557325081	91.600000
1557325981	91.600000
1557326882	91.700000
1557327786	91.700000
1557328698	91.700000
1557329580	91.700000
1557330480	91.700000
1557331386	91.800000
1557332280	91.900000
1557333182	91.900000
1557334087	91.800000
1557334990	91.600000
1557335888	91.600000
1557336780	91.600000
1557337680	91.600000
1557338585	91.800000
1557339481	91.800000
1557340381	91.800000
1557341289	91.800000
1557342186	91.800000
1557343082	91.700000
1557343981	91.800000
1557344881	91.300000
1557345785	91.300000
1557346683	91.300000
1557347582	91.300000
1557348482	91.200000
1557349385	91.200000
1557350281	91.200000
1557351181	91.400000
1557352082	91.600000
1557352959	91.800000
1557353882	91.700000
1557354781	91.700000
1557355680	92.000000
1557356561	92.000000
1557357481	91.800000
1557358383	91.800000
1557359286	91.700000
1557360183	91.700000
1557361081	91.200000
1557361983	91.200000
1557362880	91.600000
1557363783	91.600000
1557364683	91.600000
1557365582	91.600000
1557366481	91.600000
1557367380	91.900000
1557368282	91.900000
1557369182	91.300000
1557370080	91.600000
1557370985	91.600000
1557371883	91.600000
1557372782	91.600000
1557373683	91.700000
1557374582	91.700000
1557375480	91.600000
1557376381	91.700000
1557377282	91.700000
1557378185	91.700000
1557379083	91.700000
1557379982	91.900000
1557380881	91.700000
1557381787	91.700000
1557382683	91.700000
1557383583	91.700000
1557384481	91.700000
1557385394	91.700000
1557386281	91.800000
1557387181	91.800000
1557388082	91.800000
1557388984	91.800000
1557389882	91.800000
1557390782	91.800000
1557391681	91.900000
1557392588	91.900000
1557393481	91.900000
1557394385	91.900000
1557395282	91.800000
1557396189	91.800000
1557397080	91.400000
1557397981	91.700000
1557398880	91.200000
1557399784	91.200000
1557400690	90.600000
1557401581	90.600000
1557402486	90.600000
1557403383	90.900000
1557404280	91.300000
1557405185	91.300000
1557406081	91.300000
1557406986	91.300000
1557407886	91.300000
1557408783	91.900000
1557409682	91.900000
1557410583	91.700000
1557411496	92.000000
1557412383	92.000000
1557413283	91.700000
1557414183	91.400000
1557415081	91.400000
1557415980	91.400000
1557416884	91.400000
1557417784	91.400000
1557418683	91.300000
1557419581	91.800000
1557420484	91.800000
1557421399	91.300000
1557422318	91.100000
1557423222	1.530000
1557424081	1.530000
1557424983	1.530000
1557425880	69.500000
1557426782	91.600000
1557427681	91.600000
1557428583	91.600000
1557429485	91.600000
1557430393	91.600000
1557431281	91.600000
1557432185	91.400000
1557433080	91.900000
1557433981	91.900000
1557434892	91.900000
1557435797	91.900000
1557436680	91.900000
1557437589	91.900000
1557438484	91.900000
1557439397	91.800000
1557440301	91.500000
1557441181	91.500000
1557442080	91.800000
1557442986	91.000000
1557443882	91.900000
1557444781	91.900000
1557445681	91.900000
1557446583	91.900000
1557447483	91.900000
1557448384	91.800000
1557449283	91.800000
1557450188	91.800000
1557451086	91.800000
1557451990	91.900000
1557452891	91.900000
1557453793	91.900000
1557454682	91.900000
1557455591	91.900000
1557456459	91.900000
1557457389	91.900000
1557458282	91.900000
1557459182	91.900000
1557460081	91.900000
1557460984	91.900000
1557461881	91.900000
1557462790	91.600000
1557463682	91.900000
1557464585	91.600000
1557465481	91.600000
1557466383	91.700000
1557467280	91.700000
1557468183	91.700000
1557469082	91.700000
1557469983	91.700000
1557470882	91.700000
1557471783	91.700000
1557472681	91.700000
1557473587	91.100000
1557474487	91.100000
1557475387	91.100000
1557476281	91.100000
1557477181	91.100000
1557478082	91.700000
1557478985	91.100000
1557479881	91.700000
1557480789	91.700000
1557481685	91.400000
1557482586	91.200000
1557483483	91.200000
1557484381	91.200000
1557485282	91.200000
1557486186	91.200000
1557487080	91.500000
1557487980	91.700000
1557488881	91.500000
1557489783	91.500000
1557490682	91.500000
1557491582	91.700000
1557492480	91.100000
1557493385	91.800000
1557494281	91.800000
1557495188	91.800000
1557496082	91.500000
1557496986	91.500000
1557497887	91.500000
1557498783	91.500000
1557499692	91.500000
1557500587	91.000000
1557501485	91.000000
1557502384	91.800000
1557503281	91.800000
1557504190	91.900000
1557505082	91.900000
1557505982	91.100000
1557506884	91.000000
1557507783	91.100000
1557508681	91.000000
1557509586	91.100000
1557510481	91.100000
1557511384	91.300000
1557512280	91.300000
1557513185	91.500000
1557514081	91.500000
1557514986	91.500000
1557515883	91.500000
1557516781	91.300000
1557517682	91.300000
1557518583	91.000000
1557519481	91.000000
1557520380	91.000000
1557521280	91.100000
1557522183	91.100000
1557523083	91.100000
1557523988	91.300000
1557524880	91.400000
1557525786	91.400000
1557526681	91.400000
1557527581	91.400000
1557528482	91.400000
1557529384	91.400000
1557530280	91.500000
1557531181	91.500000
1557532080	91.400000
1557532984	91.400000
1557533881	91.400000
1557534782	91.400000
1557535684	91.400000
1557536587	91.400000
1557537483	91.400000
1557538384	91.400000
1557539280	91.400000
1557540182	91.500000
1557541080	91.700000
1557541982	91.700000
1557542880	91.700000
1557543783	91.600000
1557544682	91.600000
1557546481	91.600000
1557547383	91.600000
1557548282	91.600000
1557549182	91.600000
1557550089	90.800000
1557550982	91.400000
1557551879	91.400000
1557552781	91.600000
1557553682	91.600000
1557554589	91.600000
1557556381	91.600000
1557557280	91.600000
1557558183	91.400000
1557559081	91.400000
1557559982	91.500000
1557560882	91.400000
1557561787	91.500000
1557562680	91.600000
1557563583	91.600000
1557564481	91.600000
1557565383	91.900000
1557566281	91.900000
1557567181	91.900000
1557568082	91.900000
1557568985	91.900000
1557569882	91.900000
1557570782	91.900000
1557571681	91.900000
1557572583	91.400000
1557573480	91.400000
1557575285	91.600000
1557576185	91.800000
1557577080	91.800000
1557578881	91.800000
1557579786	91.800000
1557580680	91.500000
1557581579	91.500000
1557582481	91.500000
1557583383	91.700000
1557585181	91.700000
1557586083	91.700000
1557586986	91.400000
1557587881	91.400000
1557589692	91.400000
1557590584	91.600000
1557591460	91.800000
1557593282	91.800000
1557594187	91.800000
1557595081	91.600000
1557595981	91.400000
1557596881	91.400000
1557597787	91.400000
1557598681	91.400000
1557599582	91.700000
1557600481	91.700000
1557601383	91.700000
1557602286	91.700000
1557603180	91.800000
1557604083	91.800000
1557604983	91.800000
1557605880	91.800000
1557606781	91.800000
1557607681	91.500000
1557608586	91.500000
1557609482	91.600000
1557610383	91.600000
1557611281	91.900000
1557612182	91.900000
1557613089	91.900000
1557613981	91.900000
1557614880	91.900000
1557615786	91.500000
1557616683	91.500000
1557617581	91.800000
1557618480	91.800000
1557619385	91.800000
1557620282	91.800000
1557621180	91.800000
1557622082	91.900000
1557622983	91.900000
1557623881	91.900000
1557624789	92.000000
1557625681	92.000000
1557626581	92.000000
1557627487	91.600000
1557628381	91.600000
1557629282	91.600000
1557630185	91.900000
1557631082	91.900000
1557631981	91.900000
1557632882	91.900000
1557633760	92.000000
1557634682	91.800000
1557635582	92.000000
1557636490	91.800000
1557637391	91.800000
1557638281	91.800000
1557639185	91.700000
1557640082	91.200000
1557640986	91.300000
1557641881	91.300000
1557642783	91.300000
1557643680	91.300000
1557644583	91.300000
1557645480	91.600000
1557646381	91.600000
1557647300	91.200000
1557648183	91.600000
1557649081	91.800000
1557649981	91.800000
1557650881	91.600000
1557651788	91.600000
1557652695	91.500000
1557653580	91.500000
1557654481	91.500000
1557655383	91.500000
1557656281	91.600000
1557657203	91.600000
1557658082	91.500000
1557658984	91.600000
1557659882	91.600000
1557660781	91.600000
1557661687	91.900000
1557662560	91.900000
1557663481	91.900000
1557664381	91.900000
1557665281	91.900000
1557666182	91.900000
1557667081	91.900000
1557667984	91.900000
1557668882	91.600000
1557669785	91.500000
1557670681	91.500000
1557671581	91.500000
1557672480	91.600000
1557673360	91.600000
1557674280	91.600000
1557675179	91.600000
1557676082	91.600000
1557676984	91.600000
1557677881	91.400000
1557678781	91.400000
1557679683	91.400000
1557680583	91.700000
1557681481	91.700000
1557682383	91.700000
1557683282	91.500000
1557684185	91.500000
1557685082	91.500000
1557685980	91.400000
1557686887	91.500000
1557687782	91.300000
1557688682	91.300000
1557689582	91.300000
1557690482	91.800000
1557691385	91.300000
1557692280	91.700000
1557693181	91.100000
1557694084	91.700000
1557694984	91.500000
1557695882	91.700000
1557696783	91.500000
1557697681	91.700000
1557698583	91.600000
1557699481	91.700000
1557700382	91.600000
1557701281	91.600000
1557702206	91.200000
1557703080	91.200000
1557703985	91.200000
1557704881	91.600000
1557705783	91.700000
1557706681	91.700000
1557707583	91.700000
1557708481	91.900000
1557709384	91.900000
1557710282	91.900000
1557711181	91.900000
1557712081	91.900000
1557712985	91.900000
1557713889	91.900000
1557714780	91.400000
1557715680	91.400000
1557716560	91.400000
1557717481	91.400000
1557718381	91.400000
1557719282	91.400000
1557720186	91.800000
1557721082	91.800000
1557721982	91.800000
1557722880	91.800000
1557723783	91.800000
1557724681	91.800000
1557725582	91.400000
1557726483	91.400000
1557727383	91.400000
1557728281	91.600000
1557729181	91.900000
1557730083	92.000000
1557730990	92.000000
1557731884	91.900000
1557732783	91.800000
1557733680	91.800000
1557734586	91.800000
1557735489	91.600000
1557736381	91.400000
1557737280	91.700000
1557738182	91.700000
