time ms
1568844520	17.607000
1568844580	18.230000
1568844640	17.607000
1568844701	17.736000
1568844760	17.607000
1568844820	17.531000
1568844880	17.492000
1568844942	17.531000
1568845001	17.492000
1568845063	17.531000
1568845123	17.817000
1568845181	17.817000
1568845240	17.578000
1568845300	17.578000
1568845422	17.578000
1568845480	17.578000
1568845540	17.660000
1568845662	17.660000
1568845721	17.660000
1568845780	17.572000
1568845842	17.572000
1568845901	17.557000
1568845963	17.557000
1568846023	17.770000
1568846080	17.770000
1568846202	17.592000
1568846261	24.086000
1568846320	17.592000
1568846380	17.540000
1568846504	17.540000
1568846561	17.483000
1568846620	17.483000
1568846680	17.483000
1568846745	17.574000
1568846801	17.509000
1568846864	17.721000
1568846924	18.496000
1568846980	18.496000
1568847102	25.002000
1568847161	25.002000
1568847220	17.575000
1568847280	17.512000
1568847402	17.512000
1568847460	17.512000
1568847520	17.532000
1568847580	17.532000
1568847645	17.555000
1568847700	17.532000
1568847764	17.580000
1568847823	18.051000
1568847881	18.051000
1568847940	17.428000
1568848000	26.096000
1568848060	17.452000
1568848120	17.428000
1568848180	17.428000
1568848240	17.452000
1568848300	17.452000
1568848360	17.455000
1568848420	17.567000
1568848544	17.572000
1568848601	17.572000
1568848664	17.572000
1568848723	17.867000
1568848781	17.867000
1568848840	19.948000
1568848900	23.628000
1568849034	19.948000
1568849080	17.559000
1568849213	17.559000
1568849260	17.495000
1568849320	17.495000
1568849381	17.495000
1568849441	17.511000
1568849502	17.630000
1568849623	17.666000
1568849679	17.694000
1568849740	17.774000
1568849800	17.774000
1568849922	20.281000
1568849980	17.774000
1568850040	17.806000
1568850162	17.625000
1568850220	17.508000
1568850280	17.458000
1568850341	17.508000
1568850401	17.458000
1568850463	17.458000
1568850522	17.608000
1568850582	17.649000
1568850640	17.649000
1568850700	17.649000
1568850761	17.546000
1568850820	17.493000
1568850880	17.493000
1568850940	17.493000
1568851062	17.561000
1568851120	17.561000
1568851180	17.561000
1568851247	17.521000
1568851301	17.441000
1568851423	17.441000
1568851480	17.521000
1568851540	17.478000
1568851600	17.520000
1568851660	17.520000
1568851720	17.520000
1568851842	17.520000
1568851901	17.541000
1568851960	17.541000
1568852020	17.541000
1568852156	17.541000
1568852200	17.507000
1568852324	17.507000
1568852379	17.507000
1568852442	17.501000
1568852502	17.485000
1568852561	17.474000
1568852620	17.474000
1568852680	17.474000
1568852740	17.485000
1568852863	17.505000
1568852920	17.505000
1568852980	17.453000
1568853042	17.505000
1568853101	17.505000
1568853222	19.710000
1568853279	19.710000
1568853402	19.710000
1568853460	17.870000
1568853520	17.618000
1568853580	17.505000
1568853702	17.488000
1568853760	17.488000
1568853821	17.488000
1568853880	17.488000
1568854000	17.764000
1568854063	20.387000
1568854124	22.461000
1568854181	22.461000
1568854241	22.461000
1568854301	17.804000
1568854360	17.717000
1568854420	17.614000
1568854542	17.614000
1568854601	17.486000
1568854660	17.481000
1568854720	17.479000
1568854780	17.449000
1568854845	17.449000
1568854901	17.440000
1568854962	17.449000
1568855024	17.482000
1568855082	17.482000
1568855140	17.482000
1568855262	17.573000
1568855321	17.573000
1568855380	17.573000
1568855440	17.610000
1568855500	17.573000
1568855623	17.610000
1568855681	17.552000
1568855742	17.681000
1568855800	17.552000
1568855865	17.681000
1568855921	17.681000
1568855980	17.749000
1568856102	18.388000
1568856161	18.388000
1568856220	17.749000
1568856282	17.716000
1568856402	17.716000
1568856461	17.716000
1568856520	17.860000
1568856656	21.349000
1568856701	21.349000
1568856762	21.349000
1568856821	17.860000
1568856882	17.437000
1568856940	17.437000
1568857063	17.467000
1568857120	17.467000
1568857180	17.476000
1568857302	17.532000
1568857361	17.653000
1568857420	17.653000
1568857480	17.653000
1568857600	17.863000
1568857663	17.863000
1568857724	17.863000
1568857780	17.863000
1568857902	17.863000
1568857961	17.413000
1568858020	17.413000
1568858080	17.413000
1568858141	17.496000
1568858200	17.506000
1568858260	17.542000
1568858382	17.544000
1568858443	17.542000
1568858501	17.544000
1568858564	17.555000
1568858622	17.555000
1568858682	17.494000
1568858740	17.555000
1568858862	17.566000
1568858921	17.433000
1568858980	17.416000
1568859041	17.566000
1568859100	17.416000
1568859160	17.416000
1568859220	17.416000
1568859280	17.435000
1568859400	17.435000
1568859461	17.437000
1568859524	17.481000
1568859581	17.495000
1568859640	17.537000
1568859700	17.537000
1568859760	17.495000
1568859820	17.463000
1568859882	17.463000
1568860026	17.463000
1568860060	17.463000
1568860120	17.463000
1568860180	17.471000
1568860300	17.471000
1568860364	17.471000
1568860423	17.501000
1568860481	17.501000
1568860541	17.501000
1568860600	17.422000
1568860660	17.422000
1568860720	17.422000
1568860842	17.423000
1568860900	17.517000
1568861022	17.569000
1568861080	17.569000
1568861142	17.569000
1568861200	17.558000
1568861323	17.558000
1568861380	17.558000
1568861441	17.558000
1568861501	17.590000
1568861562	17.590000
1568861620	17.448000
1568861743	17.448000
1568861801	17.448000
1568861860	17.448000
1568861995	17.454000
1568862044	17.458000
1568862101	17.570000
1568862163	18.071000
1568862224	18.071000
1568862280	18.071000
1568862402	23.741000
1568862460	23.741000
1568862520	18.040000
1568862654	17.515000
1568862700	17.515000
1568862760	17.501000
1568862820	17.501000
1568862880	17.501000
1568863000	17.501000
1568863061	17.503000
1568863122	17.504000
1568863184	17.504000
1568863240	17.723000
1568863300	18.550000
1568863360	17.723000
1568863420	17.511000
1568863480	17.511000
1568863602	17.494000
1568863661	17.406000
1568863720	17.406000
1568863780	17.406000
1568863901	17.406000
1568863966	17.589000
1568864022	18.532000
1568864081	18.532000
1568864140	18.532000
1568864262	17.789000
1568864321	17.577000
1568864380	17.577000
1568864503	17.577000
1568864561	17.647000
1568864682	17.647000
1568864741	17.757000
1568864801	17.647000
1568864863	17.857000
1568864924	18.312000
1568864981	18.312000
1568865041	17.734000
1568865100	17.734000
1568865160	17.706000
1568865282	17.532000
1568865340	17.532000
1568865462	17.532000
1568865521	17.500000
1568865580	17.500000
1568865643	17.753000
1568865700	17.753000
1568865764	17.753000
1568865824	18.747000
1568865881	18.747000
1568865940	17.563000
1568866000	17.563000
1568866134	17.563000
1568866181	17.474000
1568866240	17.474000
1568866300	17.617000
1568866361	17.617000
1568866482	17.535000
1568866541	17.617000
1568866601	17.740000
1568866663	17.896000
1568866724	18.055000
1568866781	18.055000
1568866840	17.896000
1568866900	17.543000
1568866960	17.460000
1568867020	17.460000
1568867080	17.463000
1568867141	17.463000
1568867262	17.537000
1568867320	17.537000
1568867446	17.581000
1568867501	17.618000
1568867565	19.014000
1568867624	27.047000
1568867680	27.047000
1568867740	27.047000
1568867862	17.633000
1568867920	17.617000
1568868042	17.617000
1568868101	17.617000
1568868160	17.617000
1568868282	17.755000
1568868400	17.755000
1568868462	17.761000
1568868521	19.905000
1568868580	19.905000
1568868640	17.807000
1568868700	17.807000
1568868834	17.624000
1568868880	17.534000
1568869002	17.534000
1568869061	17.534000
1568869120	17.534000
1568869257	17.539000
1568869301	17.539000
1568869364	17.539000
1568869423	22.746000
1568869481	22.746000
1568869540	17.550000
1568869601	17.550000
1568869722	17.522000
1568869780	17.492000
1568869841	17.491000
1568869962	17.449000
1568870020	17.449000
1568870080	17.416000
1568870201	17.409000
1568870266	17.409000
1568870320	17.620000
1568870382	17.620000
1568870440	17.620000
1568870500	17.620000
1568870634	17.544000
1568870681	17.521000
1568870740	17.471000
1568870801	17.521000
1568870934	17.521000
1568870980	17.545000
1568871100	17.545000
1568871222	17.547000
1568871280	17.545000
1568871340	17.547000
1568871474	17.588000
1568871521	17.776000
1568871580	17.588000
1568871641	17.588000
1568871774	17.588000
1568871820	17.776000
1568871880	17.563000
1568872000	17.407000
1568872064	19.043000
1568872123	23.947000
1568872179	17.475000
1568872241	17.475000
1568872301	17.816000
1568872360	17.475000
1568872420	17.475000
1568872481	17.555000
1568872602	17.571000
1568872660	17.571000
1568872720	17.571000
1568872857	18.864000
1568872901	18.864000
1568872964	21.079000
1568873021	18.174000
1568873081	18.174000
1568873140	17.866000
1568873200	18.039000
1568873260	17.566000
1568873382	17.478000
1568873441	17.478000
1568873500	17.488000
1568873560	17.478000
1568873620	17.480000
1568873681	17.488000
1568873742	17.550000
1568873800	17.553000
1568873863	17.575000
1568873923	18.680000
1568873980	18.680000
1568874114	17.743000
1568874161	18.435000
1568874220	17.743000
1568874342	17.743000
1568874400	17.728000
1568874460	17.728000
1568874582	17.583000
1568874700	17.583000
1568874760	17.583000
1568874823	17.579000
1568874884	17.506000
1568874940	17.511000
1568875001	17.511000
1568875062	17.511000
1568875120	17.521000
1568875180	17.556000
1568875241	17.584000
1568875300	17.584000
1568875360	17.584000
1568875420	17.584000
1568875480	17.584000
1568875600	17.527000
1568875664	17.698000
1568875724	17.715000
1568875781	17.715000
1568875902	17.597000
1568875960	17.597000
1568876083	17.597000
1568876141	17.496000
1568876200	17.597000
1568876260	17.517000
1568876382	17.530000
1568876501	17.530000
1568876560	17.543000
1568876682	17.543000
1568876740	17.543000
1568876800	17.607000
1568876864	17.938000
1568876982	17.607000
1568877040	17.493000
1568877100	17.449000
1568877160	17.449000
1568877220	17.433000
1568877344	17.449000
1568877401	17.463000
1568877464	17.472000
1568877521	17.472000
1568877581	17.613000
1568877640	17.613000
1568877700	17.613000
1568877822	17.603000
1568877880	17.603000
1568877940	17.462000
1568878062	17.552000
1568878121	17.552000
1568878180	17.721000
1568878302	17.568000
1568878364	18.068000
1568878421	18.880000
1568878479	18.068000
1568878541	17.612000
1568878601	18.082000
1568878660	17.612000
1568878720	17.525000
1568878842	17.612000
1568878901	17.525000
1568878960	17.501000
1568879020	17.489000
1568879080	17.489000
1568879200	17.489000
1568879264	17.557000
1568879323	17.925000
1568879381	18.765000
1568879441	18.765000
1568879501	18.765000
1568879561	18.171000
1568879682	17.676000
1568879740	17.594000
1568879874	17.557000
1568879920	17.557000
1568879980	17.517000
1568880041	17.518000
1568880101	17.517000
1568880164	17.518000
1568880224	17.518000
1568880281	24.057000
1568880340	24.057000
1568880400	24.057000
1568880522	18.408000
1568880580	17.614000
1568880702	17.490000
1568880760	17.536000
1568880820	17.490000
1568880880	17.536000
1568880943	17.536000
1568881000	17.536000
1568881063	17.725000
1568881122	18.033000
1568881179	21.882000
1568881241	21.882000
1568881301	21.882000
1568881361	17.711000
1568881420	17.630000
1568881481	17.559000
1568881602	17.559000
1568881660	17.458000
1568881720	17.419000
1568881855	17.419000
1568881900	17.419000
1568882023	17.729000
1568882080	17.729000
1568882202	17.729000
1568882260	17.539000
1568882320	17.539000
1568882380	17.539000
1568882502	17.537000
1568882561	17.537000
1568882620	17.530000
1568882756	17.530000
1568882800	17.530000
1568882865	17.800000
1568882922	20.607000
1568882979	20.607000
1568883103	17.800000
1568883161	17.507000
1568883221	17.507000
1568883280	17.500000
1568883340	17.467000
1568883463	17.500000
1568883520	17.509000
1568883581	17.522000
1568883701	17.566000
1568883764	17.566000
1568883823	22.195000
1568883881	22.195000
1568883940	22.195000
1568884000	17.534000
1568884122	17.534000
1568884181	17.534000
1568884240	17.529000
1568884301	17.579000
1568884422	17.579000
1568884480	17.519000
1568884543	17.519000
1568884600	17.612000
1568884665	17.612000
1568884723	19.228000
1568884780	19.228000
1568884841	19.228000
1568884900	17.654000
1568884960	17.562000
1568885082	17.438000
1568885141	17.438000
1568885200	17.436000
1568885322	17.438000
1568885380	17.502000
1568885501	17.502000
1568885562	17.502000
1568885623	17.907000
1568885682	17.907000
1568885741	17.525000
1568885800	17.555000
1568885860	17.555000
1568885920	17.525000
1568886042	17.555000
1568886100	17.570000
1568886160	17.570000
1568886282	17.570000
1568886341	18.581000
1568886400	18.581000
1568886461	19.375000
1568886521	19.375000
1568886581	18.937000
1568886640	17.763000
1568886700	17.763000
1568886760	17.593000
1568886882	17.593000
1568886940	17.574000
1568887062	17.541000
1568887120	17.574000
1568887313	17.595000
1568887378	17.595000
1568887447	17.595000
1568887508	18.200000
1568887521	18.200000
1568887541	17.616000
1568887663	17.614000
1568887720	17.614000
1568887842	17.601000
1568887901	17.613000
1568887960	17.459000
1568888082	17.459000
1568888143	17.461000
1568888202	17.503000
1568888263	17.503000
1568888321	17.503000
1568888382	18.062000
1568888440	17.577000
1568888502	17.577000
1568888560	17.577000
1568888620	17.577000
1568888742	17.577000
1568888800	17.571000
1568888860	17.571000
1568888920	17.571000
1568889054	17.953000
1568889100	17.461000
1568889221	17.461000
1568889282	17.584000
1568889340	17.510000
1568889400	17.510000
1568889522	17.569000
1568889580	17.584000
1568889714	17.569000
1568889761	17.651000
1568889821	17.569000
1568889880	17.417000
1568890000	17.417000
1568890062	17.558000
1568890123	17.558000
1568890180	17.558000
1568890240	17.773000
1568890300	17.773000
1568890360	17.605000
1568890420	17.605000
1568890481	17.605000
1568890540	17.604000
1568890600	17.604000
1568890722	17.669000
1568890781	17.604000
1568890843	17.557000
1568890900	17.557000
1568890965	17.557000
1568891024	17.557000
1568891080	17.525000
1568891202	17.593000
1568891261	17.593000
1568891321	17.540000
1568891442	17.540000
1568891500	17.540000
1568891560	17.540000
1568891682	17.532000
1568891742	17.563000
1568891801	17.554000
1568891862	20.745000
1568891921	21.253000
1568891980	21.253000
1568892041	17.629000
1568892162	17.629000
1568892220	17.479000
1568892280	17.479000
1568892340	17.479000
1568892462	17.536000
1568892520	17.536000
1568892581	17.546000
1568892642	17.546000
1568892701	17.512000
1568892763	17.512000
1568892824	17.691000
1568892879	17.512000
1568892942	17.569000
1568893000	18.958000
1568893060	17.569000
1568893120	17.569000
1568893180	17.573000
1568893303	17.576000
1568893360	17.573000
1568893420	17.573000
1568893544	17.567000
1568893601	17.563000
1568893663	17.563000
1568893722	17.567000
1568893781	17.567000
1568893840	17.558000
1568893962	17.558000
1568894020	17.558000
1568894080	17.558000
1568894202	17.648000
1568894260	17.648000
1568894382	17.648000
1568894444	17.494000
1568894500	17.453000
1568894620	17.453000
1568894680	17.494000
1568894741	17.494000
1568894800	17.499000
1568894860	17.499000
1568894920	17.499000
1568895043	17.509000
1568895101	17.509000
1568895161	17.509000
1568895220	17.509000
1568895356	17.534000
1568895400	17.502000
1568895464	17.534000
1568895521	19.072000
1568895581	19.072000
1568895640	17.605000
1568895762	19.072000
1568895821	17.605000
1568895954	17.532000
1568896000	17.532000
1568896122	17.532000
1568896180	17.454000
1568896243	17.454000
1568896301	17.454000
1568896366	17.454000
1568896423	17.870000
1568896481	17.870000
1568896541	17.611000
1568896600	18.118000
1568896660	17.611000
1568896720	17.580000
1568896847	17.580000
1568896901	17.550000
1568896960	17.550000
1568897020	17.552000
1568897080	17.552000
1568897141	17.562000
1568897201	17.562000
1568897263	17.562000
1568897321	17.785000
1568897381	17.785000
1568897440	17.610000
1568897500	17.610000
1568897560	17.610000
1568897694	17.559000
1568897740	17.607000
1568897861	17.591000
1568897920	17.607000
1568897980	17.591000
1568898100	17.598000
1568898163	17.598000
1568898223	17.624000
1568898280	17.598000
1568898341	17.617000
1568898401	17.617000
1568898461	17.517000
1568898594	17.517000
1568898640	17.517000
1568898700	17.499000
1568898760	17.499000
1568898820	17.495000
1568898880	17.450000
1568899000	17.450000
1568899064	17.497000
1568899123	17.497000
1568899179	20.423000
1568899241	20.423000
1568899300	20.423000
1568899362	17.531000
1568899482	17.485000
1568899541	17.464000
1568899600	17.464000
1568899661	17.485000
1568899782	17.546000
1568899901	17.578000
1568899960	17.578000
1568900020	17.546000
1568900142	17.578000
1568900200	17.491000
1568900334	17.480000
1568900381	17.491000
1568900441	17.453000
1568900500	17.453000
1568900560	17.511000
1568900620	17.511000
1568900755	17.574000
1568900801	17.673000
1568900862	17.834000
1568900922	17.834000
1568900983	17.834000
1568901040	17.798000
1568901100	17.624000
1568901161	17.624000
1568901221	17.616000
1568901280	17.616000
1568901402	17.598000
1568901461	17.598000
1568901520	17.477000
1568901580	17.477000
1568901701	17.622000
1568901762	17.665000
1568901824	17.668000
1568901883	17.668000
1568902002	17.668000
1568902060	17.513000
1568902120	17.513000
1568902180	17.513000
1568902240	17.484000
1568902374	17.484000
1568902420	17.484000
1568902480	17.471000
1568902542	17.471000
1568902600	17.471000
1568902663	19.980000
1568902723	22.936000
1568902781	22.936000
1568902840	19.980000
1568902900	17.461000
1568902960	17.461000
1568903020	17.461000
1568903142	17.491000
1568903201	17.491000
1568903260	17.513000
1568903321	17.540000
1568903380	17.513000
1568903501	17.511000
1568903563	17.513000
1568903623	17.937000
1568903680	17.514000
1568903802	17.514000
1568903860	17.554000
1568903920	17.554000
1568904042	17.514000
1568904100	17.521000
1568904160	17.521000
1568904220	17.521000
1568904280	17.521000
1568904343	17.587000
1568904401	20.442000
1568904464	20.590000
1568904523	22.007000
1568904580	22.007000
1568904640	22.007000
1568904700	17.564000
1568904821	17.541000
1568904880	17.491000
1568905001	17.541000
1568905060	17.554000
1568905120	17.554000
1568905180	17.554000
1568905242	17.554000
1568905301	17.545000
1568905361	17.545000
1568905420	17.528000
1568905481	17.517000
1568905541	17.528000
1568905601	17.583000
1568905660	17.583000
1568905782	17.583000
1568905844	17.616000
1568905900	17.583000
1568906022	17.616000
1568906080	17.554000
1568906201	17.523000
1568906265	17.523000
1568906322	17.523000
1568906384	17.505000
1568906440	17.482000
1568906501	17.461000
1568906622	17.461000
1568906680	17.461000
1568906741	17.492000
1568906862	17.527000
1568906920	17.585000
1568907056	17.655000
1568907101	17.527000
1568907164	18.868000
1568907224	20.714000
1568907279	20.714000
1568907340	17.492000
1568907400	17.564000
1568907460	17.492000
1568907581	17.468000
1568907640	17.457000
1568907762	17.457000
1568907820	17.434000
1568907944	17.457000
1568908000	17.516000
1568908063	17.610000
1568908123	17.600000
1568908184	17.600000
1568908241	17.600000
1568908304	17.790000
1568908423	17.600000
1568908481	17.584000
1568908541	17.584000
1568908600	17.584000
1568908660	17.584000
1568908782	17.568000
1568908844	17.568000
1568908900	18.149000
1568909021	17.568000
1568909081	17.568000
1568909141	17.568000
1568909200	17.568000
1568909260	17.568000
1568909382	17.574000
1568909441	17.574000
1568909500	17.501000
1568909561	17.501000
1568909620	17.450000
1568909744	17.450000
1568909800	17.500000
1568909921	17.500000
1568909982	17.523000
1568910041	17.538000
1568910100	17.555000
1568910160	17.572000
1568910282	17.572000
1568910340	17.783000
1568910462	17.783000
1568910520	17.669000
1568910580	17.669000
1568910700	17.565000
1568910764	17.565000
1568910824	17.669000
1568910880	17.565000
1568910940	17.478000
1568911062	17.745000
1568911121	17.646000
1568911180	17.478000
1568911240	17.478000
1568911361	17.606000
1568911425	17.442000
1568911480	17.432000
1568911542	17.432000
1568911601	17.606000
1568911662	17.617000
1568911721	17.830000
1568911781	19.338000
1568911840	19.338000
1568911900	19.338000
1568911961	17.595000
1568912020	17.575000
1568912080	17.511000
1568912140	17.529000
1568912200	17.511000
1568912260	17.498000
1568912320	17.498000
1568912457	17.498000
1568912501	17.498000
1568912563	17.656000
1568912624	21.657000
1568912680	21.657000
1568912802	17.656000
1568912861	17.570000
1568912920	17.570000
1568913042	17.570000
1568913101	17.570000
1568913160	17.586000
1568913221	17.586000
1568913357	17.600000
1568913401	17.586000
1568913464	17.586000
1568913524	21.349000
1568913581	21.349000
1568913640	17.567000
1568913761	17.711000
1568913820	17.493000
1568913880	17.493000
1568913940	17.711000
1568914000	17.711000
1568914060	17.468000
1568914181	17.518000
1568914242	17.518000
1568914301	17.468000
1568914364	17.518000
1568914421	17.578000
1568914483	17.578000
1568914540	17.466000
1568914600	17.466000
1568914721	17.466000
1568914780	17.466000
1568914841	17.476000
1568914901	17.510000
1568914960	17.510000
1568915021	17.510000
1568915155	17.518000
1568915201	17.518000
1568915323	17.582000
1568915379	17.629000
1568915441	17.629000
1568915501	17.629000
1568915560	21.040000
1568915620	17.629000
1568915680	17.616000
1568915740	17.507000
1568915800	17.476000
1568915860	17.476000
1568915982	17.476000
1568916044	17.507000
1568916100	17.476000
1568916221	17.538000
1568916282	17.538000
1568916340	17.538000
1568916463	17.550000
1568916520	17.550000
1568916642	17.550000
1568916701	17.509000
1568916760	17.489000
1568916820	17.489000
1568916973	17.489000
1568917096	17.489000
1568917217	17.467000
1568917271	17.545000
1568917394	17.467000
1568917453	17.467000
1568917513	17.464000
1568917574	17.464000
1568917633	17.464000
1568917693	17.484000
1568917753	17.498000
1568917874	17.527000
1568917934	17.498000
1568917993	17.550000
1568918057	17.498000
1568918114	17.435000
1568918174	17.435000
1568918213	17.677000
1568918261	17.595000
1568918320	17.595000
1568918442	17.595000
1568918500	17.532000
1568918621	17.527000
1568918680	17.504000
1568918743	17.504000
1568918801	17.527000
1568918865	17.528000
1568918921	17.552000
1568918982	17.552000
1568919041	17.528000
1568919100	17.520000
1568919160	17.520000
1568919220	17.443000
1568919354	17.520000
1568919400	17.541000
1568919460	17.704000
1568919520	17.704000
1568919657	18.279000
1568919701	18.279000
1568919763	22.070000
1568919823	22.070000
1568919880	22.070000
1568919940	17.802000
1568920000	17.802000
1568920134	17.780000
1568920181	17.780000
1568920240	17.636000
1568920362	17.636000
1568920421	17.780000
1568920481	17.574000
1568920601	17.574000
1568920661	17.768000
1568920724	17.768000
1568920785	17.574000
1568920841	17.563000
1568920900	17.495000
1568920960	17.495000
1568921020	17.474000
1568921142	17.474000
1568921200	17.511000
1568921261	17.553000
1568921320	17.511000
1568921380	17.553000
1568921442	17.676000
1568921500	17.553000
1568921563	17.837000
1568921623	17.910000
1568921679	17.837000
1568921740	17.603000
1568921861	17.680000
1568921920	17.680000
1568922042	17.680000
1568922100	17.789000
1568922221	17.789000
1568922281	17.789000
1568922341	18.042000
1568922400	17.580000
1568922465	17.580000
1568922521	18.042000
1568922580	18.042000
1568922702	17.692000
1568922760	17.856000
1568922820	17.692000
1568922881	17.692000
1568922940	17.784000
1568923062	17.784000
1568923120	17.580000
1568923257	17.784000
1568923301	17.510000
1568923365	17.510000
1568923424	21.374000
1568923480	21.374000
1568923540	17.557000
1568923600	17.961000
1568923722	17.557000
1568923781	17.557000
1568923840	17.763000
1568923900	17.763000
1568923960	17.585000
1568924020	17.585000
1568924080	17.579000
1568924200	17.454000
1568924262	17.454000
1568924321	17.579000
1568924379	17.775000
1568924441	17.775000
1568924501	17.775000
1568924561	17.775000
1568924620	17.736000
1568924742	17.580000
1568924801	17.494000
1568924860	17.580000
1568924920	17.476000
1568924980	17.566000
1568925100	17.560000
1568925164	17.566000
1568925221	17.566000
1568925282	17.566000
1568925340	17.560000
1568925400	17.494000
1568925460	17.494000
1568925582	17.487000
1568925640	17.494000
1568925700	17.494000
1568925760	17.507000
1568925820	17.507000
1568925957	18.100000
1568926001	18.100000
1568926124	19.871000
1568926181	19.871000
1568926240	17.589000
1568926362	17.589000
1568926421	17.665000
1568926481	17.589000
1568926540	17.515000
1568926600	17.590000
1568926661	17.515000
1568926782	17.504000
1568926901	17.515000
1568926960	17.459000
1568927020	17.459000
1568927080	17.747000
1568927202	17.770000
1568927260	17.747000
1568927320	17.747000
1568927381	17.647000
1568927440	17.504000
1568927562	17.504000
1568927620	17.504000
1568927680	17.492000
1568927741	17.745000
1568927800	17.745000
1568927862	17.847000
1568927923	17.847000
1568927980	18.159000
1568928041	18.159000
1568928100	18.623000
1568928160	18.159000
1568928220	17.663000
1568928280	17.499000
1568928340	17.513000
1568928462	17.499000
1568928521	17.499000
1568928580	17.487000
1568928701	17.455000
1568928764	17.455000
1568928821	17.487000
1568928880	17.558000
1568928940	17.726000
1568929000	17.726000
1568929134	17.558000
1568929181	17.531000
1568929302	17.510000
1568929360	17.474000
1568929482	17.474000
1568929542	17.500000
1568929600	17.500000
1568929723	17.500000
1568929780	17.516000
1568929901	17.647000
1568929960	17.651000
1568930020	17.651000
1568930080	17.647000
1568930140	17.474000
1568930200	17.463000
1568930322	17.451000
1568930380	17.463000
1568930443	17.474000
1568930501	17.505000
1568930562	17.668000
1568930623	17.933000
1568930680	17.933000
1568930740	17.668000
1568930862	18.320000
1568930920	17.678000
1568930980	17.678000
1568931102	17.893000
1568931161	17.893000
1568931220	17.893000
1568931280	17.893000
1568931400	17.945000
1568931461	17.945000
1568931521	17.945000
1568931580	17.847000
1568931641	17.879000
1568931700	17.864000
1568931834	17.864000
1568931881	17.864000
1568931941	17.879000
1568932000	18.028000
1568932060	18.028000
1568932120	17.897000
1568932180	17.897000
1568932301	17.897000
1568932363	17.897000
1568932423	18.100000
1568932480	18.100000
1568932540	18.100000
1568932600	18.051000
1568932734	17.832000
1568932781	17.695000
1568932841	17.695000
1568932906	17.695000
1568932966	32.552000
1568933023	32.552000
1568933080	32.552000
1568933141	24.849000
1568933201	18.936000
1568933263	18.936000
1568933324	18.988000
1568933383	18.936000
1568933440	17.799000
1568933501	17.799000
1568933560	17.799000
1568933682	17.799000
1568933740	17.799000
1568933800	17.711000
1568933860	17.810000
1568933920	17.509000
1568934057	17.509000
1568934100	17.791000
1568934162	18.021000
1568934223	20.872000
1568934280	20.872000
1568934340	17.791000
1568934462	17.822000
1568934520	17.618000
1568934643	17.505000
1568934701	17.569000
1568934760	17.569000
1568934820	17.569000
1568934880	17.569000
1568935000	17.569000
1568935063	17.633000
1568935122	17.633000
1568935182	17.482000
1568935240	17.482000
1568935300	17.487000
1568935422	17.487000
1568935480	17.509000
1568935603	17.509000
1568935660	17.509000
1568935720	17.590000
1568935780	17.509000
1568935841	17.558000
1568935901	17.558000
1568935963	17.558000
1568936021	17.468000
1568936082	17.558000
1568936141	17.477000
1568936200	17.477000
1568936260	17.477000
1568936320	17.477000
1568936380	17.467000
1568936502	17.467000
1568936561	17.507000
1568936620	17.561000
1568936756	18.028000
1568936801	18.028000
1568936865	22.006000
1568936922	22.917000
1568936981	22.006000
1568937040	17.550000
1568937100	17.550000
1568937160	17.549000
1568937220	17.548000
1568937281	17.469000
1568937402	17.469000
1568937460	17.469000
1568937520	17.527000
1568937656	17.698000
1568937700	17.698000
1568937765	17.698000
1568937822	22.404000
1568937880	22.404000
1568937940	17.363000
1568938000	17.519000
1568938121	17.519000
1568938180	17.519000
1568938240	17.549000
1568938362	18.277000
1568938420	18.277000
1568938480	18.277000
1568938541	17.651000
1568938601	17.469000
1568938663	17.469000
1568938723	17.651000
1568938780	17.651000
1568938840	17.480000
1568938900	17.480000
1568939022	17.480000
1568939081	17.480000
1568939140	17.547000
1568939200	17.547000
1568939260	17.548000
1568939320	17.588000
1568939380	17.548000
1568939443	17.496000
1568939501	17.488000
1568939621	17.488000
1568939682	17.488000
1568939740	17.488000
1568939862	17.538000
1568939920	17.553000
1568940042	17.553000
1568940101	17.553000
1568940161	17.553000
1568940220	17.553000
1568940280	17.450000
1568940341	17.568000
1568940400	17.508000
1568940522	17.568000
1568940581	17.783000
1568940640	17.783000
1568940700	17.523000
1568940834	17.783000
1568940880	17.523000
1568940940	17.488000
1568941062	17.523000
1568941121	17.488000
1568941180	17.488000
1568941301	17.475000
1568941363	18.091000
1568941423	18.091000
1568941481	18.091000
1568941602	17.527000
1568941660	17.761000
1568941782	17.527000
1568941841	17.527000
1568941900	17.523000
1568941960	17.750000
1568942082	17.750000
1568942201	17.750000
1568942264	17.750000
1568942320	17.750000
1568942380	17.539000
1568942440	17.478000
1568942501	17.500000
1568942560	17.500000
1568942620	17.523000
1568942742	17.516000
1568942800	17.523000
1568942864	17.529000
1568942921	17.523000
1568943057	17.529000
1568943101	17.529000
1568943164	17.692000
1568943223	22.396000
1568943280	22.396000
1568943414	17.526000
1568943460	17.526000
1568943594	17.526000
1568943640	17.526000
1568943701	17.475000
1568943760	17.519000
1568943820	17.519000
1568943944	17.519000
1568944001	17.475000
1568944063	17.519000
1568944124	17.685000
1568944179	21.991000
1568944240	21.991000
1568944300	21.991000
1568944360	17.511000
1568944482	17.501000
1568944541	17.501000
1568944600	17.511000
1568944660	17.418000
1568944720	17.550000
1568944857	17.583000
1568944900	17.583000
1568944965	17.583000
1568945022	21.166000
1568945081	22.870000
1568945140	22.870000
1568945200	22.870000
1568945322	17.499000
1568945380	17.442000
1568945440	17.442000
1568945500	17.442000
1568945622	17.442000
1568945681	17.442000
1568945742	17.483000
1568945800	17.483000
1568945920	17.590000
1568945979	17.833000
1568946041	17.833000
1568946100	17.590000
1568946160	17.833000
1568946293	17.833000
1568946340	17.524000
1568946462	17.524000
1568946520	17.524000
1568946580	17.524000
1568946641	17.524000
1568946701	17.522000
1568946761	17.541000
1568946821	17.753000
1568946880	17.753000
1568946940	17.517000
1568947000	17.512000
1568947121	17.512000
1568947180	17.418000
1568947240	17.452000
1568947362	17.512000
1568947420	17.452000
1568947480	17.440000
1568947601	17.452000
1568947664	17.580000
1568947721	17.659000
1568947780	17.659000
1568947902	17.794000
1568947965	17.794000
1568948021	17.704000
1568948142	17.704000
1568948200	17.704000
1568948260	17.643000
1568948320	17.704000
1568948381	17.992000
1568948444	17.781000
1568948500	17.781000
1568948563	18.380000
1568948623	18.380000
1568948682	17.781000
1568948740	17.717000
1568948800	17.717000
1568948860	17.671000
1568948920	17.538000
1568948980	17.460000
1568949040	17.424000
1568949161	17.371000
1568949220	17.371000
1568949343	17.460000
1568949400	17.534000
1568949523	17.566000
1568949582	17.584000
1568949640	17.566000
1568949700	17.566000
1568949760	17.465000
1568949820	17.465000
1568949880	17.441000
1568949940	17.465000
1568950062	17.508000
1568950121	17.545000
1568950180	17.545000
1568950241	18.095000
1568950300	18.095000
1568950362	18.095000
1568950421	17.459000
1568950483	17.504000
1568950541	17.504000
1568950662	17.519000
1568950720	17.504000
1568950842	17.519000
1568950900	17.567000
1568950960	17.766000
1568951020	17.766000
1568951080	17.766000
1568951155	17.766000
1568951201	17.766000
1568951261	20.035000
1568951323	20.909000
1568951381	20.909000
1568951440	17.525000
1568951500	17.648000
1568951634	17.648000
1568951680	17.564000
1568951802	17.618000
1568951860	17.618000
1568951994	17.564000
1568952101	17.564000
1568952160	17.611000
1568952220	17.545000
1568952342	17.611000
1568952400	17.611000
1568952460	17.545000
1568952520	17.483000
1568952580	17.483000
1568952640	17.472000
1568952700	17.472000
1568952761	17.472000
1568952820	17.498000
1568952880	17.485000
1568953001	17.737000
1568953064	17.737000
1568953120	18.015000
1568953180	18.015000
1568953302	18.015000
1568953360	17.823000
1568953420	17.601000
1568953480	17.601000
1568953540	17.601000
1568953600	17.578000
1568953660	17.578000
1568953782	17.578000
1568953842	17.578000
1568953901	17.454000
1568953965	17.584000
1568954024	17.723000
1568954080	17.723000
1568954144	17.634000
1568954201	17.634000
1568954322	17.559000
1568954380	17.559000
1568954502	17.485000
1568954561	17.485000
1568954620	17.485000
1568954680	17.439000
1568954800	17.436000
1568954861	17.436000
1568954924	17.538000
1568954980	17.664000
1568955041	17.664000
1568955162	26.595000
1568955220	18.539000
1568955280	17.664000
1568955340	17.594000
1568955400	17.594000
1568955460	17.436000
1568955520	17.424000
1568955580	17.424000
1568955700	17.424000
1568955764	17.520000
1568955824	17.898000
1568955880	17.898000
1568956002	26.358000
1568956061	26.358000
1568956120	17.657000
1568956180	17.657000
1568956240	17.517000
1568956362	17.517000
1568956421	17.732000
1568956480	17.732000
1568956600	17.632000
1568956665	17.732000
1568956723	17.732000
1568956781	17.632000
1568956840	20.146000
1568956900	24.030000
1568956960	20.146000
1568957020	17.566000
1568957154	17.566000
1568957200	17.460000
1568957260	17.460000
1568957382	17.460000
1568957442	17.527000
1568957500	17.527000
1568957564	17.975000
1568957622	17.975000
1568957680	17.975000
1568957802	19.493000
1568957861	19.493000
1568957920	17.987000
1568957980	17.478000
1568958102	17.668000
1568958160	17.668000
1568958220	17.553000
1568958280	17.553000
1568958343	17.553000
1568958401	17.553000
1568958463	17.553000
1568958524	17.680000
1568958580	17.680000
1568958702	17.680000
1568958761	17.599000
1568958820	17.561000
1568958880	17.561000
1568959002	17.599000
1568959061	17.599000
1568959120	17.463000
1568959180	17.660000
1568959301	17.660000
1568959365	17.814000
1568959425	18.339000
1568959479	18.893000
1568959602	18.339000
1568959660	18.339000
1568959782	17.910000
1568959840	17.595000
1568959900	17.578000
1568959960	17.578000
1568960020	17.595000
1568960080	17.578000
1568960141	17.578000
1568960200	17.703000
1568960261	17.783000
1568960321	17.703000
1568960380	17.703000
1568960440	17.614000
1568960501	17.518000
1568960622	17.512000
1568960680	17.480000
1568960740	17.480000
1568960862	17.512000
1568960920	17.538000
1568961043	17.676000
1568961100	17.728000
1568961161	17.879000
1568961223	23.959000
1568961280	23.959000
1568961340	23.959000
1568961462	18.213000
1568961520	17.842000
1568961580	17.749000
1568961640	17.731000
1568961766	17.731000
1568961820	17.444000
1568961881	17.402000
1568961941	17.402000
1568962000	17.402000
1568962063	20.107000
1568962124	27.275000
1568962181	27.275000
1568962241	27.275000
1568962300	18.282000
1568962434	17.585000
1568962481	17.462000
1568962540	17.466000
1568962600	17.462000
1568962722	17.422000
1568962780	17.462000
1568962842	17.466000
1568962901	17.375000
1568962962	18.057000
1568963021	18.446000
1568963080	18.057000
1568963202	17.604000
1568963260	17.604000
1568963321	17.604000
1568963380	17.604000
1568963440	17.486000
1568963500	17.837000
1568963560	17.837000
1568963620	17.766000
1568963756	17.766000
1568963800	17.766000
1568963924	17.766000
1568963980	18.166000
1568964114	18.166000
1568964160	18.001000
1568964220	18.001000
1568964280	17.959000
1568964402	17.959000
1568964460	17.959000
1568964520	17.959000
1568964580	17.966000
1568964642	18.249000
1568964700	18.249000
1568964764	19.653000
1568964821	18.249000
1568964882	17.688000
1568964940	17.571000
1568965000	17.642000
1568965121	17.642000
1568965180	17.688000
1568965302	17.655000
1568965361	17.710000
1568965420	17.710000
1568965480	17.710000
1568965541	17.710000
1568965601	17.710000
1568965663	18.101000
1568965722	26.060000
1568965780	18.101000
1568965840	17.574000
1568965962	17.574000
1568966020	17.574000
1568966080	17.574000
1568966140	17.601000
1568966200	17.601000
1568966322	17.601000
1568966380	17.601000
1568966443	17.648000
1568966501	17.648000
1568966622	17.728000
1568966680	17.728000
1568966802	17.770000
1568966861	17.770000
1568966920	17.538000
1568966980	17.538000
1568967040	17.426000
1568967162	17.426000
1568967220	17.493000
1568967280	17.626000
1568967402	17.493000
1568967460	17.626000
1568967521	17.827000
1568967580	18.206000
1568967640	18.416000
1568967700	18.416000
1568967760	18.206000
1568967882	17.711000
1568967940	17.683000
1568968000	17.667000
1568968060	17.667000
1568968194	17.667000
1568968242	18.136000
1568968301	19.022000
1568968361	19.282000
1568968420	19.282000
1568968480	20.476000
1568968540	20.476000
1568968662	20.476000
1568968720	19.993000
1568968781	19.386000
1568968902	19.386000
1568968960	19.904000
1568969082	19.386000
1568969142	19.386000
1568969200	18.966000
1568969262	18.479000
1568969323	18.479000
1568969380	18.966000
1568969502	18.479000
1568969560	18.479000
1568969620	18.211000
1568969743	18.211000
1568969800	18.211000
1568969860	18.571000
1568969925	18.996000
1568969980	19.204000
1568970100	19.204000
1568970163	20.404000
1568970222	20.843000
1568970280	20.843000
1568970340	20.640000
1568970400	20.640000
1568970521	19.728000
1568970580	18.498000
1568970641	18.498000
1568970700	18.498000
1568970760	18.498000
1568970820	19.160000
1568970881	19.160000
1568971001	19.160000
1568971064	18.703000
1568971123	19.160000
1568971181	18.703000
1568971240	19.506000
1568971305	18.703000
1568971434	19.506000
1568971480	19.506000
1568971602	19.703000
1568971660	19.703000
1568971782	19.703000
1568971843	19.282000
1568971901	18.849000
1568971963	18.849000
1568972024	19.282000
1568972079	18.315000
1568972140	22.482000
1568972274	22.482000
1568972320	20.013000
1568972380	19.503000
1568972441	19.503000
1568972561	18.267000
1568972620	18.267000
1568972681	17.530000
1568972801	18.017000
1568972862	18.017000
1568972922	18.017000
1568972983	17.751000
1568973041	17.751000
1568973100	17.751000
1568973160	17.751000
1568973281	18.015000
1568973340	18.015000
1568973462	18.799000
1568973520	18.799000
1568973580	17.518000
1568973644	17.518000
1568973700	17.833000
1568973762	17.833000
1568973824	18.259000
1568973880	19.073000
1568973940	19.073000
1568974000	19.073000
1568974121	19.073000
1568974180	18.414000
1568974241	18.095000
1568974301	18.095000
1568974423	17.995000
1568974480	17.735000
1568974600	17.735000
1568974661	18.509000
1568974725	18.509000
1568974784	19.299000
1568974841	20.270000
1568974900	20.270000
1568975022	20.270000
1568975081	20.270000
1568975140	20.225000
1568975262	19.448000
1568975321	20.225000
1568975380	18.939000
1568975500	18.939000
1568975562	18.939000
1568975620	20.571000
1568975680	18.859000
1568975803	27.550000
1568975861	27.550000
1568975920	18.588000
1568975980	18.588000
1568976040	18.588000
1568976100	18.163000
1568976222	17.657000
1568976280	17.522000
1568976342	17.522000
1568976400	17.657000
1568976524	17.677000
1568976580	17.677000
1568976640	18.156000
1568976786	17.798000
1568976820	17.798000
1568976880	17.537000
1568977002	17.537000
1568977062	17.537000
1568977120	17.537000
1568977180	17.512000
1568977301	17.799000
1568977364	17.885000
1568977422	17.933000
1568977482	20.253000
1568977540	20.253000
1568977600	20.253000
1568977660	18.806000
1568977720	18.790000
1568977780	18.186000
1568977914	18.031000
1568977960	18.031000
1568978020	17.503000
1568978080	17.485000
1568978141	17.485000
1568978201	17.485000
1568978263	17.485000
1568978322	17.624000
1568978380	21.960000
1568978445	21.960000
1568978500	21.960000
1568978560	17.527000
1568978620	17.527000
1568978681	17.494000
1568978814	17.494000
1568978860	17.494000
1568978920	17.511000
1568979044	17.511000
1568979101	17.511000
1568979164	17.546000
1568979225	18.167000
1568979280	18.167000
1568979415	17.955000
1568979460	17.955000
1568979520	17.533000
1568979642	17.533000
1568979700	17.497000
1568979760	17.497000
1568979820	17.497000
1568979880	17.530000
1568980000	17.482000
1568980063	17.530000
1568980124	17.530000
1568980180	17.530000
1568980240	17.482000
1568980363	17.526000
1568980421	17.459000
1568980480	17.419000
1568980540	17.459000
1568980600	17.474000
1568980722	17.474000
1568980781	17.474000
1568980844	17.533000
1568980901	17.675000
1568980963	21.978000
1568981024	22.533000
1568981081	22.533000
1568981141	21.978000
1568981200	17.687000
1568981260	17.687000
1568981320	17.687000
1568981380	17.687000
1568981502	17.687000
1568981560	17.949000
1568981621	17.863000
1568981680	17.589000
1568981801	17.589000
1568981863	17.863000
1568981924	17.863000
1568981980	17.974000
1568982041	17.974000
1568982100	17.974000
1568982164	17.630000
1568982220	17.539000
1568982280	17.539000
1568982340	17.630000
1568982400	17.539000
1568982522	17.539000
1568982581	17.729000
1568982642	17.882000
1568982700	17.617000
1568982762	17.940000
1568982822	27.003000
1568982882	17.940000
1568982940	17.617000
1568983074	17.610000
1568983121	17.610000
1568983180	17.493000
1568983240	17.610000
1568983363	17.610000
1568983421	17.434000
1568983481	17.434000
1568983541	17.570000
1568983601	17.570000
1568983664	17.914000
1568983720	18.794000
1568983780	23.017000
1568983840	23.017000
1568983962	23.017000
1568984020	18.234000
1568984080	18.026000
1568984202	18.026000
1568984260	18.026000
1568984320	18.026000
1568984380	18.131000
1568984445	18.131000
1568984500	18.088000
1568984563	18.131000
1568984625	18.088000
1568984681	18.058000
1568984740	17.589000
1568984862	17.521000
1568984920	17.520000
1568985042	17.443000
1568985100	17.451000
1568985160	17.451000
1568985220	17.486000
1568985280	17.486000
1568985401	17.931000
1568985460	21.225000
1568985521	21.225000
1568985583	20.997000
1568985640	18.075000
1568985700	18.075000
1568985822	17.892000
1568985881	17.458000
1568985941	17.458000
1568986000	17.435000
1568986122	17.458000
1568986181	17.489000
1568986242	17.789000
1568986300	17.489000
1568986363	17.789000
1568986421	17.789000
1568986479	17.789000
1568986541	17.588000
1568986603	17.588000
1568986660	17.558000
1568986720	17.510000
1568986842	17.510000
1568986901	17.506000
1568986960	17.506000
1568987082	17.506000
1568987141	17.570000
1568987200	17.570000
1568987263	19.203000
1568987322	19.203000
1568987379	17.570000
1568987441	17.547000
1568987500	17.458000
1568987561	17.458000
1568987682	17.458000
1568987740	17.488000
1568987800	17.488000
1568987921	17.493000
1568987980	17.493000
1568988100	17.561000
1568988162	17.614000
1568988222	17.623000
1568988281	17.614000
1568988340	17.614000
1568988462	18.046000
1568988520	17.463000
1568988580	17.463000
1568988640	17.728000
1568988774	17.984000
1568988821	17.984000
1568988880	17.984000
1568988942	17.728000
1568989001	17.708000
1568989063	17.708000
1568989124	17.708000
1568989181	17.704000
1568989240	17.499000
1568989301	17.509000
1568989422	17.509000
1568989481	17.509000
1568989541	18.235000
1568989600	18.235000
1568989661	18.235000
1568989782	17.909000
1568989901	17.667000
1568989960	17.667000
1568990082	17.909000
1568990141	17.909000
1568990200	18.010000
1568990322	18.010000
1568990380	18.010000
1568990440	17.762000
1568990562	17.679000
1568990620	17.677000
1568990680	17.679000
1568990800	17.679000
1568990864	18.870000
1568990924	19.512000
1568990980	19.512000
1568991040	18.870000
1568991100	18.069000
1568991233	18.053000
1568991280	17.538000
1568991402	17.437000
1568991460	17.437000
1568991520	17.437000
1568991580	17.454000
1568991644	17.614000
1568991701	17.828000
1568991763	17.890000
1568991825	18.675000
1568991880	18.675000
1568991940	18.675000
1568992000	23.412000
1568992134	18.594000
1568992181	17.881000
1568992240	17.703000
1568992362	17.703000
1568992420	17.547000
1568992544	17.547000
1568992601	17.547000
1568992663	17.715000
1568992721	17.836000
1568992780	18.241000
1568992840	18.241000
1568992962	19.526000
1568993021	18.241000
1568993080	17.696000
1568993140	17.696000
1568993200	17.696000
1568993260	17.696000
1568993320	17.495000
1568993444	17.642000
1568993501	17.642000
1568993563	17.753000
1568993623	18.122000
1568993679	18.122000
1568993741	18.122000
1568993800	17.509000
1568993860	17.509000
1568993920	17.438000
1568994042	17.438000
1568994099	17.503000
1568994160	17.503000
1568994220	17.427000
1568994279	17.503000
1568994343	17.580000
1568994401	17.580000
1568994463	17.580000
1568994524	17.719000
1568994579	19.219000
1568994641	25.200000
1568994701	25.200000
1568994760	19.219000
1568994820	18.600000
1568994954	17.764000
1568995000	17.542000
1568995060	17.542000
1568995183	17.526000
1568995244	17.542000
1568995300	17.542000
1568995423	18.114000
1568995480	17.830000
1568995540	17.830000
1568995662	17.637000
1568995720	17.766000
1568995842	17.637000
1568995900	17.455000
1568995960	17.455000
1568996020	17.599000
1568996080	17.499000
1568996201	17.599000
1568996261	17.771000
1568996324	17.771000
1568996384	18.307000
1568996440	18.307000
1568996500	18.307000
1568996560	17.928000
1568996620	17.678000
1568996741	17.545000
1568996800	17.535000
1568996860	17.535000
1568996920	17.535000
1568996980	17.577000
1568997041	17.577000
1568997100	17.879000
1568997162	17.879000
1568997220	17.879000
1568997280	17.879000
1568997402	18.073000
1568997460	18.073000
1568997582	18.073000
1568997640	18.073000
1568997762	18.236000
1568997821	18.236000
1568997880	18.236000
1568998000	18.236000
1568998064	18.236000
1568998122	20.778000
1568998180	20.778000
1568998240	20.778000
1568998300	17.656000
1568998360	17.644000
1568998420	17.644000
1568998542	17.644000
1568998601	17.539000
1568998660	17.644000
1568998720	17.495000
1568998845	17.495000
1568998900	17.792000
1568998962	17.941000
1568999024	18.212000
1568999080	18.212000
1568999203	18.212000
1568999261	17.979000
1568999320	17.524000
1568999380	17.516000
1568999440	17.516000
1568999563	17.683000
1568999621	17.516000
1568999681	17.435000
1568999742	17.683000
1568999800	17.745000
1568999923	17.745000
1568999980	17.990000
1569000102	17.990000
1569000160	17.982000
1569000283	17.982000
1569000340	17.708000
1569000400	17.673000
1569000460	17.673000
1569000593	17.645000
1569000641	17.645000
1569000700	17.645000
1569000762	17.932000
1569000824	18.125000
1569000882	18.125000
1569000940	17.932000
1569001000	17.643000
1569001122	17.559000
1569001180	17.559000
1569001240	17.643000
1569001301	17.659000
1569001360	17.709000
1569001482	17.967000
1569001542	17.945000
1569001600	17.967000
1569001723	18.934000
1569001780	18.934000
1569001840	17.945000
1569001900	18.164000
1569001960	17.825000
1569002020	17.765000
1569002080	17.440000
1569002140	17.440000
1569002262	17.440000
1569002320	17.440000
1569002380	17.428000
1569002500	17.442000
1569002562	17.442000
1569002621	17.442000
1569002682	17.766000
1569002741	17.766000
1569002800	17.766000
1569002860	17.715000
1569002920	17.452000
1569003042	17.452000
1569003100	17.452000
1569003160	17.425000
1569003220	17.465000
1569003360	17.932000
1569003400	17.465000
1569003461	18.703000
1569003522	18.703000
1569003582	17.453000
1569003640	17.453000
1569003700	17.584000
1569003760	17.584000
1569003820	17.766000
1569003943	17.766000
1569004001	17.584000
1569004061	17.882000
1569004120	17.512000
1569004244	17.512000
1569004301	17.725000
1569004364	17.882000
1569004425	17.884000
1569004480	17.884000
1569004540	17.725000
1569004600	17.621000
1569004660	17.621000
1569004782	17.621000
1569004840	17.621000
1569004962	17.660000
1569005020	17.660000
1569005157	17.660000
1569005200	17.660000
1569005263	17.683000
1569005325	20.834000
1569005380	20.834000
1569005502	17.783000
1569005561	17.783000
1569005620	17.576000
1569005681	17.517000
1569005802	17.517000
1569005860	17.517000
1569005920	17.853000
1569006058	18.038000
1569006100	18.038000
1569006163	18.038000
1569006224	24.730000
1569006279	24.730000
1569006340	18.099000
1569006400	18.099000
1569006460	17.845000
1569006520	17.724000
1569006580	17.542000
1569006640	17.539000
1569006700	17.542000
1569006760	17.542000
1569006820	17.521000
1569006880	17.669000
1569007001	17.669000
1569007063	17.669000
1569007124	17.669000
1569007179	17.743000
1569007241	18.017000
1569007300	18.017000
1569007360	17.743000
1569007420	17.688000
1569007480	17.688000
1569007602	17.688000
1569007660	17.940000
1569007720	17.940000
1569007855	18.059000
1569007900	17.940000
1569007961	18.059000
1569008024	20.728000
1569008080	20.728000
1569008140	18.236000
1569008200	18.581000
1569008260	18.236000
1569008320	17.683000
1569008455	17.598000
1569008500	17.598000
1569008560	17.598000
1569008620	17.606000
1569008756	17.606000
1569008800	17.606000
1569008923	17.872000
1569008980	17.606000
1569009040	17.536000
1569009100	17.533000
1569009160	17.530000
1569009220	17.530000
1569009281	17.533000
1569009340	17.573000
1569009462	17.573000
1569009520	17.692000
1569009646	17.573000
1569009701	17.562000
1569009764	17.562000
1569009825	20.267000
1569009879	17.562000
1569009941	18.221000
1569010000	18.221000
1569010060	18.221000
1569010120	18.182000
1569010242	18.221000
1569010300	18.182000
1569010360	18.182000
1569010421	17.747000
1569010480	17.747000
1569010543	17.747000
1569010601	17.522000
1569010665	17.832000
1569010729	18.142000
1569010779	18.142000
1569010840	17.598000
1569010961	23.768000
1569011020	21.971000
1569011141	17.886000
1569011200	17.886000
1569011260	17.886000
1569011320	17.886000
1569011380	17.846000
1569011443	17.723000
1569011500	17.723000
1569011623	17.723000
1569011681	17.656000
1569011740	17.562000
1569011801	17.562000
1569011922	17.615000
1569011980	17.585000
1569012041	17.585000
1569012100	17.615000
1569012160	17.585000
1569012282	17.585000
1569012342	17.743000
1569012400	17.743000
1569012524	17.974000
1569012579	17.974000
1569012641	18.175000
1569012701	17.811000
1569012760	17.811000
1569012821	17.673000
1569012880	17.673000
1569012940	17.601000
1569013000	17.658000
1569013060	17.673000
1569013120	17.881000
1569013257	17.921000
1569013301	17.921000
1569013364	17.937000
1569013424	22.034000
1569013479	22.034000
1569013540	24.396000
1569013600	24.396000
1569013721	18.850000
1569013780	17.820000
1569013902	18.712000
1569013960	17.676000
1569014020	17.676000
1569014080	17.676000
1569014141	17.677000
1569014201	17.671000
1569014262	17.677000
1569014322	18.298000
1569014381	18.298000
1569014440	19.761000
1569014563	19.761000
1569014620	18.599000
1569014682	18.199000
1569014740	18.199000
1569014800	18.131000
1569014860	18.114000
1569014920	17.894000
1569015056	17.894000
1569015101	17.894000
1569015224	17.894000
1569015280	17.894000
1569015402	17.806000
1569015461	17.624000
1569015520	17.557000
1569015580	17.557000
1569015640	17.557000
1569015700	17.557000
1569015760	17.475000
1569015894	17.475000
1569015942	17.475000
1569016001	17.536000
1569016065	17.536000
1569016123	18.382000
1569016181	18.382000
1569016240	17.728000
1569016363	17.728000
1569016420	17.728000
1569016481	17.568000
1569016540	17.658000
1569016662	17.658000
1569016721	17.758000
1569016780	17.658000
1569016900	17.758000
1569016964	17.907000
1569017024	17.919000
1569017080	17.919000
1569017140	17.919000
1569017261	17.828000
1569017320	17.744000
1569017381	17.671000
1569017440	17.671000
1569017500	17.546000
1569017560	17.527000
1569017682	17.430000
1569017742	17.430000
1569017800	17.430000
1569017923	17.744000
1569017980	17.744000
1569018040	17.744000
1569018100	17.675000
1569018160	17.537000
1569018220	17.537000
1569018279	17.675000
1569018340	17.612000
1569018400	17.612000
1569018460	17.612000
1569018520	17.526000
1569018643	17.526000
1569018700	17.526000
1569018824	17.581000
1569018882	17.581000
1569018940	17.581000
1569019000	17.530000
1569019060	17.456000
1569019120	17.456000
1569019243	17.476000
1569019301	17.530000
1569019360	17.478000
1569019420	17.478000
1569019556	17.478000
1569019600	17.597000
1569019724	17.516000
1569019783	17.516000
1569019840	17.597000
1569019899	17.597000
1569020022	17.737000
1569020080	17.925000
1569020140	17.925000
1569020200	17.737000
1569020260	18.057000
1569020381	18.057000
1569020443	18.057000
1569020500	18.057000
1569020624	20.791000
1569020680	20.791000
1569020802	17.894000
1569020861	17.894000
1569020920	17.894000
1569020980	17.894000
1569021040	17.784000
1569021100	17.572000
1569021222	17.572000
1569021282	17.660000
1569021342	17.572000
1569021401	17.660000
1569021463	17.733000
1569021523	17.733000
1569021584	17.733000
1569021640	17.733000
1569021762	17.571000
1569021821	17.571000
1569021880	17.571000
1569022002	17.633000
1569022060	17.633000
1569022182	17.647000
1569022242	17.675000
1569022300	17.647000
1569022364	17.968000
1569022425	20.182000
1569022481	17.968000
1569022540	17.740000
1569022600	17.973000
1569022660	17.740000
1569022782	17.736000
1569022841	17.736000
1569022902	17.736000
1569023022	17.736000
1569023081	17.817000
1569023141	17.865000
1569023201	17.817000
1569023262	17.865000
1569023323	18.438000
1569023380	18.438000
1569023440	17.598000
1569023500	17.598000
1569023622	17.499000
1569023681	17.499000
1569023741	17.499000
1569023800	17.499000
1569023861	17.575000
1569023981	17.704000
1569024041	17.704000
1569024100	17.704000
1569024161	17.704000
1569024222	17.674000
1569024283	17.604000
1569024341	17.480000
1569024400	17.475000
1569024460	17.475000
1569024520	17.604000
1569024642	17.423000
1569024701	17.423000
1569024760	17.667000
1569024820	17.667000
1569024880	17.423000
1569025001	17.667000
1569025124	17.865000
1569025181	17.910000
1569025240	18.091000
1569025300	18.091000
1569025360	18.091000
1569025420	17.875000
1569025480	17.452000
1569025540	17.452000
1569025662	17.875000
1569025720	17.452000
1569025781	17.411000
1569025901	17.411000
1569025960	17.411000
1569026021	17.411000
1569026080	17.503000
1569026140	17.589000
1569026274	17.589000
1569026321	17.589000
1569026380	17.701000
1569026440	17.459000
1569026500	17.459000
1569026560	17.459000
1569026620	17.499000
1569026684	17.499000
1569026800	17.499000
1569026863	17.524000
1569026923	17.781000
1569026979	17.781000
1569027040	17.751000
1569027100	17.751000
1569027160	17.529000
1569027294	17.408000
1569027340	17.529000
1569027400	17.405000
1569027460	17.438000
1569027520	17.432000
1569027580	17.438000
1569027658	17.438000
1569027701	17.494000
1569027764	17.835000
1569027823	18.814000
1569027881	18.814000
1569027940	17.835000
1569028000	17.416000
1569028060	17.416000
1569028121	17.416000
1569028254	17.416000
1569028300	17.483000
1569028422	17.483000
1569028480	17.483000
1569028543	17.483000
1569028600	17.508000
1569028665	17.612000
1569028724	17.787000
1569028779	17.787000
1569028902	17.754000
1569028960	17.754000
1569029082	17.612000
1569029140	17.568000
1569029200	17.530000
1569029261	17.530000
1569029382	17.530000
1569029442	17.785000
1569029500	17.790000
1569029562	17.882000
1569029623	17.882000
1569029681	17.790000
1569029741	17.790000
1569029800	21.238000
1569029861	21.238000
1569029920	17.506000
1569030043	17.517000
1569030100	17.517000
1569030160	17.517000
1569030282	17.517000
1569030342	17.623000
1569030400	17.642000
1569030524	18.019000
1569030580	17.642000
1569030702	17.642000
1569030760	17.460000
1569030820	17.460000
1569030942	17.460000
1569031000	17.460000
1569031134	17.707000
1569031180	17.739000
1569031300	17.707000
1569031360	18.111000
1569031425	18.111000
1569031483	17.882000
1569031540	17.882000
1569031600	17.882000
1569031660	17.725000
1569031720	17.550000
1569031780	17.725000
1569031902	17.654000
1569031961	17.635000
1569032020	17.635000
1569032080	17.654000
1569032142	17.654000
1569032201	17.635000
1569032263	17.928000
1569032324	18.943000
1569032381	18.943000
1569032440	26.053000
1569032500	26.053000
1569032560	18.391000
1569032620	18.063000
1569032742	17.872000
1569032800	17.459000
1569032860	17.459000
1569032920	17.457000
1569032980	17.459000
1569033043	17.512000
1569033101	17.988000
1569033165	18.132000
1569033222	18.547000
1569033281	18.547000
1569033340	18.661000
1569033400	18.661000
1569033522	17.668000
1569033580	17.668000
1569033640	17.668000
1569033700	17.554000
1569033822	17.554000
1569033880	17.863000
1569033942	17.863000
1569034000	17.863000
1569034063	17.960000
1569034123	18.258000
1569034181	18.258000
1569034241	17.633000
1569034300	17.633000
1569034422	17.633000
1569034480	17.633000
1569034626	17.532000
1569034660	17.532000
1569034720	17.532000
1569034780	17.516000
1569034844	17.516000
1569034901	17.506000
1569034965	17.516000
1569035023	17.632000
1569035080	17.632000
1569035140	18.067000
1569035262	18.067000
1569035320	17.710000
1569035380	17.493000
1569035440	17.492000
1569035562	17.492000
1569035621	17.492000
1569035680	17.624000
1569035800	17.765000
1569035863	17.774000
1569035923	18.700000
1569035979	18.700000
1569036041	18.700000
1569036100	18.038000
1569036160	17.792000
1569036220	17.660000
1569036342	17.660000
1569036400	17.660000
1569036460	17.660000
1569036520	17.629000
1569036580	17.689000
1569036641	17.811000
1569036700	17.935000
1569036763	17.998000
1569036822	18.612000
1569036879	18.612000
1569037002	18.612000
1569037061	18.151000
1569037120	17.808000
1569037180	17.808000
1569037240	17.979000
1569037300	17.979000
1569037422	17.808000
1569037481	17.500000
1569037542	17.500000
1569037600	17.500000
1569037664	17.513000
1569037724	17.955000
1569037782	17.955000
1569037840	17.955000
1569037900	17.547000
1569037960	17.547000
1569038082	17.547000
1569038140	17.547000
1569038261	17.670000
1569038321	17.756000
1569038380	17.962000
1569038501	17.962000
1569038564	19.108000
1569038624	22.133000
1569038681	22.133000
1569038741	22.133000
1569038800	18.857000
1569038860	17.753000
1569038920	17.568000
1569038980	17.568000
1569039114	17.570000
1569039161	17.570000
1569039282	17.501000
1569039341	17.570000
1569039400	17.589000
1569039464	17.589000
1569039523	20.006000
1569039580	20.006000
1569039640	17.738000
1569039700	17.776000
1569039760	17.738000
1569039883	17.709000
1569039940	17.709000
1569040001	17.645000
1569040060	17.428000
1569040182	17.428000
1569040242	17.428000
1569040302	17.422000
1569040364	17.538000
1569040422	17.861000
1569040484	17.861000
1569040540	17.651000
1569040600	17.948000
1569040722	17.948000
1569040780	17.852000
1569040902	17.852000
1569040960	17.852000
1569041020	17.852000
1569041080	17.852000
1569041200	17.852000
1569041265	21.678000
1569041323	25.005000
1569041380	25.005000
1569041440	17.731000
1569041500	17.731000
1569041561	17.707000
1569041620	17.707000
1569041680	17.731000
1569041740	17.707000
1569041800	18.223000
1569041861	20.181000
1569041920	18.631000
1569042058	20.181000
1569042100	20.181000
1569042221	18.631000
1569042281	18.097000
1569042340	17.642000
1569042400	17.642000
1569042522	17.452000
1569042581	17.885000
1569042640	17.824000
1569042700	17.824000
1569042761	17.541000
1569042820	17.541000
1569042880	17.519000
1569042941	17.519000
1569043000	17.519000
1569043123	17.657000
1569043180	17.657000
1569043240	17.791000
1569043300	17.942000
1569043360	17.968000
1569043483	17.942000
1569043540	17.942000
1569043661	17.942000
1569043724	17.806000
1569043780	17.374000
1569043841	17.806000
1569043900	17.470000
1569043964	17.470000
1569044020	18.951000
1569044080	18.951000
1569044202	20.863000
1569044260	20.863000
1569044320	18.489000
1569044380	18.489000
1569044440	18.489000
1569044500	18.133000
1569044560	18.133000
1569044682	17.727000
1569044742	17.727000
1569044800	18.018000
1569044863	18.107000
1569044924	18.107000
1569044979	18.275000
1569045041	21.045000
1569045100	21.045000
1569045159	18.275000
1569045220	18.070000
1569045280	18.070000
1569045413	18.070000
1569045459	17.730000
1569045520	17.489000
1569045580	17.443000
1569045643	17.443000
1569045700	17.425000
1569045824	17.443000
1569045879	18.009000
1569045941	18.093000
1569046001	18.206000
1569046060	18.270000
1569046120	18.206000
1569046180	18.270000
1569046240	18.206000
1569046362	18.165000
1569046420	17.678000
1569046480	17.678000
1569046543	17.678000
1569046600	17.678000
1569046664	18.096000
1569046724	19.024000
1569046779	18.096000
1569046841	17.972000
1569046900	17.972000
1569046960	17.906000
1569047020	17.586000
1569047142	17.586000
1569047200	17.608000
1569047260	17.608000
1569047381	17.608000
1569047441	17.626000
1569047500	17.743000
1569047564	17.743000
1569047623	17.906000
1569047684	17.906000
1569047740	17.743000
1569047800	22.793000
1569047860	22.793000
1569047981	17.620000
1569048040	17.608000
1569048099	17.670000
1569048160	17.582000
1569048220	17.529000
1569048357	17.582000
1569048401	17.670000
1569048464	18.283000
1569048522	21.650000
1569048580	21.650000
1569048640	18.283000
1569048701	17.900000
1569048760	17.759000
1569048820	17.741000
1569048880	17.637000
1569049002	17.637000
1569049061	17.637000
1569049120	17.637000
1569049180	17.645000
1569049243	17.779000
1569049301	17.685000
1569049364	17.779000
1569049423	17.779000
1569049479	17.779000
1569049540	24.430000
1569049601	24.430000
1569049660	21.403000
1569049781	18.106000
1569049840	18.106000
1569049962	17.660000
1569050020	17.583000
1569050080	17.516000
1569050141	17.516000
1569050200	17.583000
1569050323	17.995000
1569050381	17.995000
1569050440	17.995000
1569050500	17.489000
1569050623	17.399000
1569050681	17.399000
1569050740	17.399000
1569050800	17.429000
1569050860	17.429000
1569050920	17.614000
1569051056	17.680000
1569051100	17.614000
1569051165	17.680000
1569051224	21.261000
1569051280	21.261000
1569051402	18.132000
1569051460	18.132000
1569051520	17.584000
1569051642	17.584000
1569051701	17.683000
1569051760	17.584000
1569051820	17.625000
1569051880	17.683000
1569052000	17.766000
1569052062	17.766000
1569052122	18.037000
1569052180	18.037000
1569052240	17.809000
1569052300	17.809000
1569052360	17.809000
1569052421	17.790000
1569052542	17.584000
1569052600	17.790000
1569052723	17.804000
1569052780	17.584000
1569052844	17.804000
1569052901	17.804000
1569052964	17.825000
1569053024	18.918000
1569053079	18.918000
1569053141	17.824000
1569053200	17.824000
1569053322	17.818000
1569053380	17.813000
1569053440	17.483000
1569053562	17.813000
1569053621	17.549000
1569053680	17.549000
1569053800	17.564000
1569053863	17.898000
1569053922	17.898000
1569053980	17.917000
1569054040	17.917000
1569054161	18.406000
1569054220	17.917000
1569054280	17.917000
1569054340	17.890000
1569054461	17.856000
1569054520	17.561000
1569054580	17.561000
1569054700	17.537000
1569054763	17.537000
1569054822	17.537000
1569054881	17.920000
1569054941	17.920000
1569055062	17.920000
1569055120	17.572000
1569055242	17.560000
1569055300	17.517000
1569055360	17.409000
1569055424	17.402000
1569055480	17.402000
1569055601	17.402000
1569055664	20.874000
1569055725	22.325000
1569055781	22.325000
1569055840	22.325000
1569055900	17.590000
1569055960	17.590000
1569056082	17.590000
1569056140	17.590000
1569056200	17.574000
1569056260	17.574000
1569056382	17.574000
1569056444	17.574000
1569056500	17.489000
1569056562	18.193000
1569056622	18.262000
1569056680	18.262000
1569056802	17.750000
1569056860	17.750000
1569056982	17.652000
1569057040	17.652000
1569057100	17.652000
1569057160	17.652000
1569057220	17.894000
1569057344	17.916000
1569057400	17.916000
1569057465	18.631000
1569057522	18.631000
1569057583	17.747000
1569057640	17.560000
1569057700	17.747000
1569057760	17.747000
1569057820	17.696000
1569057942	17.696000
1569058001	17.696000
1569058061	17.693000
1569058120	17.674000
1569058255	17.674000
1569058300	17.674000
1569058364	17.674000
1569058423	20.573000
1569058481	20.573000
1569058540	17.491000
1569058662	17.491000
1569058721	17.491000
1569058780	17.491000
1569058840	17.599000
1569058900	17.599000
1569059023	17.599000
1569059081	17.497000
1569059142	17.497000
1569059200	17.497000
1569059262	17.691000
1569059321	17.785000
1569059382	17.785000
1569059440	17.785000
1569059500	17.816000
1569059560	17.485000
1569059620	17.485000
1569059680	17.549000
1569059740	17.717000
1569059862	17.717000
1569059921	17.720000
1569059980	17.717000
1569060043	17.824000
1569060100	17.824000
1569060163	17.824000
1569060221	17.822000
1569060283	17.824000
1569060340	17.822000
1569060462	17.810000
1569060521	17.804000
1569060580	17.738000
1569060702	17.738000
1569060760	17.738000
1569060820	17.738000
1569060880	17.738000
1569060942	17.832000
1569061001	18.121000
1569061064	18.121000
1569061124	20.176000
1569061180	20.176000
1569061302	18.257000
1569061360	18.257000
1569061421	17.858000
1569061480	17.751000
1569061540	17.751000
1569061662	17.751000
1569061720	17.731000
1569061780	17.731000
1569061841	18.094000
1569061900	17.731000
1569061962	18.213000
1569062024	19.029000
1569062080	18.213000
1569062202	17.979000
1569062260	17.979000
1569062320	17.865000
1569062380	17.865000
1569062440	17.979000
1569062561	17.865000
1569062620	17.716000
1569062680	17.716000
1569062800	17.650000
1569062864	17.650000
1569062924	17.716000
1569062979	17.747000
1569063040	17.920000
1569063101	17.920000
1569063160	17.812000
1569063220	17.812000
1569063280	17.920000
1569063402	17.812000
1569063460	17.812000
1569063520	17.752000
1569063580	17.671000
1569063701	17.671000
1569063761	17.671000
1569063824	17.812000
1569063881	18.017000
1569063940	18.017000
1569064062	18.017000
1569064121	17.928000
1569064181	17.809000
1569064240	17.450000
1569064362	17.450000
1569064420	17.444000
1569064479	17.444000
1569064543	17.444000
1569064600	17.556000
1569064664	18.007000
1569064723	18.573000
1569064780	18.573000
1569064840	18.007000
1569064900	17.722000
1569065022	17.568000
1569065080	17.508000
1569065149	17.508000
1569065274	17.449000
1569065321	17.508000
1569065380	17.508000
1569065500	17.448000
1569065561	17.448000
1569065625	17.552000
1569065682	17.552000
1569065740	17.852000
1569065800	17.852000
1569065860	17.698000
1569065994	17.698000
1569066041	17.497000
1569066100	17.497000
1569066164	17.497000
1569066220	17.517000
1569066280	17.863000
1569066400	17.863000
1569066463	17.935000
1569066524	18.619000
1569066580	17.863000
1569066640	17.818000
1569066700	17.790000
1569066822	17.646000
1569066880	17.646000
1569067002	17.646000
1569067060	17.660000
1569067120	17.690000
1569067180	17.873000
1569067243	17.873000
1569067301	17.725000
1569067364	17.964000
1569067424	17.964000
1569067481	17.818000
1569067603	22.324000
1569067660	22.324000
1569067720	17.818000
1569067780	17.719000
1569067903	17.719000
1569067960	17.535000
1569068020	17.477000
1569068156	17.719000
1569068200	17.791000
1569068264	17.815000
1569068324	21.740000
1569068381	24.601000
1569068441	24.601000
1569068502	24.601000
1569068560	17.593000
1569068620	17.530000
1569068742	17.478000
1569068800	17.478000
1569068923	17.478000
1569068981	18.077000
1569069041	18.077000
1569069100	18.077000
1569069163	18.077000
1569069223	18.077000
1569069280	20.037000
1569069402	20.037000
1569069460	20.037000
1569069581	18.606000
1569069641	17.709000
1569069774	17.709000
1569069820	17.709000
1569069881	17.709000
1569070001	17.854000
1569070063	17.925000
1569070124	17.953000
1569070180	27.317000
1569070302	30.772000
1569070360	30.772000
1569070421	27.317000
1569070481	26.521000
1569070541	26.410000
1569070662	26.099000
1569070720	26.099000
1569070780	26.311000
1569070900	26.410000
1569070963	27.265000
1569071024	27.996000
1569071080	27.974000
1569071141	27.974000
1569071200	27.974000
1569071323	27.690000
1569071381	27.648000
1569071440	27.002000
1569071562	27.002000
1569071620	27.002000
1569071680	27.339000
1569071800	27.376000
1569071862	27.394000
1569071925	27.394000
1569071983	27.696000
1569072040	27.376000
1569072100	26.897000
1569072160	26.897000
1569072220	26.606000
1569072280	26.593000
1569072402	26.606000
1569072460	27.254000
1569072520	26.606000
1569072580	25.430000
1569072700	26.587000
1569072762	26.587000
1569072826	26.587000
1569072882	26.587000
1569072940	27.584000
1569073000	28.288000
1569073060	27.584000
1569073120	27.584000
1569073180	27.584000
1569073240	27.554000
1569073362	27.335000
1569073420	27.395000
1569073557	27.395000
1569073601	27.395000
1569073662	27.395000
1569073722	28.441000
1569073781	28.441000
1569073840	28.256000
1569073900	28.256000
1569073960	27.469000
1569074020	27.469000
1569074080	28.256000
1569074140	28.638000
1569074200	28.844000
1569074260	28.844000
1569074320	28.844000
1569074380	28.844000
1569074443	29.365000
1569074500	29.729000
1569074624	29.983000
1569074680	29.983000
1569074740	29.729000
1569074862	29.882000
1569074920	29.544000
1569075054	28.703000
1569075101	28.703000
1569075160	29.192000
1569075282	28.703000
1569075342	28.631000
1569075401	28.631000
1569075463	29.192000
1569075527	29.233000
1569075580	29.233000
1569075640	29.233000
1569075700	28.518000
1569075822	28.518000
1569075880	28.407000
1569075940	27.717000
1569076000	27.717000
1569076061	27.717000
1569076182	27.717000
1569076243	27.671000
1569076300	27.763000
1569076366	27.763000
1569076422	28.814000
1569076482	27.942000
1569076541	29.164000
1569076600	29.164000
1569076722	29.164000
1569076780	28.926000
1569076840	28.926000
1569076900	28.926000
1569076960	28.629000
1569077020	28.629000
1569077155	28.631000
1569077201	29.263000
1569077263	29.263000
1569077324	30.081000
1569077381	30.081000
1569077440	30.081000
1569077500	28.822000
1569077560	28.822000
1569077620	28.413000
1569077742	28.413000
1569077800	28.443000
1569077860	28.964000
1569077920	29.145000
1569077980	29.145000
1569078043	28.443000
1569078100	29.209000
1569078164	29.493000
1569078222	29.493000
1569078282	29.493000
1569078340	29.493000
1569078400	28.925000
1569078522	27.952000
1569078580	27.952000
1569078702	27.952000
1569078760	27.958000
1569078820	28.450000
1569078880	28.684000
1569078942	28.966000
1569079000	28.966000
1569079121	29.210000
1569079180	29.210000
1569079241	28.966000
1569079300	28.712000
1569079361	28.712000
1569079420	28.453000
1569079543	27.856000
1569079600	28.453000
1569079660	28.453000
1569079720	28.453000
1569079780	28.112000
1569079900	28.492000
1569079964	28.754000
1569080021	28.764000
1569080082	28.764000
1569080140	28.764000
1569080262	29.123000
1569080321	28.367000
1569080381	28.367000
1569080441	28.611000
1569080500	28.611000
1569080560	28.611000
1569080620	28.611000
1569080680	28.086000
1569080800	27.960000
1569080924	28.086000
1569080980	28.086000
1569081102	29.533000
1569081160	29.533000
1569081221	29.533000
1569081280	28.449000
1569081340	28.449000
1569081400	28.124000
1569081460	28.066000
1569081582	28.124000
1569081643	28.353000
1569081700	28.353000
1569081821	30.421000
1569081881	30.421000
1569081941	29.505000
1569082062	29.505000
1569082120	28.990000
1569082242	28.990000
1569082300	27.947000
1569082361	28.269000
1569082420	28.269000
1569082557	28.782000
1569082601	28.782000
1569082723	32.229000
1569082781	32.229000
1569082840	32.229000
1569082900	26.731000
1569083022	26.731000
1569083080	26.731000
1569083140	28.365000
1569083200	28.365000
1569083261	28.365000
1569083320	28.365000
1569083456	27.837000
1569083501	27.837000
1569083561	30.668000
1569083622	30.787000
1569083680	30.668000
1569083740	30.668000
1569083874	28.776000
1569083920	28.486000
1569084042	28.486000
1569084100	28.486000
1569084161	28.486000
1569084221	28.486000
1569084349	29.028000
1569084401	27.249000
1569084463	29.028000
1569084524	29.359000
1569084580	29.028000
1569084640	28.263000
1569084762	28.263000
1569084820	28.263000
1569084942	28.207000
1569085001	28.263000
1569085060	28.789000
1569085183	28.789000
1569085244	28.019000
1569085300	28.789000
1569085425	29.691000
1569085481	29.294000
1569085540	29.294000
1569085663	29.294000
1569085721	29.248000
1569085842	27.766000
1569085901	27.537000
1569085961	27.314000
1569086020	26.661000
1569086156	26.661000
1569086200	26.557000
1569086265	26.661000
1569086322	26.665000
1569086380	27.386000
1569086440	27.386000
1569086500	27.386000
1569086560	27.087000
1569086620	26.660000
1569086680	26.660000
1569086802	26.660000
1569086860	26.779000
1569086920	26.779000
1569086980	26.816000
1569087100	26.779000
1569087163	27.210000
1569087221	28.865000
1569087280	30.066000
1569087340	30.066000
1569087400	30.066000
1569087522	28.666000
1569087580	27.777000
1569087640	27.777000
1569087762	27.777000
1569087821	28.299000
1569087881	28.299000
1569087942	28.299000
1569088000	28.038000
1569088063	28.038000
1569088123	28.038000
1569088180	27.888000
1569088240	27.888000
1569088301	27.259000
1569088422	27.259000
1569088480	27.259000
1569088540	27.259000
1569088662	27.377000
1569088720	27.462000
1569088780	27.573000
1569088901	27.573000
1569088960	27.963000
1569089020	27.573000
1569089080	27.963000
1569089140	28.489000
1569089200	28.489000
1569089260	27.095000
1569089320	27.311000
1569089442	27.104000
1569089500	27.095000
1569089560	26.164000
1569089620	27.104000
1569089680	26.602000
1569089801	26.602000
1569089863	27.850000
1569089922	28.018000
1569089980	27.850000
1569090040	28.401000
1569090101	28.401000
1569090223	27.006000
1569090281	27.006000
1569090340	27.006000
1569090400	26.930000
1569090460	26.930000
1569090582	26.930000
1569090700	26.898000
1569090763	26.930000
1569090823	27.109000
1569090880	27.828000
1569091002	27.828000
1569091061	27.828000
1569091121	27.828000
1569091180	27.828000
1569091240	27.217000
1569091300	27.217000
1569091360	27.217000
1569091420	26.797000
1569091480	26.435000
1569091600	26.435000
1569091663	26.742000
1569091721	26.797000
1569091780	26.742000
1569091906	26.742000
1569091993	28.546000
1569092082	27.389000
1569092140	26.298000
1569092262	26.298000
1569092320	27.389000
1569092405	27.389000
1569092444	25.747000
1569092500	25.764000
1569092624	27.650000
1569092680	27.895000
1569092740	26.601000
1569092800	27.085000
1569092860	27.085000
1569092920	27.047000
1569092980	27.047000
1569093101	27.047000
1569093160	26.920000
1569093220	26.920000
1569093280	26.920000
1569093360	26.920000
1569093400	26.902000
1569093464	27.190000
1569093521	27.190000
1569093580	27.344000
1569093640	27.574000
1569093701	27.574000
1569093760	27.344000
1569093882	27.219000
1569093940	27.219000
1569094000	26.894000
1569094060	27.219000
1569094120	27.464000
1569094180	27.464000
1569094300	27.746000
1569094362	27.757000
1569094425	27.746000
1569094482	26.974000
1569094541	28.352000
1569094600	27.885000
1569094660	27.126000
1569094720	27.126000
1569094781	27.126000
1569094840	27.126000
1569094962	27.126000
1569095021	26.006000
1569095081	26.006000
1569095201	26.006000
1569095264	26.006000
1569095324	26.006000
1569095380	29.401000
1569095440	29.401000
1569095500	29.401000
1569095560	29.401000
1569095682	26.742000
1569095740	26.742000
1569095861	26.742000
1569095920	26.742000
1569095980	26.505000
1569096100	26.461000
1569096162	26.461000
1569096224	26.505000
1569096280	26.505000
1569096340	28.425000
1569096400	28.425000
1569096460	26.801000
1569096520	26.091000
1569096580	26.091000
1569096640	26.091000
1569096700	25.791000
1569096834	25.791000
1569096880	26.299000
1569097000	26.299000
1569097064	26.299000
1569097123	27.554000
1569097180	26.404000
1569097302	27.238000
1569097361	27.238000
1569097420	26.404000
1569097554	26.387000
1569097601	26.387000
1569097660	25.929000
1569097782	26.387000
1569097842	26.764000
1569097901	27.058000
1569097963	27.058000
1569098024	28.417000
1569098080	28.417000
1569098202	27.384000
1569098260	27.384000
1569098320	27.384000
1569098380	27.384000
1569098440	27.384000
1569098500	27.286000
1569098560	27.030000
1569098682	27.030000
1569098743	27.030000
1569098801	27.198000
1569098863	27.391000
1569098924	28.304000
1569098981	28.304000
1569099102	28.731000
1569099160	29.772000
1569099221	28.731000
1569099281	28.024000
1569099341	27.619000
1569099400	26.891000
1569099460	26.891000
1569099520	26.736000
1569099580	27.119000
1569099700	27.119000
1569099763	27.233000
1569099821	27.333000
1569099880	27.455000
1569100002	29.821000
1569100060	29.821000
1569100121	28.998000
1569100180	27.455000
1569100302	26.426000
1569100361	26.327000
1569100420	26.293000
1569100480	26.327000
1569100542	26.327000
1569100601	26.293000
1569100662	26.828000
1569100724	28.109000
1569100780	29.038000
1569100902	29.038000
1569100960	29.038000
1569101020	26.449000
1569101080	26.449000
1569101140	26.449000
1569101200	26.712000
1569101260	27.008000
1569101320	27.993000
1569101458	27.993000
1569101500	27.915000
1569101565	28.149000
1569101628	28.149000
1569101681	27.915000
1569101740	26.535000
1569101862	27.223000
1569101920	27.223000
1569101980	27.223000
1569102040	28.450000
1569102100	28.450000
1569102160	28.450000
1569102283	28.013000
1569102342	27.769000
1569102401	27.538000
1569102463	27.769000
1569102524	28.013000
1569102579	27.769000
1569102641	26.854000
1569102701	27.003000
1569102760	26.854000
1569102820	26.480000
1569102880	26.854000
1569102940	26.411000
1569103000	26.411000
1569103060	26.411000
1569103120	26.411000
1569103180	26.297000
1569103300	26.297000
1569103364	26.297000
1569103423	26.579000
1569103479	26.992000
1569103540	27.611000
1569103600	27.611000
1569103661	26.992000
1569103794	26.992000
1569103840	27.480000
1569103900	27.480000
1569103960	27.494000
1569104083	27.612000
1569104142	27.791000
1569104200	27.791000
1569104263	27.838000
1569104324	28.065000
1569104380	27.838000
1569104502	26.830000
1569104560	26.830000
1569104682	26.830000
1569104741	26.749000
1569104800	26.749000
1569104922	26.749000
1569104981	26.853000
1569105042	26.853000
1569105100	26.884000
1569105223	26.910000
1569105280	27.667000
1569105402	27.667000
1569105460	27.667000
1569105520	28.654000
1569105666	28.654000
1569105701	28.654000
1569105822	26.850000
1569105880	26.850000
1569106001	26.850000
1569106062	26.850000
1569106125	26.850000
1569106182	26.740000
1569106240	26.782000
1569106300	26.782000
1569106360	26.740000
1569106420	26.782000
1569106480	26.782000
1569106540	26.965000
1569106600	25.897000
1569106660	27.146000
1569106720	27.255000
1569106780	27.255000
1569106900	25.951000
1569106965	27.349000
1569107023	28.243000
1569107080	29.657000
1569107140	29.657000
1569107262	29.657000
1569107320	28.263000
1569107380	27.417000
1569107440	27.417000
1569107574	27.529000
1569107620	27.529000
1569107680	27.417000
1569107800	26.292000
1569107861	26.292000
1569107923	26.292000
1569107982	26.756000
1569108041	27.741000
1569108100	27.741000
1569108160	26.756000
1569108220	26.364000
1569108342	26.364000
1569108400	26.364000
1569108522	26.890000
1569108580	26.890000
1569108701	26.905000
1569108765	27.235000
1569108820	27.345000
1569108880	27.345000
1569109002	27.621000
1569109060	27.621000
1569109120	27.206000
1569109180	27.206000
1569109240	27.621000
1569109301	27.882000
1569109360	27.882000
1569109482	28.451000
1569109542	28.451000
1569109600	28.024000
1569109664	28.024000
1569109722	28.451000
1569109780	28.024000
1569109840	28.024000
1569109900	27.659000
1569109960	27.304000
1569110020	27.250000
1569110080	26.893000
1569110202	26.753000
1569110260	26.753000
1569110320	26.753000
1569110380	26.753000
1569110500	27.312000
1569110565	27.362000
1569110622	27.603000
1569110680	27.788000
1569110740	27.788000
1569110800	27.788000
1569110860	27.298000
1569110920	27.127000
1569110980	26.980000
1569111040	26.250000
1569111101	26.044000
1569111161	25.740000
1569111282	25.740000
1569111400	26.044000
1569111464	26.671000
1569111525	27.216000
1569111580	27.216000
1569111640	28.011000
1569111700	28.011000
1569111760	27.868000
1569111820	27.102000
1569111880	27.868000
1569111940	27.594000
1569112000	27.594000
1569112060	27.885000
1569112182	27.885000
1569112301	27.594000
1569112360	27.372000
1569112482	27.372000
1569112541	25.803000
1569112601	25.803000
1569112661	27.848000
1569112782	27.848000
1569112841	27.939000
1569112901	27.939000
1569112960	27.686000
1569113082	27.633000
1569113141	27.633000
1569113201	27.601000
1569113325	27.475000
1569113382	27.455000
1569113440	26.706000
1569113500	27.455000
1569113560	27.202000
1569113620	27.202000
1569113680	27.202000
1569113740	27.202000
1569113800	27.202000
1569113860	27.085000
1569113920	26.617000
1569113980	26.617000
1569114100	26.278000
1569114164	26.278000
1569114221	26.617000
1569114282	27.396000
1569114340	27.396000
1569114400	27.396000
1569114522	27.396000
1569114580	27.393000
1569114702	27.154000
1569114760	27.154000
1569114820	27.154000
1569114880	27.020000
1569115000	26.777000
1569115062	27.020000
1569115122	27.020000
1569115183	27.020000
1569115240	27.550000
1569115300	27.734000
1569115360	27.550000
1569115420	27.550000
1569115480	26.901000
1569115540	26.901000
1569115674	26.728000
1569115721	26.901000
1569115780	27.034000
1569115900	27.034000
1569115964	27.034000
1569116022	27.034000
1569116084	27.034000
1569116141	27.178000
1569116262	27.178000
1569116321	27.178000
1569116442	27.210000
1569116501	27.616000
1569116560	27.892000
1569116620	28.043000
1569116680	28.187000
1569116800	28.187000
1569116921	28.209000
1569116983	28.209000
1569117040	28.209000
1569117162	27.096000
1569117220	26.709000
1569117342	26.709000
1569117400	26.709000
1569117461	26.709000
1569117520	26.929000
1569117580	26.929000
1569117642	26.915000
1569117700	26.516000
1569117764	26.915000
1569117822	26.914000
1569117882	26.915000
1569117940	26.914000
1569118000	26.990000
1569118060	26.990000
1569118121	26.990000
1569118180	26.897000
1569118302	26.842000
1569118360	26.842000
1569118420	26.785000
1569118568	26.785000
1569118600	26.842000
1569118724	26.785000
1569118781	26.740000
1569118840	26.558000
1569118900	26.740000
1569118960	26.740000
1569119020	27.061000
1569119080	27.061000
1569119140	27.208000
1569119200	27.061000
1569119260	27.061000
1569119382	27.628000
1569119500	27.628000
1569119563	27.628000
1569119624	28.029000
1569119680	27.628000
1569119802	27.251000
1569119860	28.479000
1569119982	27.073000
1569120040	27.073000
1569120101	27.073000
1569120160	27.073000
1569120282	27.073000
1569120401	27.167000
1569120460	26.845000
1569120520	27.167000
1569120642	27.534000
1569120701	27.293000
1569120823	27.293000
1569120881	27.293000
1569120940	26.610000
1569121062	26.208000
1569121120	26.208000
1569121180	26.610000
1569121245	27.599000
1569121300	27.599000
1569121425	28.530000
1569121481	28.530000
1569121540	26.800000
1569121600	25.665000
1569121660	26.800000
1569121782	26.800000
1569121840	26.848000
1569121962	26.849000
1569122020	27.192000
1569122144	27.192000
1569122200	27.192000
1569122263	27.192000
1569122324	27.381000
1569122380	27.591000
1569122440	28.082000
1569122500	28.082000
1569122621	27.591000
1569122680	27.591000
1569122802	27.605000
1569122860	27.605000
1569122920	27.605000
1569123056	27.605000
1569123100	27.676000
1569123223	27.676000
1569123281	27.577000
1569123340	27.577000
1569123400	27.577000
1569123523	27.577000
1569123580	27.348000
1569123640	26.295000
1569123700	26.631000
1569123822	26.295000
1569123880	26.295000
1569124001	26.631000
1569124060	27.230000
1569124120	27.230000
1569124180	27.230000
1569124240	26.331000
1569124300	26.268000
1569124422	24.760000
1569124480	17.852000
1569124540	17.789000
1569124600	17.789000
1569124660	17.664000
1569124782	17.664000
1569124844	17.789000
1569124900	18.344000
1569125024	23.240000
1569125079	23.240000
1569125141	23.240000
1569125200	18.341000
1569125260	17.824000
1569125320	17.454000
1569125380	17.572000
1569125440	17.572000
1569125500	17.572000
1569125622	17.426000
1569125680	17.562000
1569125741	17.562000
1569125801	17.642000
1569125863	17.642000
1569125923	18.586000
1569125981	18.586000
1569126042	18.011000
1569126101	18.011000
1569126160	17.833000
1569126220	17.828000
1569126280	17.828000
1569126340	17.828000
1569126462	17.828000
1569126520	17.611000
1569126657	18.046000
1569126701	18.046000
1569126765	18.538000
1569126822	20.204000
1569126883	20.204000
1569126940	17.671000
1569127000	18.351000
1569127122	17.859000
1569127181	17.671000
1569127240	17.859000
1569127361	17.859000
1569127420	17.567000
1569127545	17.567000
1569127601	17.567000
1569127663	17.567000
1569127723	23.112000
1569127781	23.112000
1569127840	17.775000
1569127900	18.484000
1569127960	17.775000
1569128082	17.775000
1569128140	17.723000
1569128200	17.723000
1569128260	17.707000
1569128382	17.707000
1569128443	17.707000
1569128501	17.659000
1569128563	17.839000
1569128622	17.839000
1569128683	17.659000
1569128739	17.588000
1569128800	17.588000
1569128860	17.588000
1569128981	17.683000
1569129040	17.683000
1569129162	17.683000
1569129220	17.683000
1569129280	17.848000
1569129342	18.129000
1569129400	18.129000
1569129464	20.761000
1569129522	20.761000
1569129580	18.129000
1569129640	17.795000
1569129700	18.222000
1569129822	17.810000
1569129880	17.795000
1569130001	17.795000
1569130060	17.651000
1569130182	17.558000
1569130300	17.558000
1569130360	17.583000
1569130420	17.651000
1569130541	17.583000
1569130600	17.792000
1569130660	17.869000
1569130782	17.855000
1569130840	17.792000
1569130900	17.792000
1569131022	17.632000
1569131080	17.581000
1569131200	17.580000
1569131260	17.580000
1569131325	17.580000
1569131384	18.178000
1569131440	18.178000
1569131500	18.178000
1569131560	17.853000
1569131620	17.747000
1569131741	17.531000
1569131800	17.531000
1569131860	17.531000
1569131920	17.479000
1569132044	17.531000
1569132100	17.479000
1569132163	19.082000
1569132221	18.012000
1569132281	18.012000
1569132340	17.588000
1569132461	17.793000
1569132520	17.588000
1569132642	17.588000
1569132700	17.499000
1569132760	17.601000
1569132820	17.601000
1569132956	17.622000
1569133000	17.601000
1569133125	17.849000
1569133180	17.849000
1569133240	18.937000
1569133300	17.475000
1569133422	18.937000
1569133480	18.937000
1569133540	18.937000
1569133662	17.593000
1569133720	17.593000
1569133780	17.593000
1569133900	17.495000
1569133964	17.593000
1569134024	17.816000
1569134080	17.816000
1569134214	17.495000
1569134260	17.450000
1569134320	17.450000
1569134380	17.395000
1569134440	17.395000
1569134500	17.571000
1569134621	17.583000
1569134680	17.586000
1569134800	17.685000
1569134864	17.785000
1569134922	18.086000
1569134980	18.086000
1569135101	25.049000
1569135160	25.049000
1569135282	17.963000
1569135341	17.490000
1569135400	17.885000
1569135521	17.465000
1569135580	17.666000
1569135700	17.649000
1569135763	17.666000
1569135823	17.666000
1569135880	17.666000
1569135940	17.649000
1569136000	26.808000
1569136122	17.395000
1569136180	17.395000
1569136240	17.417000
1569136300	17.417000
1569136422	17.417000
1569136480	17.425000
1569136541	17.696000
1569136600	17.696000
1569136663	17.796000
1569136721	18.185000
1569136780	18.185000
1569136840	17.620000
1569136962	17.620000
1569137021	17.620000
1569137080	17.501000
1569137202	17.515000
1569137260	17.515000
1569137320	17.736000
1569137380	17.555000
1569137442	17.736000
1569137502	17.829000
1569137563	17.852000
1569137623	18.311000
1569137680	18.311000
1569137740	18.306000
1569137800	18.306000
1569137860	17.970000
1569137982	17.838000
1569138040	17.786000
1569138100	17.838000
1569138221	17.838000
1569138280	17.638000
1569138400	17.563000
1569138522	17.879000
1569138580	17.563000
1569138714	17.563000
1569138760	17.543000
1569138820	17.612000
1569138881	17.612000
1569138940	17.632000
1569139000	17.612000
1569139122	17.612000
1569139181	17.539000
1569139300	17.447000
1569139364	17.447000
1569139423	17.539000
1569139480	18.920000
1569139540	18.920000
1569139601	18.920000
1569139722	17.974000
1569139780	17.928000
1569139840	17.742000
1569139962	17.646000
1569140021	17.640000
1569140080	17.640000
1569140200	17.640000
1569140321	17.640000
1569140380	19.020000
1569140440	19.020000
1569140500	19.020000
1569140560	17.633000
1569140682	17.633000
1569140740	17.633000
1569140800	17.640000
1569140860	17.669000
1569140921	18.086000
1569140980	17.669000
1569141041	17.669000
1569141100	17.606000
1569141162	17.606000
1569141220	17.606000
1569141280	17.906000
1569141340	17.906000
1569141400	17.906000
1569141522	17.770000
1569141580	17.564000
1569141640	17.459000
1569141774	17.449000
1569141820	17.459000
1569141880	17.459000
1569141943	17.601000
1569142001	17.768000
1569142064	17.956000
1569142123	18.213000
1569142180	18.213000
1569142240	17.956000
1569142300	17.810000
1569142422	17.559000
1569142481	17.559000
1569142541	17.559000
1569142600	17.559000
1569142660	17.559000
1569142720	17.496000
1569142780	17.496000
1569142844	18.089000
1569142900	18.089000
1569143024	17.883000
1569143082	17.883000
1569143140	17.729000
1569143200	17.729000
1569143321	17.729000
1569143380	17.737000
1569143502	17.737000
1569143560	18.042000
1569143620	18.042000
1569143680	20.143000
1569143801	20.143000
1569143865	20.462000
1569143920	20.462000
1569143983	17.546000
1569144040	17.533000
1569144100	17.533000
1569144222	17.533000
1569144280	17.632000
1569144340	17.929000
1569144399	17.929000
1569144459	17.700000
1569144520	17.700000
1569144580	17.929000
1569144701	17.700000
1569144765	20.170000
1569144821	20.170000
1569144882	18.925000
1569144944	18.224000
1569145000	18.667000
1569145060	18.224000
1569145120	17.838000
1569145180	17.838000
1569145302	17.838000
1569145360	17.838000
1569145420	17.838000
1569145480	17.623000
1569145600	17.623000
1569145664	18.103000
1569145724	18.103000
1569145780	18.103000
1569145902	18.103000
1569145960	17.932000
1569146020	17.932000
1569146080	17.932000
1569146140	17.932000
1569146274	17.932000
1569146320	17.531000
1569146380	17.500000
1569146444	17.500000
1569146500	17.500000
1569146620	17.679000
1569146681	17.733000
1569146740	17.733000
1569146800	17.733000
1569146860	17.733000
1569146981	17.733000
1569147040	17.669000
1569147101	17.669000
1569147222	17.669000
1569147280	17.669000
1569147400	17.567000
1569147463	17.567000
1569147524	17.825000
1569147581	17.576000
1569147641	17.576000
1569147701	17.756000
1569147760	17.756000
1569147820	17.576000
1569147880	17.756000
1569147940	18.011000
1569148000	18.011000
1569148060	17.574000
1569148182	17.616000
1569148300	17.616000
1569148361	17.616000
1569148422	17.738000
1569148481	17.738000
1569148540	17.738000
1569148662	17.869000
1569148721	17.869000
1569148780	17.869000
1569148840	17.928000
1569148900	17.928000
1569148960	17.928000
1569149082	17.505000
1569149201	17.505000
1569149260	17.505000
1569149320	17.503000
1569149380	17.562000
1569149501	17.663000
1569149560	17.707000
1569149682	17.737000
1569149740	17.737000
1569149800	17.707000
1569149859	17.526000
1569149919	17.511000
1569150057	17.511000
1569150100	17.526000
1569150163	17.588000
1569150220	20.925000
1569150279	20.925000
1569150341	17.588000
1569150400	17.469000
1569150460	17.469000
1569150520	17.469000
1569150580	17.469000
1569150714	17.429000
1569150760	17.488000
1569150821	17.456000
1569150880	17.456000
1569151001	17.456000
1569151064	17.502000
1569151123	17.502000
1569151179	17.502000
1569151240	17.506000
1569151300	17.521000
1569151360	17.521000
1569151420	17.506000
1569151542	17.506000
1569151600	17.478000
1569151660	17.474000
1569151781	17.433000
1569151841	17.433000
1569151900	17.433000
1569151964	17.446000
1569152021	17.809000
