time ms
1568844530	56.815000
1568844589	41.617000
1568844710	26.419000
1568844769	26.204000
1568844829	25.989000
1568844889	25.893000
1568845010	25.893000
1568845069	25.833000
1568845129	25.688000
1568845189	25.569000
1568845250	25.569000
1568845309	25.569000
1568845369	25.644000
1568845429	25.648000
1568845489	25.715000
1568845610	25.715000
1568845669	25.715000
1568845729	25.871000
1568845789	25.871000
1568845910	25.871000
1568845969	25.871000
1568846029	25.871000
1568846088	25.878000
1568846151	26.038000
1568846209	26.038000
1568846269	26.038000
1568846329	26.145000
1568846389	25.845000
1568846448	25.813000
1568846509	25.729000
1568846569	25.729000
1568846628	25.656000
1568846689	25.612000
1568846748	25.612000
1568846808	25.656000
1568846869	25.775000
1568846929	25.812000
1568847051	25.812000
1568847109	26.149000
1568847169	26.149000
1568847229	25.858000
1568847289	25.849000
1568847349	25.849000
1568847409	25.786000
1568847529	25.779000
1568847588	25.623000
1568847709	25.614000
1568847768	25.614000
1568847829	25.654000
1568847889	25.654000
1568847949	25.903000
1568848009	25.903000
1568848129	26.044000
1568848187	26.044000
1568848249	25.950000
1568848308	25.733000
1568848429	25.950000
1568848488	25.733000
1568848548	25.640000
1568848669	25.733000
1568848729	25.815000
1568848788	25.724000
1568848849	25.724000
1568848909	25.815000
1568848969	25.724000
1568849028	25.724000
1568849090	26.010000
1568849148	26.010000
1568849208	25.965000
1568849268	26.010000
1568849328	26.010000
1568849389	25.965000
1568849448	25.831000
1568849569	25.910000
1568849628	25.895000
1568849688	25.662000
1568849751	25.895000
1568849809	25.895000
1568849929	25.895000
1568849988	25.675000
1568850048	25.675000
1568850108	25.597000
1568850168	25.675000
1568850228	25.675000
1568850349	25.866000
1568850409	25.875000
1568850468	25.875000
1568850528	25.875000
1568850662	25.875000
1568850708	25.858000
1568850829	25.858000
1568850887	25.858000
1568850949	25.606000
1568851009	25.858000
1568851069	25.606000
1568851128	25.563000
1568851188	25.471000
1568851248	25.471000
1568851369	25.471000
1568851428	25.677000
1568851488	25.688000
1568851549	25.714000
1568851608	25.730000
1568851729	25.730000
1568851787	25.851000
1568851909	25.851000
1568851968	26.215000
1568852028	25.851000
1568852088	25.851000
1568852209	25.769000
1568852268	26.578000
1568852328	25.872000
1568852388	25.872000
1568852508	25.872000
1568852568	25.997000
1568852628	25.997000
1568852689	26.111000
1568852748	26.111000
1568852808	26.111000
1568852868	25.645000
1568852928	25.645000
1568853049	25.601000
1568853108	25.645000
1568853168	25.645000
1568853228	25.810000
1568853288	25.810000
1568853350	25.843000
1568853408	25.843000
1568853469	26.278000
1568853528	26.278000
1568853589	26.278000
1568853648	26.219000
1568853768	26.219000
1568853828	25.803000
1568853888	25.803000
1568853948	25.738000
1568854008	25.803000
1568854129	25.818000
1568854188	25.891000
1568854250	25.818000
1568854308	25.818000
1568854368	25.787000
1568854428	25.787000
1568854488	25.620000
1568854609	25.787000
1568854668	25.837000
1568854728	25.866000
1568854789	25.837000
1568854909	25.837000
1568854968	25.866000
1568855028	25.813000
1568855150	25.764000
1568855208	25.758000
1568855268	25.813000
1568855328	25.813000
1568855389	25.931000
1568855447	26.017000
1568855568	26.138000
1568855627	26.017000
1568855687	25.931000
1568855808	25.870000
1568855868	25.775000
1568855927	25.658000
1568855988	25.650000
1568856108	25.650000
1568856168	25.657000
1568856228	25.657000
1568856287	25.841000
1568856408	25.841000
1568856468	25.936000
1568856527	25.936000
1568856587	25.926000
1568856648	25.926000
1568856708	25.926000
1568856767	25.743000
1568856889	25.676000
1568856949	25.743000
1568857008	25.743000
1568857068	26.276000
1568857128	26.288000
1568857189	26.288000
1568857247	26.276000
1568857368	25.863000
1568857428	25.863000
1568857487	25.850000
1568857548	25.850000
1568857607	25.863000
1568857667	25.850000
1568857727	25.753000
1568857787	25.753000
1568857907	26.026000
1568857967	26.026000
1568858028	26.026000
1568858088	26.694000
1568858147	26.694000
1568858207	25.999000
1568858267	25.999000
1568858327	25.910000
1568858387	25.910000
1568858520	26.008000
1568858567	26.008000
1568858627	26.008000
1568858687	26.008000
1568858808	26.008000
1568858868	26.001000
1568858928	26.220000
1568858988	26.001000
1568859048	25.795000
1568859107	25.795000
1568859167	25.720000
1568859227	25.561000
1568859348	25.720000
1568859407	25.757000
1568859528	25.720000
1568859588	25.757000
1568859649	25.869000
1568859707	25.869000
1568859828	25.869000
1568859887	25.890000
1568859948	25.869000
1568860008	25.818000
1568860067	25.890000
1568860127	25.818000
1568860248	25.791000
1568860308	25.791000
1568860367	25.791000
1568860488	25.745000
1568860549	25.791000
1568860608	25.745000
1568860668	25.871000
1568860728	25.871000
1568860787	25.871000
1568860907	25.616000
1568860967	25.616000
1568861027	25.616000
1568861148	25.616000
1568861207	25.616000
1568861267	25.724000
1568861326	25.724000
1568861387	25.692000
1568861507	25.692000
1568861567	25.724000
1568861627	25.819000
1568861689	26.365000
1568861747	26.365000
1568861807	26.365000
1568861867	26.278000
1568861927	26.103000
1568861986	26.031000
1568862108	26.103000
1568862167	25.919000
1568862227	25.880000
1568862287	25.880000
1568862407	25.827000
1568862468	25.827000
1568862527	25.789000
1568862587	25.827000
1568862647	25.868000
1568862768	25.868000
1568862827	25.868000
1568862886	25.870000
1568863007	25.940000
1568863067	25.940000
1568863187	25.940000
1568863248	25.940000
1568863307	26.137000
1568863367	25.778000
1568863427	26.932000
1568863487	26.932000
1568863547	25.778000
1568863606	25.758000
1568863666	25.684000
1568863787	25.571000
1568863847	25.556000
1568863968	25.571000
1568864027	25.571000
1568864086	25.543000
1568864148	25.980000
1568864206	25.980000
1568864268	25.672000
1568864327	25.672000
1568864387	25.699000
1568864446	25.699000
1568864506	25.699000
1568864639	25.846000
1568864687	25.699000
1568864746	25.709000
1568864806	25.709000
1568864867	25.757000
1568864987	25.757000
1568865048	25.757000
1568865107	25.757000
1568865166	25.674000
1568865227	25.674000
1568865287	25.674000
1568865346	25.954000
1568865406	25.954000
1568865466	25.954000
1568865526	25.913000
1568865586	25.913000
1568865647	25.748000
1568865767	25.913000
1568865826	25.913000
1568865951	25.666000
1568866007	25.666000
1568866067	25.666000
1568866127	25.666000
1568866186	25.840000
1568866246	25.840000
1568866367	25.590000
1568866426	25.677000
1568866547	25.677000
1568866606	25.590000
1568866666	25.611000
1568866787	25.611000
1568866906	25.588000
1568866966	25.588000
1568867027	25.611000
1568867086	25.732000
1568867146	25.760000
1568867206	25.771000
1568867339	25.987000
1568867386	25.771000
1568867507	25.771000
1568867567	25.987000
1568867626	26.224000
1568867761	26.224000
1568867806	26.224000
1568867866	26.224000
1568867927	26.336000
1568867987	25.795000
1568868046	25.795000
1568868106	25.795000
1568868226	25.823000
1568868286	25.797000
1568868346	25.797000
1568868466	25.797000
1568868526	25.797000
1568868586	25.797000
1568868707	25.797000
1568868767	26.476000
1568868826	26.476000
1568868887	26.476000
1568868946	25.782000
1568869006	25.782000
1568869127	25.782000
1568869186	25.695000
1568869246	25.778000
1568869306	25.724000
1568869426	25.724000
1568869486	25.724000
1568869606	25.778000
1568869726	25.872000
1568869786	25.872000
1568869846	25.872000
1568869967	25.805000
1568870026	25.752000
1568870085	25.752000
1568870146	25.601000
1568870267	25.744000
1568870326	25.752000
1568870386	25.791000
1568870506	25.744000
1568870566	25.791000
1568870626	26.088000
1568870685	26.088000
1568870746	25.774000
1568870806	25.939000
1568870865	25.811000
1568870926	25.774000
1568870986	25.774000
1568871106	25.756000
1568871166	25.731000
1568871225	25.700000
1568871360	25.731000
1568871406	25.626000
1568871466	25.626000
1568871526	25.592000
1568871586	25.590000
1568871646	25.590000
1568871706	25.872000
1568871765	25.754000
1568871887	25.754000
1568871946	25.754000
1568872005	25.754000
1568872065	25.574000
1568872125	25.574000
1568872186	25.677000
1568872247	25.677000
1568872305	25.550000
1568872366	25.677000
1568872425	26.095000
1568872485	25.807000
1568872607	25.807000
1568872666	25.807000
1568872725	25.807000
1568872846	25.775000
1568872905	25.651000
1568872965	25.775000
1568873086	25.879000
1568873205	25.932000
1568873265	26.361000
1568873326	26.380000
1568873386	26.731000
1568873445	26.731000
1568873505	26.731000
1568873565	25.733000
1568873625	25.733000
1568873685	25.702000
1568873746	25.702000
1568873805	25.750000
1568873865	25.750000
1568873926	25.750000
1568873985	25.831000
1568874105	25.750000
1568874165	25.713000
1568874226	25.907000
1568874286	25.692000
1568874406	25.692000
1568874465	25.815000
1568874586	25.815000
1568874646	25.706000
1568874705	25.755000
1568874765	25.755000
1568874886	25.755000
1568875005	25.755000
1568875065	25.755000
1568875186	25.750000
1568875245	25.750000
1568875305	25.750000
1568875365	25.750000
1568875486	25.833000
1568875545	25.982000
1568875605	25.900000
1568875665	25.900000
1568875725	25.900000
1568875848	25.900000
1568875906	25.564000
1568875965	25.564000
1568876025	25.570000
1568876085	26.351000
1568876145	26.351000
1568876205	26.351000
1568876325	26.351000
1568876385	25.712000
1568876445	25.712000
1568876566	25.712000
1568876625	25.798000
1568876685	26.088000
1568876805	26.088000
1568876866	26.188000
1568876925	26.445000
1568876984	26.188000
1568877045	25.986000
1568877105	26.155000
1568877165	25.950000
1568877225	25.950000
1568877346	26.155000
1568877405	26.155000
1568877465	25.950000
1568877525	26.229000
1568877585	25.894000
1568877705	25.894000
1568877765	25.841000
1568877825	26.229000
1568877885	25.662000
1568877945	26.129000
1568878005	25.644000
1568878065	25.637000
1568878185	25.637000
1568878245	25.710000
1568878365	25.710000
1568878425	25.751000
1568878484	25.751000
1568878546	25.751000
1568878605	25.726000
1568878665	25.659000
1568878725	25.659000
1568878785	25.726000
1568878844	25.750000
1568878904	25.750000
1568879025	25.774000
1568879084	25.757000
1568879205	25.757000
1568879265	25.757000
1568879325	25.773000
1568879384	25.773000
1568879447	25.846000
1568879504	25.846000
1568879565	25.773000
1568879625	25.846000
1568879684	25.846000
1568879745	25.962000
1568879805	25.962000
1568879865	25.962000
1568879925	25.962000
1568879985	25.962000
1568880105	25.788000
1568880165	25.788000
1568880224	25.788000
1568880358	25.788000
1568880405	25.720000
1568880525	25.720000
1568880584	26.605000
1568880705	26.605000
1568880764	26.077000
1568880824	26.077000
1568880884	25.895000
1568881006	25.705000
1568881065	25.589000
1568881125	25.589000
1568881259	25.630000
1568881304	25.630000
1568881365	25.658000
1568881424	25.759000
1568881484	25.759000
1568881605	25.661000
1568881665	25.658000
1568881725	25.661000
1568881784	25.621000
1568881844	25.481000
1568881964	25.481000
1568882024	25.633000
1568882084	25.633000
1568882204	25.761000
1568882265	25.761000
1568882324	25.761000
1568882385	26.104000
1568882444	26.104000
1568882504	26.104000
1568882625	26.104000
1568882685	25.841000
1568882744	25.841000
1568882804	25.836000
1568882925	25.796000
1568882984	25.805000
1568883046	25.805000
1568883104	25.796000
1568883165	25.805000
1568883225	25.988000
1568883284	25.988000
1568883345	25.710000
1568883404	25.710000
1568883464	25.515000
1568883585	25.515000
1568883645	25.515000
1568883704	25.614000
1568883824	25.697000
1568883884	25.724000
1568884004	25.697000
1568884064	25.652000
1568884125	25.697000
1568884185	25.704000
1568884244	25.682000
1568884304	25.704000
1568884364	25.769000
1568884424	25.840000
1568884544	25.855000
1568884604	25.855000
1568884664	26.034000
1568884784	25.840000
1568884845	26.221000
1568884904	25.879000
1568884964	26.221000
1568885024	26.221000
1568885084	26.221000
1568885144	26.454000
1568885204	26.454000
1568885264	26.454000
1568885384	25.939000
1568885444	26.315000
1568885565	25.832000
1568885624	25.832000
1568885759	25.832000
1568885805	25.832000
1568885865	25.832000
1568885924	25.639000
1568885984	25.639000
1568886044	25.639000
1568886164	25.798000
1568886224	25.781000
1568886345	25.781000
1568886404	25.781000
1568886464	25.781000
1568886584	25.781000
1568886645	25.944000
1568886703	25.945000
1568886764	25.945000
1568886824	25.945000
1568886885	25.945000
1568886944	25.945000
1568887004	25.938000
1568887063	25.724000
1568887124	25.724000
1568887244	25.916000
1568887303	25.724000
1568887364	25.916000
1568887424	25.916000
1568887556	25.688000
1568887603	25.638000
1568887724	25.638000
1568887784	25.638000
1568887843	25.552000
1568887903	26.174000
1568888024	26.174000
1568888083	26.174000
1568888217	26.050000
1568888264	26.050000
1568888324	25.832000
1568888384	25.744000
1568888503	25.744000
1568888563	25.744000
1568888624	25.752000
1568888684	25.752000
1568888744	25.883000
1568888803	25.883000
1568888863	25.705000
1568888924	25.705000
1568888984	25.828000
1568889043	25.811000
1568889103	25.828000
1568889225	25.845000
1568889284	25.828000
1568889345	25.926000
1568889404	26.162000
1568889463	25.926000
1568889524	26.162000
1568889583	26.162000
1568889704	25.777000
1568889764	25.777000
1568889823	25.777000
1568889944	25.645000
1568890003	25.777000
1568890064	25.852000
1568890183	25.852000
1568890244	25.857000
1568890304	25.857000
1568890364	25.857000
1568890424	25.857000
1568890483	25.857000
1568890543	25.857000
1568890664	26.063000
1568890723	26.063000
1568890783	26.063000
1568890843	26.022000
1568890964	25.707000
1568891023	25.707000
1568891083	25.707000
1568891144	25.741000
1568891204	25.741000
1568891264	25.801000
1568891324	26.328000
1568891382	26.324000
1568891443	26.324000
1568891503	26.324000
1568891563	26.031000
1568891623	25.902000
1568891683	25.850000
1568891803	25.850000
1568891863	25.850000
1568891923	25.797000
1568892046	25.797000
1568892104	25.797000
1568892164	25.797000
1568892223	25.953000
1568892284	25.966000
1568892343	25.953000
1568892463	25.953000
1568892523	25.870000
1568892583	25.870000
1568892703	25.856000
1568892763	25.856000
1568892884	26.050000
1568892945	26.614000
1568893003	26.050000
1568893123	26.588000
1568893183	26.341000
1568893243	26.341000
1568893303	26.121000
1568893363	26.121000
1568893423	26.121000
1568893544	25.840000
1568893603	25.953000
1568893663	25.953000
1568893723	25.953000
1568893856	25.789000
1568893902	25.789000
1568893963	25.789000
1568894023	25.789000
1568894083	25.975000
1568894142	25.975000
1568894263	26.177000
1568894323	26.237000
1568894443	26.197000
1568894503	26.177000
1568894623	26.177000
1568894683	26.197000
1568894745	26.036000
1568894803	25.859000
1568894864	25.859000
1568894923	25.867000
1568894983	25.859000
1568895043	25.859000
1568895103	25.738000
1568895163	25.867000
1568895223	25.736000
1568895344	25.855000
1568895403	25.855000
1568895463	25.855000
1568895523	25.855000
1568895582	25.855000
1568895644	25.901000
1568895703	25.803000
1568895763	25.803000
1568895823	25.803000
1568895883	25.830000
1568895943	25.829000
1568896003	25.830000
1568896062	25.830000
1568896183	25.830000
1568896243	25.829000
1568896363	25.858000
1568896422	25.796000
1568896483	25.897000
1568896602	25.796000
1568896662	25.821000
1568896722	25.821000
1568896782	25.821000
1568896843	25.821000
1568896903	25.821000
1568896963	25.755000
1568897095	25.735000
1568897142	25.735000
1568897202	25.735000
1568897262	25.694000
1568897322	25.735000
1568897382	25.739000
1568897502	25.739000
1568897563	25.460000
1568897622	25.739000
1568897681	25.526000
1568897743	25.526000
1568897802	25.698000
1568897862	25.698000
1568897983	25.698000
1568898043	25.698000
1568898102	25.605000
1568898162	25.605000
1568898283	25.596000
1568898402	25.596000
1568898462	25.707000
1568898522	25.707000
1568898643	25.707000
1568898702	25.707000
1568898823	25.730000
1568898883	25.691000
1568898942	25.730000
1568899002	25.730000
1568899062	25.808000
1568899122	25.808000
1568899255	25.808000
1568899303	25.793000
1568899363	25.793000
1568899423	25.793000
1568899484	26.797000
1568899542	26.797000
1568899602	26.797000
1568899662	26.173000
1568899722	25.800000
1568899782	25.800000
1568899903	25.973000
1568899962	25.973000
1568900022	25.796000
1568900082	25.973000
1568900202	25.787000
1568900263	25.777000
1568900322	25.777000
1568900382	25.777000
1568900502	25.755000
1568900562	25.611000
1568900622	25.611000
1568900682	25.611000
1568900742	25.611000
1568900862	25.693000
1568900922	25.880000
1568900982	25.880000
1568901043	25.976000
1568901102	25.976000
1568901162	25.866000
1568901222	25.866000
1568901282	25.866000
1568901342	25.866000
1568901402	25.758000
1568901462	25.758000
1568901522	25.758000
1568901643	25.934000
1568901702	25.934000
1568901762	25.934000
1568901822	25.954000
1568901882	25.934000
1568902002	25.819000
1568902062	25.680000
1568902122	25.819000
1568902182	25.687000
1568902303	25.687000
1568902362	25.760000
1568902422	25.760000
1568902543	25.760000
1568902602	25.760000
1568902662	25.672000
1568902722	25.672000
1568902781	25.672000
1568902843	25.672000
1568902902	25.801000
1568902962	25.981000
1568903022	25.981000
1568903082	25.981000
1568903141	25.981000
1568903201	25.981000
1568903322	25.831000
1568903381	25.831000
1568903502	25.851000
1568903561	26.052000
1568903622	25.851000
1568903681	25.851000
1568903743	26.131000
1568903802	25.842000
1568903862	25.730000
1568903922	25.730000
1568903982	25.820000
1568904042	25.730000
1568904102	25.757000
1568904162	25.757000
1568904282	25.618000
1568904341	25.618000
1568904401	25.635000
1568904522	25.635000
1568904581	25.804000
1568904702	25.804000
1568904762	25.980000
1568904821	25.980000
1568904884	26.062000
1568904941	26.089000
1568905001	26.089000
1568905122	26.089000
1568905181	25.701000
1568905242	25.680000
1568905362	25.680000
1568905421	25.680000
1568905556	25.784000
1568905602	25.784000
1568905662	25.784000
1568905722	25.840000
1568905781	25.836000
1568905841	25.836000
1568905901	25.836000
1568905961	26.092000
1568906081	26.092000
1568906141	26.123000
1568906262	26.092000
1568906321	26.092000
1568906443	25.923000
1568906501	25.906000
1568906561	25.906000
1568906622	25.923000
1568906683	26.377000
1568906742	26.377000
1568906801	26.377000
1568906922	25.800000
1568906982	25.800000
1568907041	25.800000
1568907101	25.777000
1568907161	25.829000
1568907282	25.829000
1568907343	25.829000
1568907401	25.759000
1568907521	25.829000
1568907582	25.759000
1568907642	25.733000
1568907701	25.694000
1568907761	25.626000
1568907882	25.626000
1568907941	25.694000
1568908001	25.694000
1568908061	26.488000
1568908121	26.488000
1568908243	26.488000
1568908301	25.882000
1568908421	26.208000
1568908482	26.190000
1568908541	26.190000
1568908601	26.190000
1568908661	26.190000
1568908781	26.190000
1568908841	25.829000
1568908962	25.829000
1568909021	25.684000
1568909081	25.829000
1568909201	25.721000
1568909261	25.684000
1568909321	25.721000
1568909381	25.857000
1568909441	25.861000
1568909562	25.861000
1568909621	25.861000
1568909681	25.756000
1568909741	25.756000
1568909861	25.683000
1568909921	25.756000
1568909981	25.756000
1568910042	25.745000
1568910101	25.745000
1568910161	25.763000
1568910222	25.763000
1568910281	25.763000
1568910341	25.975000
1568910401	25.857000
1568910461	25.857000
1568910520	25.857000
1568910581	25.975000
1568910641	25.857000
1568910700	25.917000
1568910760	25.917000
1568910821	25.740000
1568910956	25.740000
1568911001	25.917000
1568911061	25.740000
1568911121	25.977000
1568911180	26.078000
1568911302	26.161000
1568911361	26.161000
1568911421	26.161000
1568911542	25.775000
1568911601	25.688000
1568911661	25.688000
1568911721	25.688000
1568911856	26.089000
1568911901	26.089000
1568911961	26.136000
1568912021	26.136000
1568912080	26.335000
1568912141	26.335000
1568912261	26.335000
1568912320	25.996000
1568912381	25.836000
1568912441	25.699000
1568912500	25.699000
1568912560	25.654000
1568912681	25.636000
1568912742	25.624000
1568912801	25.624000
1568912861	25.624000
1568912921	25.636000
1568912983	25.869000
1568913040	25.869000
1568913100	25.869000
1568913221	25.748000
1568913280	25.748000
1568913341	25.704000
1568913401	25.748000
1568913460	25.748000
1568913520	25.704000
1568913654	25.702000
1568913701	25.581000
1568913821	25.581000
1568913879	25.702000
1568913941	25.939000
1568914001	26.322000
1568914060	26.322000
1568914120	26.106000
1568914180	26.106000
1568914240	26.106000
1568914301	25.816000
1568914360	25.810000
1568914481	25.771000
1568914542	25.648000
1568914600	25.648000
1568914720	25.648000
1568914782	25.658000
1568914840	25.680000
1568914960	25.707000
1568915020	25.707000
1568915141	25.680000
1568915200	25.707000
1568915260	25.661000
1568915320	25.661000
1568915380	25.862000
1568915501	25.862000
1568915620	25.895000
1568915679	25.895000
1568915801	25.895000
1568915860	25.825000
1568915920	25.860000
1568915980	25.860000
1568916040	26.061000
1568916100	25.900000
1568916160	25.900000
1568916281	25.900000
1568916341	25.900000
1568916400	25.805000
1568916460	25.805000
1568916521	26.221000
1568916582	26.342000
1568916640	26.221000
1568916761	26.221000
1568916820	25.912000
1568916940	25.912000
1568917000	25.901000
1568917120	25.835000
1568917180	25.835000
1568917242	25.611000
1568917300	25.611000
1568917361	25.777000
1568917420	25.673000
1568917481	25.777000
1568917540	25.821000
1568917600	25.821000
1568917660	25.732000
1568917719	25.732000
1568917841	25.732000
1568917900	25.732000
1568917960	25.759000
1568918020	26.023000
1568918155	26.023000
1568918200	25.759000
1568918260	26.023000
1568918320	25.877000
1568918380	25.877000
1568918440	25.877000
1568918499	25.877000
1568918621	25.877000
1568918680	25.877000
1568918740	25.865000
1568918861	25.877000
1568918920	25.877000
1568918980	26.580000
1568919100	26.443000
1568919160	26.484000
1568919220	26.443000
1568919282	26.443000
1568919340	26.175000
1568919400	25.846000
1568919460	25.753000
1568919519	25.753000
1568919641	25.753000
1568919700	25.753000
1568919760	25.753000
1568919819	25.805000
1568919880	25.761000
1568919941	25.761000
1568920000	25.580000
1568920060	25.580000
1568920120	25.580000
1568920178	25.567000
1568920240	25.567000
1568920360	25.652000
1568920419	26.179000
1568920540	25.652000
1568920599	25.888000
1568920720	25.888000
1568920779	25.888000
1568920840	25.606000
1568920899	25.888000
1568920960	26.029000
1568921019	25.723000
1568921080	26.029000
1568921200	26.029000
1568921259	26.078000
1568921319	25.913000
1568921379	26.078000
1568921440	25.913000
1568921560	25.934000
1568921619	25.694000
1568921754	25.934000
1568921800	25.694000
1568921860	25.934000
1568921920	26.032000
1568921979	26.125000
1568922039	26.032000
1568922099	26.032000
1568922220	25.909000
1568922280	25.868000
1568922339	25.868000
1568922399	25.830000
1568922459	25.683000
1568922519	25.656000
1568922579	25.656000
1568922699	25.638000
1568922759	25.656000
1568922819	25.656000
1568922878	26.067000
1568922940	26.406000
1568923000	26.406000
1568923059	26.547000
1568923119	26.406000
1568923240	25.769000
1568923299	25.769000
1568923359	25.769000
1568923419	25.745000
1568923479	25.678000
1568923599	25.678000
1568923659	25.678000
1568923720	25.860000
1568923780	25.885000
1568923839	25.885000
1568923899	25.860000
1568923959	25.825000
1568924079	25.784000
1568924139	25.750000
1568924199	25.784000
1568924259	25.750000
1568924319	25.737000
1568924454	25.737000
1568924499	25.814000
1568924620	25.814000
1568924680	26.247000
1568924739	26.299000
1568924860	26.247000
1568924920	27.289000
1568924979	26.247000
1568925039	26.200000
1568925099	25.834000
1568925159	25.834000
1568925280	25.632000
1568925399	25.834000
1568925459	25.834000
1568925519	25.635000
1568925579	25.895000
1568925700	25.895000
1568925759	25.840000
1568925819	25.839000
1568925879	25.839000
1568925939	25.839000
1568926060	25.840000
1568926119	25.815000
1568926179	25.815000
1568926240	25.895000
1568926298	25.895000
1568926359	25.815000
1568926419	26.123000
1568926479	26.496000
1568926539	26.123000
1568926599	25.791000
1568926659	25.791000
1568926718	25.584000
1568926779	25.577000
1568926839	25.577000
1568926960	25.577000
1568927019	25.725000
1568927079	25.809000
1568927199	25.809000
1568927260	25.907000
1568927318	25.907000
1568927378	26.150000
1568927438	26.150000
1568927499	26.150000
1568927619	26.127000
1568927679	25.830000
1568927799	25.746000
1568927859	25.758000
1568927979	25.758000
1568928040	25.758000
1568928099	25.798000
1568928219	25.893000
1568928278	26.227000
1568928399	26.227000
1568928458	25.798000
1568928518	26.294000
1568928579	26.294000
1568928639	26.078000
1568928698	26.078000
1568928819	26.078000
1568928879	25.875000
1568928940	25.875000
1568928999	25.774000
1568929058	25.746000
1568929119	25.746000
1568929178	25.746000
1568929239	25.640000
1568929359	25.640000
1568929418	25.492000
1568929478	25.492000
1568929599	25.492000
1568929659	25.826000
1568929718	26.063000
1568929778	26.176000
1568929898	26.176000
1568929958	26.176000
1568930018	26.176000
1568930078	26.261000
1568930139	26.261000
1568930198	26.106000
1568930319	26.163000
1568930379	26.106000
1568930439	26.106000
1568930498	25.902000
1568930558	26.163000
1568930618	26.189000
1568930678	26.189000
1568930799	26.068000
1568930859	26.068000
1568930919	26.068000
1568930978	26.068000
1568931038	26.068000
1568931098	26.122000
1568931219	26.122000
1568931279	25.917000
1568931338	25.917000
1568931399	26.122000
1568931458	31.185000
1568931518	38.261000
1568931578	38.261000
1568931639	38.261000
1568931699	25.892000
1568931758	25.875000
1568931819	25.875000
1568931880	25.734000
1568931938	25.734000
1568931998	25.734000
1568932058	25.734000
1568932179	25.703000
1568932238	25.703000
1568932298	25.683000
1568932358	25.703000
1568932418	25.683000
1568932553	25.683000
1568932598	25.683000
1568932658	25.764000
1568932718	25.764000
1568932778	25.909000
1568932838	26.083000
1568932959	26.393000
1568933018	26.083000
1568933139	26.083000
1568933198	26.083000
1568933258	25.791000
1568933318	25.646000
1568933378	25.646000
1568933498	25.627000
1568933558	25.646000
1568933618	25.818000
1568933679	25.818000
1568933738	25.627000
1568933798	25.690000
1568933918	25.690000
1568933978	25.690000
1568934099	25.842000
1568934158	25.842000
1568934218	25.842000
1568934278	25.842000
1568934339	25.907000
1568934398	25.749000
1568934458	26.105000
1568934517	26.205000
1568934580	26.205000
1568934638	25.845000
1568934698	25.845000
1568934758	25.787000
1568934818	25.787000
1568934878	25.845000
1568934999	26.051000
1568935058	26.051000
1568935118	26.051000
1568935253	25.995000
1568935298	25.936000
1568935358	25.833000
1568935418	25.635000
1568935478	25.635000
1568935538	25.785000
1568935598	25.785000
1568935657	25.866000
1568935717	25.877000
1568935778	25.877000
1568935898	26.042000
1568935957	26.135000
1568936017	26.135000
1568936152	26.135000
1568936197	26.135000
1568936258	26.015000
1568936318	26.015000
1568936378	26.015000
1568936438	26.010000
1568936497	25.900000
1568936618	25.859000
1568936677	25.690000
1568936738	25.859000
1568936858	25.859000
1568936917	25.859000
1568936977	25.980000
1568937039	25.980000
1568937098	25.680000
1568937158	25.849000
1568937218	25.849000
1568937278	25.849000
1568937337	25.849000
1568937397	25.885000
1568937518	25.959000
1568937578	25.885000
1568937637	25.959000
1568937697	25.959000
1568937757	25.737000
1568937818	25.698000
1568937877	25.698000
1568937939	25.698000
1568937997	25.655000
1568938118	25.655000
1568938179	25.655000
1568938238	25.744000
1568938358	25.662000
1568938417	25.782000
1568938538	25.782000
1568938598	25.782000
1568938657	25.812000
1568938717	25.812000
1568938777	25.544000
1568938838	25.544000
1568938897	25.673000
1568939018	25.673000
1568939078	25.787000
1568939137	25.787000
1568939197	25.673000
1568939318	25.794000
1568939378	25.794000
1568939437	25.794000
1568939558	25.794000
1568939618	25.794000
1568939677	25.924000
1568939797	25.696000
1568939858	25.584000
1568939918	25.696000
1568939977	26.544000
1568940098	25.855000
1568940157	25.855000
1568940278	25.855000
1568940338	25.855000
1568940397	25.799000
1568940457	25.799000
1568940578	25.799000
1568940697	25.663000
1568940757	25.663000
1568940817	25.723000
1568940877	25.723000
1568940937	25.723000
1568940997	25.822000
1568941057	25.723000
1568941117	25.703000
1568941238	25.703000
1568941297	25.551000
1568941357	25.551000
1568941417	25.686000
1568941552	25.686000
1568941597	25.594000
1568941658	25.686000
1568941717	26.137000
1568941777	25.838000
1568941897	26.137000
1568941957	26.137000
1568942090	25.981000
1568942137	25.947000
1568942197	25.947000
1568942256	25.779000
1568942317	25.779000
1568942439	25.779000
1568942497	26.010000
1568942558	26.193000
1568942618	26.356000
1568942676	26.356000
1568942737	26.356000
1568942797	26.252000
1568942857	25.754000
1568942978	25.717000
1568943037	25.606000
1568943097	25.717000
1568943157	25.694000
1568943217	25.694000
1568943351	25.839000
1568943397	25.839000
1568943457	25.694000
1568943517	25.850000
1568943577	25.850000
1568943636	25.850000
1568943696	25.934000
1568943818	25.997000
1568943877	25.997000
1568943936	25.997000
1568943996	25.676000
1568944117	25.661000
1568944177	25.661000
1568944238	25.661000
1568944297	25.661000
1568944416	25.828000
1568944475	25.828000
1568944537	25.808000
1568944597	25.745000
1568944657	25.745000
1568944789	25.745000
1568944836	25.745000
1568944957	25.745000
1568945017	25.813000
1568945076	26.373000
1568945138	25.813000
1568945196	25.813000
1568945256	25.813000
1568945317	26.007000
1568945377	25.745000
1568945436	25.968000
1568945496	25.968000
1568945617	26.063000
1568945676	26.063000
1568945737	26.063000
1568945857	26.063000
1568945916	25.823000
1568945976	25.663000
1568946097	25.663000
1568946157	25.512000
1568946216	25.663000
1568946275	25.793000
1568946397	25.793000
1568946457	25.793000
1568946516	25.831000
1568946637	25.831000
1568946696	25.831000
1568946756	25.831000
1568946816	25.759000
1568946877	25.732000
1568946938	25.732000
1568946996	25.732000
1568947057	25.753000
1568947116	25.791000
1568947177	25.791000
1568947236	25.753000
1568947296	25.723000
1568947356	25.723000
1568947416	25.548000
1568947476	25.723000
1568947536	25.723000
1568947656	25.690000
1568947716	25.578000
1568947838	25.690000
1568947896	25.686000
1568948017	25.686000
1568948078	25.686000
1568948136	25.686000
1568948196	25.686000
1568948256	25.708000
1568948316	25.708000
1568948376	25.710000
1568948436	25.710000
1568948557	25.710000
1568948616	25.710000
1568948676	25.710000
1568948737	25.834000
1568948796	25.834000
1568948856	25.834000
1568948916	25.834000
1568948978	25.574000
1568949036	25.574000
1568949156	25.798000
1568949216	25.798000
1568949337	25.798000
1568949396	25.837000
1568949456	25.837000
1568949516	25.803000
1568949576	25.803000
1568949649	25.803000
1568949696	25.803000
1568949756	26.225000
1568949816	26.454000
1568949876	26.454000
1568949936	26.225000
1568949996	25.773000
1568950116	25.767000
1568950176	25.767000
1568950296	25.759000
1568950355	25.658000
1568950476	25.619000
1568950596	25.619000
1568950656	25.619000
1568950715	25.605000
1568950836	25.870000
1568950896	25.881000
1568950956	25.870000
1568951016	25.746000
1568951075	25.746000
1568951136	25.684000
1568951196	25.682000
1568951256	25.682000
1568951315	25.682000
1568951375	25.754000
1568951496	25.754000
1568951556	26.060000
1568951616	26.249000
1568951676	26.060000
1568951796	25.825000
1568951855	25.825000
1568951915	25.593000
1568951976	25.593000
1568952036	25.701000
1568952095	25.593000
1568952155	25.701000
1568952277	25.975000
1568952338	25.989000
1568952396	25.975000
1568952457	26.019000
1568952516	26.019000
1568952575	26.019000
1568952635	25.796000
1568952696	25.796000
1568952816	25.583000
1568952875	25.583000
1568952996	25.583000
1568953056	25.583000
1568953116	25.712000
1568953175	25.770000
1568953296	25.801000
1568953356	25.837000
1568953416	25.937000
1568953475	25.991000
1568953536	25.991000
1568953656	25.991000
1568953715	25.738000
1568953775	25.738000
1568953835	25.738000
1568953895	25.759000
1568953955	25.869000
1568954015	25.869000
1568954075	25.777000
1568954196	25.759000
1568954256	25.777000
1568954316	25.777000
1568954375	25.777000
1568954496	26.209000
1568954556	26.209000
1568954615	26.046000
1568954676	26.046000
1568954735	26.046000
1568954856	25.801000
1568954916	25.772000
1568954975	25.772000
1568955095	25.703000
1568955155	25.772000
1568955216	25.810000
1568955276	25.810000
1568955335	25.844000
1568955395	25.844000
1568955455	25.802000
1568955515	25.802000
1568955636	25.802000
1568955695	25.694000
1568955755	25.694000
1568955876	25.694000
1568955937	25.694000
1568955995	25.694000
1568956056	25.675000
1568956115	25.828000
1568956175	25.775000
1568956296	25.767000
1568956356	25.767000
1568956415	25.775000
1568956475	25.775000
1568956595	25.767000
1568956655	25.935000
1568956715	26.242000
1568956775	26.242000
1568956838	25.796000
1568956896	25.796000
1568956956	25.729000
1568957015	25.729000
1568957075	25.498000
1568957196	25.498000
1568957255	25.791000
1568957315	25.806000
1568957375	25.791000
1568957496	25.791000
1568957555	25.729000
1568957615	25.729000
1568957675	25.724000
1568957795	25.729000
1568957856	26.088000
1568957916	26.632000
1568957974	26.088000
1568958095	26.088000
1568958155	25.975000
1568958275	25.819000
1568958335	25.819000
1568958395	25.689000
1568958455	25.706000
1568958515	25.747000
1568958575	25.747000
1568958636	25.747000
1568958695	25.776000
1568958755	25.776000
1568958815	25.776000
1568958875	25.786000
1568958935	25.786000
1568958994	25.720000
1568959115	25.720000
1568959175	25.786000
1568959235	25.711000
1568959355	25.626000
1568959414	25.626000
1568959536	25.737000
1568959594	25.626000
1568959655	25.626000
1568959715	25.737000
1568959775	25.781000
1568959835	25.631000
1568959955	25.959000
1568960015	25.959000
1568960074	25.742000
1568960134	25.734000
1568960255	25.742000
1568960315	25.742000
1568960375	25.759000
1568960436	25.785000
1568960495	25.838000
1568960555	25.969000
1568960615	25.985000
1568960675	25.985000
1568960734	25.985000
1568960794	25.589000
1568960915	25.589000
1568960975	25.589000
1568961034	25.846000
1568961094	25.846000
1568961215	25.961000
1568961275	25.846000
1568961336	25.961000
1568961395	25.781000
1568961455	25.781000
1568961514	25.781000
1568961574	25.781000
1568961695	25.711000
1568961755	25.711000
1568961815	25.711000
1568961874	25.711000
1568961935	25.816000
1568961994	25.816000
1568962054	25.816000
1568962114	25.897000
1568962248	25.816000
1568962294	25.758000
1568962415	26.047000
1568962474	25.780000
1568962595	25.758000
1568962655	25.758000
1568962714	25.743000
1568962774	25.713000
1568962895	25.572000
1568962955	25.713000
1568963014	25.553000
1568963074	25.553000
1568963135	25.555000
1568963194	25.741000
1568963254	25.741000
1568963314	25.955000
1568963374	26.006000
1568963434	26.006000
1568963494	26.006000
1568963614	26.129000
1568963674	25.979000
1568963795	25.747000
1568963855	25.747000
1568963914	25.747000
1568963974	25.747000
1568964035	25.722000
1568964095	25.828000
1568964155	25.828000
1568964215	26.013000
1568964274	26.396000
1568964334	26.396000
1568964455	25.929000
1568964514	25.929000
1568964574	25.866000
1568964634	25.866000
1568964694	25.802000
1568964815	25.802000
1568964874	25.775000
1568964935	25.750000
1568964994	25.750000
1568965114	25.750000
1568965174	25.855000
1568965295	25.855000
1568965354	25.855000
1568965414	25.712000
1568965474	25.712000
1568965533	25.613000
1568965655	25.712000
1568965714	25.712000
1568965774	25.708000
1568965894	25.708000
1568965954	26.058000
1568966014	26.233000
1568966074	26.968000
1568966134	26.968000
1568966194	26.968000
1568966253	26.665000
1568966375	26.515000
1568966434	26.439000
1568966494	26.109000
1568966554	25.938000
1568966687	25.938000
1568966735	25.938000
1568966794	25.780000
1568966854	26.079000
1568966914	26.210000
1568966974	26.480000
1568967034	26.210000
1568967154	26.210000
1568967213	25.894000
1568967274	25.894000
1568967394	25.875000
1568967454	25.745000
1568967574	25.857000
1568967635	25.745000
1568967694	25.720000
1568967754	25.745000
1568967814	25.857000
1568967873	25.936000
1568967994	25.936000
1568968054	25.936000
1568968113	25.936000
1568968235	25.787000
1568968294	25.787000
1568968353	25.849000
1568968414	25.849000
1568968473	25.849000
1568968594	25.849000
1568968654	25.702000
1568968714	25.702000
1568968774	25.702000
1568968833	25.702000
1568968893	25.873000
1568969014	26.014000
1568969073	25.873000
1568969134	25.878000
1568969193	26.014000
1568969253	26.014000
1568969313	26.038000
1568969374	26.116000
1568969494	26.116000
1568969554	26.038000
1568969614	25.897000
1568969674	25.897000
1568969733	25.897000
1568969794	25.796000
1568969926	25.796000
1568969974	25.841000
1568970094	25.796000
1568970153	25.796000
1568970274	25.721000
1568970335	25.781000
1568970394	25.781000
1568970454	25.781000
1568970514	25.781000
1568970572	25.912000
1568970633	25.912000
1568970766	25.681000
1568970813	25.858000
1568970873	25.858000
1568970933	25.726000
1568971053	25.858000
1568971113	25.891000
1568971173	25.891000
1568971294	25.921000
1568971354	25.956000
1568971414	26.321000
1568971475	26.321000
1568971533	26.321000
1568971593	26.321000
1568971653	25.662000
1568971774	25.581000
1568971833	25.532000
1568971954	25.532000
1568972013	25.459000
1568972073	25.459000
1568972135	25.579000
1568972193	25.800000
1568972253	25.802000
1568972313	25.863000
1568972373	25.863000
1568972433	26.050000
1568972493	26.050000
1568972613	26.050000
1568972673	25.931000
1568972733	25.965000
1568972793	25.965000
1568972914	26.508000
1568972973	25.965000
1568973093	25.965000
1568973153	26.508000
1568973214	26.275000
1568973275	26.275000
1568973334	26.275000
1568973393	26.275000
1568973514	26.138000
1568973573	25.831000
1568973633	25.831000
1568973754	25.799000
1568973813	25.799000
1568973873	25.799000
1568973993	25.799000
1568974053	25.780000
1568974113	25.750000
1568974173	25.696000
1568974294	25.696000
1568974353	25.666000
1568974413	25.696000
1568974473	25.696000
1568974533	25.840000
1568974592	25.749000
1568974714	25.749000
1568974773	25.695000
1568974834	25.749000
1568974893	25.631000
1568975013	25.631000
1568975073	25.690000
1568975133	25.849000
1568975254	25.690000
1568975313	25.849000
1568975373	25.690000
1568975494	25.664000
1568975553	25.653000
1568975613	25.653000
1568975673	25.653000
1568975793	25.726000
1568975853	25.794000
1568975913	25.870000
1568975975	25.794000
1568976033	25.726000
1568976092	25.870000
1568976152	25.775000
1568976213	25.775000
1568976273	25.775000
1568976393	25.775000
1568976452	25.545000
1568976513	25.545000
1568976573	25.545000
1568976634	25.617000
1568976692	25.739000
1568976753	25.940000
1568976813	25.995000
1568976872	25.995000
1568976933	25.995000
1568976993	25.995000
1568977053	25.682000
1568977112	25.673000
1568977173	25.642000
1568977293	25.642000
1568977352	25.612000
1568977412	25.612000
1568977535	25.674000
1568977593	25.674000
1568977653	25.831000
1568977713	26.382000
1568977772	25.885000
1568977905	25.831000
1568977952	25.885000
1568978012	26.116000
1568978133	25.885000
1568978193	26.116000
1568978252	26.116000
1568978312	26.153000
1568978372	26.005000
1568978493	26.005000
1568978553	25.901000
1568978613	25.901000
1568978672	25.887000
1568978732	25.887000
1568978853	25.757000
1568978913	25.879000
1568978973	25.879000
1568979032	25.879000
1568979092	25.879000
1568979213	25.879000
1568979273	25.729000
1568979334	25.578000
1568979393	25.578000
1568979453	25.578000
1568979513	25.697000
1568979573	26.245000
1568979632	26.286000
1568979692	26.286000
1568979752	26.286000
1568979812	26.276000
1568979872	25.864000
1568979993	25.864000
1568980052	25.924000
1568980112	25.924000
1568980172	25.798000
1568980293	25.924000
1568980353	25.798000
1568980412	25.798000
1568980472	26.021000
1568980532	26.021000
1568980592	25.963000
1568980652	26.305000
1568980712	26.201000
1568980772	25.963000
1568980832	25.621000
1568980892	25.697000
1568981013	25.697000
1568981073	25.697000
1568981134	25.715000
1568981192	25.800000
1568981252	25.800000
1568981312	25.829000
1568981373	25.870000
1568981432	25.870000
1568981553	25.870000
1568981612	25.870000
1568981672	25.748000
1568981732	25.748000
1568981853	25.736000
1568981912	25.748000
1568981972	26.042000
1568982033	26.042000
1568982093	25.666000
1568982152	25.856000
1568982212	25.856000
1568982272	25.856000
1568982332	25.856000
1568982452	25.856000
1568982512	25.858000
1568982571	25.387000
1568982693	25.387000
1568982752	25.554000
1568982811	25.738000
1568982871	25.721000
1568982934	25.738000
1568982992	25.764000
1568983052	25.764000
1568983112	25.764000
1568983172	26.272000
1568983232	25.904000
1568983352	25.904000
1568983411	25.532000
1568983532	25.719000
1568983592	25.706000
1568983652	25.599000
1568983711	25.706000
1568983772	25.706000
1568983892	25.706000
1568983952	25.599000
1568984012	26.370000
1568984072	26.370000
1568984131	26.370000
1568984192	26.242000
1568984313	26.242000
1568984372	26.121000
1568984432	25.785000
1568984492	25.725000
1568984613	25.682000
1568984672	25.682000
1568984733	25.785000
1568984792	25.682000
1568984852	25.617000
1568984912	25.828000
1568984970	25.588000
1568985032	25.588000
1568985092	25.674000
1568985151	25.674000
1568985211	25.674000
1568985333	25.674000
1568985392	25.674000
1568985452	25.695000
1568985572	25.753000
1568985632	25.753000
1568985691	26.004000
1568985751	26.117000
1568985812	26.348000
1568985871	26.348000
1568985932	26.117000
1568985991	25.812000
1568986052	25.775000
1568986172	25.775000
1568986231	25.775000
1568986291	25.802000
1568986412	25.802000
1568986471	25.802000
1568986591	25.722000
1568986652	25.508000
1568986711	25.508000
1568986772	25.471000
1568986831	25.508000
1568986952	25.684000
1568987011	25.690000
1568987071	25.684000
1568987131	25.690000
1568987252	25.821000
1568987312	25.740000
1568987371	25.821000
1568987433	25.821000
1568987491	25.821000
1568987551	25.740000
1568987612	25.872000
1568987672	25.729000
1568987731	25.872000
1568987791	25.729000
1568987912	25.729000
1568987972	25.718000
1568988031	25.585000
1568988091	25.585000
1568988151	25.585000
1568988272	25.590000
1568988391	25.590000
1568988451	25.714000
1568988572	26.050000
1568988632	26.045000
1568988691	26.045000
1568988812	26.045000
1568988871	25.760000
1568988931	25.740000
1568989052	25.735000
1568989111	25.740000
1568989171	25.718000
1568989291	25.718000
1568989352	25.842000
1568989411	26.327000
1568989471	25.842000
1568989531	25.842000
1568989591	25.820000
1568989711	25.820000
1568989771	25.820000
1568989892	25.842000
1568989951	25.842000
1568990011	25.842000
1568990071	25.842000
1568990133	25.876000
1568990191	25.612000
1568990252	25.849000
1568990311	25.876000
1568990371	25.849000
1568990431	25.676000
1568990491	25.676000
1568990624	25.641000
1568990671	25.641000
1568990731	25.641000
1568990851	25.541000
1568990911	25.977000
1568991033	25.977000
1568991091	26.086000
1568991151	25.915000
1568991211	26.086000
1568991270	25.915000
1568991331	26.580000
1568991452	25.828000
1568991511	26.630000
1568991571	25.828000
1568991631	26.310000
1568991691	25.930000
1568991750	25.930000
1568991810	25.769000
1568991933	25.930000
1568991991	25.930000
1568992051	26.474000
1568992111	26.578000
1568992169	26.578000
1568992231	26.474000
1568992291	26.233000
1568992350	26.206000
1568992410	25.846000
1568992531	25.735000
1568992590	25.735000
1568992650	25.846000
1568992711	25.846000
1568992770	25.759000
1568992833	25.821000
1568992891	25.759000
1568992951	25.684000
1568993011	25.684000
1568993069	25.685000
1568993131	25.685000
1568993191	25.901000
1568993250	25.901000
1568993311	25.891000
1568993443	25.901000
1568993490	25.891000
1568993550	25.790000
1568993671	25.790000
1568993732	25.780000
1568993790	25.721000
1568993911	25.721000
1568993970	25.721000
1568994030	25.780000
1568994151	26.568000
1568994211	26.568000
1568994331	26.130000
1568994390	26.130000
1568994450	26.130000
1568994510	25.775000
1568994570	25.775000
1568994691	25.737000
1568994751	25.737000
1568994810	25.737000
1568994872	27.030000
1568994931	27.030000
1568994990	27.030000
1568995050	25.767000
1568995110	25.767000
1568995231	25.767000
1568995290	25.741000
1568995350	25.741000
1568995410	25.911000
1568995470	25.763000
1568995531	25.763000
1568995590	25.763000
1568995650	25.763000
1568995710	25.670000
1568995770	25.670000
1568995891	25.670000
1568995950	25.670000
1568996070	25.722000
1568996130	25.722000
1568996251	25.722000
1568996310	25.797000
1568996370	25.797000
1568996490	25.747000
1568996550	25.797000
1568996610	25.807000
1568996670	25.747000
1568996730	25.689000
1568996790	25.759000
1568996850	25.738000
1568996910	25.644000
1568997031	25.738000
1568997090	25.738000
1568997150	25.738000
1568997210	25.796000
1568997332	25.933000
1568997390	25.933000
1568997450	25.969000
1568997511	25.970000
1568997570	25.969000
1568997691	25.620000
1568997750	25.969000
1568997810	25.756000
1568997870	25.756000
1568997930	25.780000
1568998051	26.228000
1568998110	26.062000
1568998170	26.062000
1568998231	26.062000
1568998290	26.062000
1568998410	26.062000
1568998470	25.983000
1568998590	25.716000
1568998650	25.716000
1568998771	25.716000
1568998830	25.686000
1568998889	25.716000
1568998950	25.737000
1568999070	25.830000
1568999131	25.842000
1568999190	25.842000
1568999250	25.878000
1568999310	26.017000
1568999372	26.017000
1568999430	25.777000
1568999489	25.796000
1568999610	25.777000
1568999670	25.709000
1568999729	25.709000
1568999790	25.766000
1568999849	25.685000
1568999971	25.685000
1569000031	25.766000
1569000090	25.614000
1569000210	25.614000
1569000270	25.731000
1569000329	25.731000
1569000389	25.717000
1569000450	25.731000
1569000510	25.731000
1569000569	25.717000
1569000629	25.818000
1569000751	25.963000
1569000810	26.055000
1569000870	25.963000
1569000990	25.963000
1569001050	25.836000
1569001110	25.633000
1569001171	25.633000
1569001230	25.633000
1569001290	25.668000
1569001349	25.690000
1569001409	25.756000
1569001530	25.756000
1569001590	25.756000
1569001649	25.808000
1569001709	25.756000
1569001843	25.730000
1569001889	25.744000
1569001949	25.730000
1569002010	25.730000
1569002069	25.744000
1569002129	25.927000
1569002189	25.927000
1569002249	25.927000
1569002309	25.927000
1569002431	25.810000
1569002490	25.722000
1569002550	25.810000
1569002609	25.722000
1569002732	25.722000
1569002790	25.722000
1569002850	25.972000
1569002910	26.371000
1569002969	26.371000
1569003029	25.987000
1569003089	25.987000
1569003149	25.904000
1569003270	25.778000
1569003329	25.778000
1569003450	25.778000
1569003509	25.710000
1569003644	25.710000
1569003689	25.710000
1569003750	26.050000
1569003810	26.195000
1569003869	26.195000
1569003990	25.688000
1569004049	26.035000
1569004109	26.035000
1569004169	26.035000
1569004289	26.095000
1569004349	26.095000
1569004409	26.095000
1569004545	26.162000
1569004589	25.961000
1569004649	25.685000
1569004709	25.685000
1569004768	25.910000
1569004829	25.818000
1569004889	25.910000
1569004949	25.910000
1569005009	25.910000
1569005069	25.818000
1569005129	25.697000
1569005189	25.697000
1569005249	25.711000
1569005309	25.711000
1569005369	25.711000
1569005490	25.711000
1569005550	25.702000
1569005610	25.702000
1569005668	25.655000
1569005730	25.702000
1569005789	25.738000
1569005849	25.739000
1569005909	25.738000
1569005969	25.738000
1569006089	25.721000
1569006149	25.712000
1569006209	25.686000
1569006342	25.686000
1569006389	25.628000
1569006449	25.628000
1569006510	25.628000
1569006569	25.722000
1569006629	25.757000
1569006689	25.757000
1569006749	25.722000
1569006809	25.700000
1569006942	25.700000
1569006989	25.593000
1569007048	25.593000
1569007109	25.613000
1569007243	25.630000
1569007289	25.613000
1569007409	25.630000
1569007468	25.630000
1569007529	25.733000
1569007589	25.733000
1569007648	26.330000
1569007708	25.817000
1569007769	26.330000
1569007829	25.817000
1569007949	25.922000
1569008008	25.922000
1569008131	26.071000
1569008189	25.922000
1569008249	26.035000
1569008309	26.071000
1569008368	26.035000
1569008429	25.753000
1569008488	25.826000
1569008548	25.753000
1569008609	25.753000
1569008729	25.743000
1569008788	25.766000
1569008848	25.743000
1569008909	25.743000
1569008968	25.715000
1569009031	25.715000
1569009089	25.715000
1569009149	25.849000
1569009209	26.236000
1569009267	26.236000
1569009329	26.060000
1569009449	26.041000
1569009508	26.041000
1569009629	26.005000
1569009688	25.950000
1569009749	25.950000
1569009808	25.950000
1569009868	25.950000
1569009931	26.414000
1569009988	26.414000
1569010108	26.248000
1569010169	25.619000
1569010228	25.890000
1569010288	25.833000
1569010409	25.833000
1569010468	25.734000
1569010528	25.811000
1569010588	25.811000
1569010648	25.734000
1569010769	25.811000
1569010830	26.122000
1569010888	26.122000
1569011008	26.315000
1569011067	26.315000
1569011129	25.768000
1569011189	25.768000
1569011249	25.757000
1569011308	25.709000
1569011368	25.709000
1569011428	25.757000
1569011488	25.718000
1569011548	25.718000
1569011608	25.718000
1569011742	25.794000
1569011788	25.904000
1569011848	25.904000
1569011909	25.904000
1569011968	25.904000
1569012028	25.904000
1569012088	27.904000
1569012208	27.904000
1569012268	25.908000
1569012389	25.908000
1569012448	25.852000
1569012508	25.722000
1569012568	25.722000
1569012629	25.675000
1569012689	25.593000
1569012749	25.579000
1569012808	25.675000
1569012869	25.675000
1569012928	26.059000
1569013049	26.059000
1569013108	26.182000
1569013168	26.135000
1569013228	26.059000
1569013288	25.728000
1569013348	26.135000
1569013408	25.794000
1569013542	25.679000
1569013588	25.794000
1569013708	25.898000
1569013768	25.794000
1569013889	25.898000
1569013948	25.898000
1569014008	25.752000
1569014067	25.752000
1569014128	25.752000
1569014188	25.752000
1569014248	25.883000
1569014369	25.883000
1569014430	25.731000
1569014488	25.883000
1569014548	26.100000
1569014608	26.100000
1569014669	26.100000
1569014728	26.100000
1569014849	25.790000
1569014908	25.682000
1569014968	25.680000
1569015028	25.680000
1569015149	25.680000
1569015208	25.968000
1569015267	25.968000
1569015388	25.968000
1569015448	25.731000
1569015508	25.731000
1569015567	25.627000
1569015628	25.622000
1569015748	25.627000
1569015807	25.854000
1569015868	25.665000
1569015928	25.665000
1569015988	25.854000
1569016047	25.665000
1569016168	25.665000
1569016229	25.975000
1569016288	25.975000
1569016408	25.975000
1569016468	25.975000
1569016528	25.975000
1569016587	25.799000
1569016647	25.909000
1569016707	25.799000
1569016767	25.818000
1569016828	25.818000
1569016887	25.818000
1569016947	25.818000
1569017007	25.879000
1569017130	25.924000
1569017188	25.879000
1569017308	25.924000
1569017368	25.924000
1569017428	25.669000
1569017488	25.558000
1569017547	25.551000
1569017607	25.456000
1569017729	25.435000
1569017788	25.435000
1569017847	25.456000
1569017908	25.777000
1569018041	25.777000
1569018087	25.955000
1569018207	25.955000
1569018269	25.955000
1569018327	25.955000
1569018387	25.955000
1569018508	25.877000
1569018568	25.837000
1569018627	25.877000
1569018687	25.837000
1569018747	25.771000
1569018867	25.771000
1569018928	25.771000
1569018987	25.702000
1569019108	25.702000
1569019167	25.905000
1569019288	25.690000
1569019348	25.905000
1569019407	25.905000
1569019467	25.905000
1569019527	25.893000
1569019587	25.893000
1569019708	25.875000
1569019768	25.875000
1569019829	25.875000
1569019888	25.744000
1569019948	25.744000
1569020007	26.377000
1569020069	26.377000
1569020127	25.691000
1569020248	25.797000
1569020308	25.691000
1569020367	25.672000
1569020488	25.691000
1569020547	25.725000
1569020668	25.725000
1569020729	25.960000
1569020787	25.960000
1569020847	25.845000
1569020908	25.960000
1569020967	25.845000
1569021027	25.845000
1569021087	25.877000
1569021147	25.877000
1569021268	25.752000
1569021327	25.877000
1569021387	25.787000
1569021508	25.785000
1569021567	25.785000
1569021628	25.787000
1569021687	25.787000
1569021747	25.880000
1569021807	25.880000
1569021867	25.880000
1569021927	25.803000
1569021987	25.803000
1569022108	25.803000
1569022167	25.736000
1569022227	25.736000
1569022287	25.637000
1569022347	25.637000
1569022467	25.637000
1569022528	25.637000
1569022587	25.684000
1569022646	25.714000
1569022706	25.684000
1569022769	25.634000
1569022827	25.752000
1569022887	25.916000
1569022946	25.634000
1569023007	25.916000
1569023128	25.916000
1569023187	25.916000
1569023247	25.728000
1569023307	25.728000
1569023366	25.728000
1569023487	25.860000
1569023607	25.860000
1569023668	25.860000
1569023726	25.860000
1569023786	25.823000
1569023847	25.801000
1569023907	25.700000
1569023966	25.700000
1569024027	25.715000
1569024147	25.715000
1569024207	25.819000
1569024266	25.819000
1569024387	25.819000
1569024447	25.818000
1569024507	25.809000
1569024566	25.809000
1569024627	25.579000
1569024748	25.621000
1569024807	25.621000
1569024867	25.739000
1569024927	25.621000
1569024987	25.644000
1569025046	25.644000
1569025106	25.644000
1569025167	25.644000
1569025286	25.740000
1569025346	25.740000
1569025406	25.798000
1569025465	25.740000
1569025526	26.000000
1569025586	26.000000
1569025646	26.000000
1569025779	25.782000
1569025827	25.852000
1569025887	25.782000
1569025947	25.742000
1569026006	25.742000
1569026066	25.598000
1569026140	25.598000
1569026187	25.598000
1569026246	25.598000
1569026307	25.601000
1569026367	26.062000
1569026427	25.843000
1569026487	26.059000
1569026546	26.059000
1569026606	25.843000
1569026727	25.821000
1569026787	25.766000
1569026906	25.766000
1569026966	25.766000
1569027029	25.805000
1569027087	25.805000
1569027147	25.812000
1569027207	25.812000
1569027265	25.935000
1569027387	26.537000
1569027446	26.537000
1569027567	25.935000
1569027626	25.797000
1569027686	25.760000
1569027746	25.760000
1569027867	25.713000
1569027928	25.760000
1569027986	25.760000
1569028046	25.592000
1569028106	25.592000
1569028167	25.883000
1569028226	25.606000
1569028286	25.883000
1569028346	26.040000
1569028406	26.040000
1569028527	26.040000
1569028586	26.040000
1569028646	25.737000
1569028767	25.676000
1569028828	25.676000
1569028886	25.676000
1569029006	25.721000
1569029065	25.721000
1569029187	25.954000
1569029246	25.822000
1569029306	25.954000
1569029426	25.831000
1569029486	25.831000
1569029607	25.822000
1569029666	25.831000
1569029786	25.504000
1569029846	25.504000
1569029907	26.124000
1569029967	26.161000
1569030026	26.124000
1569030086	26.413000
1569030146	26.413000
1569030206	25.782000
1569030265	25.777000
1569030387	25.686000
1569030446	25.561000
1569030506	25.561000
1569030566	25.632000
1569030627	25.561000
1569030686	25.619000
1569030746	25.632000
1569030806	25.632000
1569030866	25.668000
1569030926	25.668000
1569030986	25.725000
1569031045	25.773000
1569031106	25.773000
1569031227	25.725000
1569031286	25.895000
1569031346	25.895000
1569031406	25.794000
1569031466	25.636000
1569031528	25.794000
1569031586	25.794000
1569031646	25.794000
1569031706	25.829000
1569031766	25.829000
1569031825	25.829000
1569031886	25.624000
1569032006	25.841000
1569032066	25.820000
1569032125	25.820000
1569032185	25.820000
1569032307	25.841000
1569032366	25.820000
1569032427	25.916000
1569032486	26.057000
1569032546	25.916000
1569032606	26.057000
1569032666	26.057000
1569032726	25.693000
1569032786	25.688000
1569032906	25.688000
1569032966	25.688000
1569033099	25.693000
1569033146	26.198000
1569033206	26.198000
1569033265	26.198000
1569033328	26.198000
1569033386	26.034000
1569033446	25.792000
1569033506	25.792000
1569033565	25.792000
1569033625	25.792000
1569033746	25.868000
1569033805	25.868000
1569033865	25.868000
1569033925	25.868000
1569034046	25.720000
1569034106	25.720000
1569034165	25.735000
1569034285	25.720000
1569034346	25.735000
1569034405	25.741000
1569034464	26.118000
1569034526	26.118000
1569034585	26.118000
1569034645	25.819000
1569034705	25.819000
1569034826	25.750000
1569034885	25.750000
1569034946	25.891000
1569035005	25.891000
1569035065	25.891000
1569035126	25.891000
1569035185	25.886000
1569035246	25.886000
1569035306	26.016000
1569035364	26.016000
1569035486	26.434000
1569035546	26.434000
1569035605	26.434000
1569035665	26.264000
1569035725	26.188000
1569035785	26.188000
1569035906	26.050000
1569035966	26.192000
1569036027	25.737000
1569036085	25.737000
1569036146	25.648000
1569036205	25.648000
1569036267	25.648000
1569036325	25.608000
1569036385	25.708000
1569036445	25.796000
1569036566	25.796000
1569036625	25.900000
1569036745	25.900000
1569036805	25.900000
1569036865	25.663000
1569036985	25.663000
1569037046	25.663000
1569037105	25.732000
1569037165	25.732000
1569037225	26.455000
1569037285	25.732000
1569037345	25.889000
1569037405	25.889000
1569037465	25.889000
1569037586	25.837000
1569037645	25.837000
1569037765	25.837000
1569037826	25.714000
1569037884	25.718000
1569037946	25.714000
1569038005	25.718000
1569038065	25.620000
1569038125	25.718000
1569038185	25.673000
1569038245	25.817000
1569038366	25.817000
1569038425	25.829000
1569038485	25.817000
1569038545	25.829000
1569038665	25.829000
1569038726	26.006000
1569038785	25.604000
1569038845	26.006000
1569038905	26.006000
1569038968	26.006000
1569039025	26.168000
1569039085	26.168000
1569039205	26.162000
1569039264	25.925000
1569039386	25.795000
1569039445	25.795000
1569039504	25.648000
1569039564	25.607000
1569039685	25.648000
1569039745	25.674000
1569039805	25.674000
1569039865	25.706000
1569039924	25.706000
1569039985	25.795000
1569040045	25.795000
1569040105	25.781000
1569040165	25.850000
1569040224	25.850000
1569040284	25.781000
1569040345	25.663000
1569040405	25.663000
1569040540	25.583000
1569040585	25.583000
1569040705	25.583000
1569040766	25.544000
1569040825	25.544000
1569040884	25.720000
1569041006	25.723000
1569041065	25.720000
1569041125	25.723000
1569041184	25.798000
1569041244	25.833000
1569041305	25.798000
1569041365	25.846000
1569041426	25.882000
1569041485	25.846000
1569041605	26.083000
1569041665	26.083000
1569041725	25.990000
1569041784	25.607000
1569041844	25.990000
1569041965	25.873000
1569042024	25.990000
1569042145	25.873000
1569042204	26.023000
1569042264	25.873000
1569042326	26.032000
1569042384	25.526000
1569042445	26.032000
1569042504	26.032000
1569042564	26.032000
1569042685	25.600000
1569042744	25.600000
1569042804	25.600000
1569042864	25.600000
1569042925	25.596000
1569042984	25.612000
1569043044	25.674000
1569043165	25.688000
1569043226	25.612000
1569043284	25.688000
1569043344	25.688000
1569043404	25.688000
1569043463	25.663000
1569043525	25.879000
1569043584	26.083000
1569043644	26.259000
1569043704	26.083000
1569043764	26.259000
1569043885	26.083000
1569043944	26.300000
1569044004	25.751000
1569044064	25.751000
1569044125	25.751000
1569044184	25.751000
1569044304	25.751000
1569044363	26.562000
1569044425	26.562000
1569044485	26.000000
1569044544	26.019000
1569044604	26.000000
1569044664	25.793000
1569044724	26.000000
1569044845	26.019000
1569044904	25.754000
1569044964	25.577000
1569045027	26.093000
1569045084	25.836000
1569045144	25.555000
1569045205	25.836000
1569045263	25.836000
1569045324	25.836000
1569045384	25.840000
1569045444	25.864000
1569045504	25.840000
1569045625	25.840000
1569045684	25.671000
1569045744	25.654000
1569045864	25.654000
1569045925	25.654000
1569045984	25.654000
1569046044	25.654000
1569046104	25.808000
1569046163	25.687000
1569046224	25.687000
1569046284	25.687000
1569046344	25.893000
1569046464	25.687000
1569046524	25.671000
1569046583	25.671000
1569046644	26.148000
1569046704	25.671000
1569046839	26.012000
1569046884	26.012000
1569046944	26.006000
1569047004	25.788000
1569047064	25.788000
1569047124	25.755000
1569047184	25.722000
1569047244	25.722000
1569047304	25.697000
1569047364	25.626000
1569047485	25.722000
1569047544	25.626000
1569047604	25.626000
1569047664	25.951000
1569047725	26.304000
1569047784	25.951000
1569047845	26.309000
1569047904	26.309000
1569047963	26.309000
1569048024	25.544000
1569048084	25.649000
1569048144	25.649000
1569048264	25.649000
1569048323	25.649000
1569048445	25.682000
1569048504	25.694000
1569048564	25.682000
1569048625	25.743000
1569048683	25.743000
1569048804	25.743000
1569048864	25.685000
1569048923	25.685000
1569048984	25.685000
1569049105	25.800000
1569049164	25.800000
1569049224	25.800000
1569049284	25.829000
1569049343	25.829000
1569049403	25.734000
1569049538	25.734000
1569049584	25.734000
1569049645	25.734000
1569049704	26.246000
1569049763	26.246000
1569049884	26.027000
1569049944	26.027000
1569050003	25.844000
1569050124	25.822000
1569050184	25.822000
1569050244	25.795000
1569050303	25.822000
1569050363	25.795000
1569050484	25.795000
1569050544	25.858000
1569050603	25.858000
1569050664	25.781000
1569050724	25.794000
1569050783	25.794000
1569050843	25.781000
1569050903	25.742000
1569051024	25.794000
1569051083	25.742000
1569051204	25.661000
1569051264	25.481000
1569051325	25.661000
1569051384	25.661000
1569051444	25.671000
1569051504	25.767000
1569051562	26.187000
1569051624	25.958000
1569051683	25.958000
1569051804	25.958000
1569051863	25.640000
1569051923	25.640000
1569052044	25.462000
1569052103	25.640000
1569052163	25.854000
1569052283	25.854000
1569052343	25.854000
1569052403	26.038000
1569052463	26.038000
1569052523	25.986000
1569052643	26.042000
1569052703	25.986000
1569052763	25.912000
1569052823	25.986000
1569052943	25.912000
1569053003	25.777000
1569053063	25.912000
1569053183	25.777000
1569053243	25.705000
1569053303	25.705000
1569053364	25.675000
1569053423	25.675000
1569053543	25.675000
1569053603	26.063000
1569053724	25.675000
1569053783	26.063000
1569053843	25.975000
1569053903	26.462000
1569053963	25.975000
1569054084	26.141000
1569054144	26.141000
1569054203	26.559000
1569054264	26.582000
1569054323	26.582000
1569054383	26.582000
1569054443	26.407000
1569054563	25.780000
1569054623	25.770000
1569054682	25.780000
1569054742	25.919000
1569054864	25.770000
1569054924	25.919000
1569054983	25.919000
1569055043	25.763000
1569055103	25.763000
1569055163	26.068000
1569055283	25.570000
1569055343	25.715000
1569055464	25.715000
1569055523	25.715000
1569055583	25.715000
1569055643	25.723000
1569055702	25.784000
1569055825	25.823000
1569055883	25.784000
1569055943	25.807000
1569056003	25.784000
1569056065	25.807000
1569056123	25.747000
1569056183	25.760000
1569056242	25.760000
1569056303	25.773000
1569056424	25.773000
1569056483	25.854000
1569056543	25.854000
1569056603	25.964000
1569056737	25.854000
1569056782	25.854000
1569056843	25.964000
1569056903	25.964000
1569056963	25.850000
1569057022	25.850000
1569057143	25.800000
1569057203	25.800000
1569057263	25.850000
1569057323	25.800000
1569057382	26.183000
1569057504	26.183000
1569057563	25.877000
1569057623	25.877000
1569057683	25.877000
1569057742	25.826000
1569057803	25.826000
1569057864	26.068000
1569057923	25.677000
1569057982	25.651000
1569058042	25.651000
1569058103	25.651000
1569058162	25.651000
1569058222	25.636000
1569058343	25.706000
1569058403	25.748000
1569058462	25.748000
1569058524	25.748000
1569058582	25.861000
1569058642	25.929000
1569058702	26.312000
1569058765	26.564000
1569058822	26.312000
1569058943	26.312000
1569059003	25.932000
1569059062	25.932000
1569059183	25.720000
1569059242	25.710000
1569059302	25.720000
1569059362	25.813000
1569059424	25.813000
1569059483	25.880000
1569059543	26.347000
1569059603	26.423000
1569059662	26.423000
1569059783	26.423000
1569059843	26.423000
1569059903	25.907000
1569059962	25.771000
1569060022	25.771000
1569060142	25.693000
1569060202	25.693000
1569060262	25.693000
1569060323	25.769000
1569060382	25.769000
1569060442	25.830000
1569060502	26.051000
1569060562	25.769000
1569060683	25.657000
1569060742	25.861000
1569060802	25.861000
1569060862	25.657000
1569060922	25.782000
1569061042	25.782000
1569061102	25.698000
1569061162	25.698000
1569061282	25.698000
1569061342	25.612000
1569061402	25.612000
1569061461	26.027000
1569061522	26.027000
1569061582	26.027000
1569061642	26.027000
1569061702	25.905000
1569061761	25.803000
1569061883	25.803000
1569061942	25.803000
1569062002	25.803000
1569062062	25.803000
1569062182	25.654000
1569062243	25.654000
1569062303	25.654000
1569062362	25.781000
1569062422	26.151000
1569062543	26.231000
1569062602	26.231000
1569062662	26.231000
1569062722	26.231000
1569062842	25.979000
1569062902	25.621000
1569062961	25.516000
1569063024	25.516000
1569063082	25.576000
1569063142	25.576000
1569063202	25.766000
1569063262	25.766000
1569063321	25.633000
1569063382	25.633000
1569063502	25.633000
1569063561	25.633000
1569063621	25.582000
1569063755	25.839000
1569063802	25.850000
1569063862	25.850000
1569063981	25.850000
1569064041	25.891000
1569064102	26.056000
1569064161	26.715000
1569064222	26.056000
1569064282	26.056000
1569064341	26.056000
1569064463	26.030000
1569064522	25.777000
1569064582	25.589000
1569064641	25.589000
1569064702	25.584000
1569064762	25.589000
1569064882	25.874000
1569064942	25.874000
1569065002	25.874000
1569065062	25.874000
1569065121	25.874000
1569065181	25.729000
1569065302	25.874000
1569065362	25.624000
1569065482	25.624000
1569065542	25.602000
1569065601	25.585000
1569065661	25.585000
1569065724	25.602000
1569065782	25.699000
1569065842	26.015000
1569065902	26.661000
1569065961	26.661000
1569066082	25.977000
1569066142	26.111000
1569066201	25.977000
1569066261	25.948000
1569066382	25.948000
1569066442	25.680000
1569066501	25.680000
1569066636	25.716000
1569066681	25.716000
1569066742	26.044000
1569066802	26.044000
1569066862	26.044000
1569066922	26.044000
1569066982	26.014000
1569067041	25.919000
1569067101	25.882000
1569067222	25.919000
1569067281	25.919000
1569067402	25.882000
1569067462	25.925000
1569067522	25.925000
1569067581	25.724000
1569067641	25.693000
1569067701	25.693000
1569067761	25.693000
1569067882	25.624000
1569067941	25.830000
1569068061	25.837000
1569068121	25.837000
1569068254	25.830000
1569068302	25.830000
1569068362	25.770000
1569068481	25.770000
1569068542	25.701000
1569068601	25.770000
1569068661	25.812000
1569068782	25.812000
1569068841	25.812000
1569068901	26.162000
1569068961	25.812000
1569069021	26.162000
1569069142	26.313000
1569069201	26.162000
1569069261	26.052000
1569069381	26.052000
1569069441	25.917000
1569069502	25.917000
1569069561	25.917000
1569069621	26.026000
1569069681	26.026000
1569069802	26.026000
1569069861	25.667000
1569069921	25.667000
1569070041	25.621000
1569070101	25.667000
1569070161	25.705000
1569070281	25.880000
1569070341	25.880000
1569070402	26.061000
1569070462	26.342000
1569070521	26.342000
1569070581	26.342000
1569070641	26.014000
1569070700	25.988000
1569070760	25.988000
1569070881	25.988000
1569070941	25.988000
1569071000	26.130000
1569071061	26.130000
1569071181	26.101000
1569071241	26.130000
1569071302	26.642000
1569071361	27.732000
1569071420	27.732000
1569071481	27.732000
1569071540	26.996000
1569071601	25.602000
1569071660	25.602000
1569071721	25.602000
1569071842	25.624000
1569071901	25.624000
1569072035	25.689000
1569072081	25.644000
1569072141	25.863000
1569072200	25.897000
1569072261	25.897000
1569072320	25.883000
1569072381	25.883000
1569072441	25.734000
1569072500	25.727000
1569072561	25.701000
1569072620	25.701000
1569072680	25.679000
1569072741	25.656000
1569072800	25.656000
1569072861	25.902000
1569072922	25.902000
1569072981	25.902000
1569073101	26.009000
1569073161	26.009000
1569073221	25.677000
1569073341	25.677000
1569073401	25.854000
1569073521	25.624000
1569073581	25.854000
1569073641	25.854000
1569073761	25.804000
1569073822	25.804000
1569073881	25.804000
1569073940	25.604000
1569074000	25.604000
1569074060	25.717000
1569074120	25.717000
1569074180	25.717000
1569074301	25.717000
1569074360	25.738000
1569074420	25.738000
1569074480	25.691000
1569074540	25.560000
1569074661	25.793000
1569074722	26.018000
1569074780	25.944000
1569074841	25.944000
1569074901	25.944000
1569074962	25.848000
1569075020	25.795000
1569075080	25.695000
1569075201	25.691000
1569075260	25.695000
1569075320	25.695000
1569075380	25.695000
1569075440	25.691000
1569075500	25.739000
1569075634	25.739000
1569075681	25.670000
1569075740	25.739000
1569075801	25.814000
1569075860	25.814000
1569075920	25.731000
1569075980	25.731000
1569076040	25.656000
1569076100	25.656000
1569076220	25.731000
1569076280	25.656000
1569076340	25.640000
1569076400	25.769000
1569076460	25.741000
1569076521	25.741000
1569076580	25.769000
1569076640	26.685000
1569076700	27.243000
1569076762	27.243000
1569076820	26.685000
1569076880	26.015000
1569077001	26.015000
1569077060	25.887000
1569077181	25.887000
1569077240	26.015000
1569077300	25.761000
1569077360	25.761000
1569077421	26.005000
1569077480	26.005000
1569077600	26.005000
1569077660	27.163000
1569077720	27.163000
1569077780	25.987000
1569077840	25.705000
1569077900	25.702000
1569078021	25.702000
1569078080	25.705000
1569078140	25.778000
1569078200	25.907000
1569078260	25.907000
1569078380	25.907000
1569078440	26.192000
1569078501	26.192000
1569078561	26.378000
1569078620	26.378000
1569078741	26.192000
1569078800	25.674000
1569078860	25.674000
1569078920	25.674000
1569078980	25.780000
1569079040	25.780000
1569079100	26.091000
1569079160	25.780000
1569079280	25.736000
1569079399	25.736000
1569079460	25.653000
1569079580	25.653000
1569079640	25.727000
1569079700	25.727000
1569079760	25.653000
1569079820	25.727000
1569079880	25.616000
1569079940	25.616000
1569080060	25.762000
1569080121	26.052000
1569080180	26.052000
1569080300	26.052000
1569080360	26.052000
1569080420	25.851000
1569080541	25.851000
1569080600	25.961000
1569080720	26.090000
1569080780	25.961000
1569080840	25.961000
1569080900	25.961000
1569081034	25.869000
1569081080	25.681000
1569081200	25.869000
1569081260	25.928000
1569081320	25.928000
1569081379	25.928000
1569081500	25.928000
1569081559	25.833000
1569081620	25.833000
1569081679	25.747000
1569081740	25.747000
1569081799	25.609000
1569081934	25.574000
1569081980	25.574000
1569082040	25.574000
1569082099	25.719000
1569082160	25.719000
1569082219	25.719000
1569082352	25.717000
1569082400	25.717000
1569082520	25.717000
1569082579	25.751000
1569082640	25.751000
1569082699	25.819000
1569082822	25.819000
1569082880	25.751000
1569082940	25.728000
1569082999	26.415000
1569083059	26.029000
1569083119	25.820000
1569083240	25.820000
1569083299	25.820000
1569083420	25.701000
1569083480	25.701000
1569083539	25.701000
1569083660	25.772000
1569083721	25.804000
1569083779	25.804000
1569083900	25.898000
1569083960	26.231000
1569084019	26.302000
1569084140	26.302000
1569084199	26.302000
1569084320	26.231000
1569084380	25.727000
1569084440	25.727000
1569084499	25.727000
1569084633	26.192000
1569084679	26.337000
1569084740	26.337000
1569084799	26.751000
1569084859	26.751000
1569084919	25.891000
1569084979	25.810000
1569085039	25.810000
1569085099	25.720000
1569085159	25.720000
1569085280	25.810000
1569085339	25.767000
1569085399	25.976000
1569085459	25.976000
1569085579	26.013000
1569085639	26.013000
1569085700	26.213000
1569085759	26.213000
1569085818	26.213000
1569085879	25.818000
1569085999	25.783000
1569086059	25.783000
1569086119	25.783000
1569086240	25.826000
1569086300	25.878000
1569086359	25.878000
1569086421	26.432000
1569086479	25.878000
1569086539	25.653000
1569086599	25.653000
1569086659	25.947000
1569086719	25.704000
1569086779	25.947000
1569086900	25.947000
1569086959	25.704000
1569087019	25.704000
1569087139	25.755000
1569087198	25.740000
1569087259	25.755000
1569087378	25.755000
1569087438	25.755000
1569087499	25.851000
1569087558	25.851000
1569087619	25.729000
1569087679	25.729000
1569087739	25.717000
1569087799	25.717000
1569087920	25.717000
1569087979	25.717000
1569088039	25.754000
1569088099	25.890000
1569088159	25.890000
1569088279	25.890000
1569088339	25.890000
1569088399	25.716000
1569088459	25.716000
1569088518	25.823000
1569088579	25.716000
1569088700	25.718000
1569088759	25.718000
1569088818	25.638000
1569088878	25.593000
1569088938	25.638000
1569089059	25.638000
1569089178	25.830000
1569089239	25.918000
1569089299	26.424000
1569089358	25.918000
1569089480	25.918000
1569089539	25.914000
1569089599	25.914000
1569089659	25.896000
1569089719	25.896000
1569089779	25.743000
1569089838	25.570000
1569089898	25.570000
1569089958	25.570000
1569090078	25.570000
1569090138	25.660000
1569090199	25.934000
1569090258	25.660000
1569090379	25.660000
1569090438	25.827000
1569090559	25.877000
1569090618	25.827000
1569090739	25.827000
1569090798	25.793000
1569090859	25.716000
1569090919	25.716000
1569090979	25.793000
1569091098	26.339000
1569091158	26.339000
1569091218	26.339000
1569091278	26.162000
1569091338	25.845000
1569091398	25.597000
1569091458	25.597000
1569091578	25.582000
1569091638	25.582000
1569091698	25.563000
1569091758	25.582000
1569091832	25.563000
1569091878	25.507000
1569091938	25.563000
1569091999	25.736000
1569092059	25.763000
1569092118	25.779000
1569092178	25.779000
1569092238	26.049000
1569092358	26.188000
1569092418	26.188000
1569092478	25.684000
1569092538	25.684000
1569092598	25.684000
1569092658	25.684000
1569092778	25.688000
1569092838	26.052000
1569092899	26.805000
1569092958	27.555000
1569093019	26.805000
1569093078	26.805000
1569093138	26.321000
1569093198	25.821000
1569093258	25.742000
1569093318	25.747000
1569093439	25.747000
1569093498	25.747000
1569093558	25.747000
1569093679	25.747000
1569093739	25.562000
1569093798	25.752000
1569093858	25.630000
1569093918	25.562000
1569093978	25.630000
1569094038	25.657000
1569094158	25.630000
1569094218	25.563000
1569094338	25.657000
1569094397	25.563000
1569094458	25.563000
1569094578	25.563000
1569094638	25.724000
1569094698	25.724000
1569094758	25.974000
1569094818	25.724000
1569094878	25.724000
1569094938	25.719000
1569094998	25.658000
1569095057	25.657000
1569095118	25.657000
1569095178	25.658000
1569095311	25.674000
1569095358	25.674000
1569095478	25.674000
1569095538	25.729000
1569095598	25.729000
1569095658	25.693000
1569095779	25.693000
1569095838	25.729000
1569095898	25.862000
1569096018	25.693000
1569096078	25.677000
1569096138	25.812000
1569096258	25.648000
1569096319	25.648000
1569096378	25.647000
1569096438	25.812000
1569096498	26.861000
1569096557	26.861000
1569096678	26.129000
1569096738	26.129000
1569096798	25.809000
1569096858	25.809000
1569096918	25.666000
1569096977	25.809000
1569097037	25.773000
1569097158	25.993000
1569097219	25.773000
1569097278	25.773000
1569097338	25.773000
1569097398	26.127000
1569097458	25.913000
1569097578	25.913000
1569097638	25.913000
1569097698	25.797000
1569097758	25.776000
1569097818	25.776000
1569097878	25.551000
1569097937	25.776000
1569097997	25.551000
1569098057	25.906000
1569098177	25.740000
1569098238	25.796000
1569098298	25.796000
1569098358	25.796000
1569098478	25.796000
1569098537	25.796000
1569098597	25.774000
1569098657	25.704000
1569098779	25.774000
1569098838	25.774000
1569098897	25.774000
1569098957	25.826000
1569099018	25.826000
1569099078	25.826000
1569099138	25.826000
1569099197	26.135000
1569099257	26.135000
1569099378	26.135000
1569099437	26.094000
1569099497	25.884000
1569099557	25.722000
1569099617	25.722000
1569099677	25.856000
1569099737	25.856000
1569099797	25.836000
1569099932	25.836000
1569099977	25.672000
1569100037	25.597000
1569100098	25.597000
1569100157	25.597000
1569100217	25.597000
1569100337	25.696000
1569100397	25.696000
1569100457	25.696000
1569100517	25.637000
1569100577	25.654000
1569100637	25.654000
1569100758	25.687000
1569100819	25.687000
1569100877	25.768000
1569100938	25.768000
1569100997	25.768000
1569101056	25.970000
1569101117	25.970000
1569101177	25.786000
1569101237	25.786000
1569101297	25.665000
1569101357	25.664000
1569101417	25.665000
1569101477	25.659000
1569101537	25.659000
1569101597	25.657000
1569101657	25.742000
1569101777	25.657000
1569101837	25.646000
1569101898	25.646000
1569101956	25.737000
1569102017	25.737000
1569102077	25.737000
1569102137	25.737000
1569102258	25.637000
1569102317	25.637000
1569102377	25.637000
1569102437	25.637000
1569102558	25.720000
1569102619	25.786000
1569102677	25.855000
1569102737	26.535000
1569102797	27.015000
1569102857	27.015000
1569102978	26.535000
1569103037	26.235000
1569103158	25.997000
1569103217	25.977000
1569103276	25.977000
1569103398	25.889000
1569103457	25.835000
1569103518	25.835000
1569103577	25.700000
1569103697	25.835000
1569103757	26.005000
1569103877	26.005000
1569103936	25.897000
1569103997	26.005000
1569104117	25.897000
1569104177	25.716000
1569104298	25.577000
1569104357	25.611000
1569104477	25.539000
1569104537	25.611000
1569104598	25.564000
1569104658	25.611000
1569104717	25.895000
1569104777	25.895000
1569104837	25.729000
1569104896	25.895000
1569104957	25.814000
1569105016	25.729000
1569105077	25.814000
1569105136	25.814000
1569105197	25.700000
1569105256	25.700000
1569105377	25.831000
1569105437	25.700000
1569105497	25.831000
1569105556	26.004000
1569105616	26.004000
1569105737	26.038000
1569105796	26.038000
1569105857	25.921000
1569105916	25.811000
1569106037	25.811000
1569106096	25.811000
1569106156	25.675000
1569106277	25.898000
1569106336	26.052000
1569106398	26.052000
1569106456	26.624000
1569106517	26.624000
1569106576	26.624000
1569106636	26.243000
1569106696	26.101000
1569106817	25.963000
1569106876	25.829000
1569106997	25.774000
1569107056	25.911000
1569107177	25.774000
1569107237	25.774000
1569107296	25.841000
1569107356	25.911000
1569107477	25.846000
1569107536	25.945000
1569107596	25.846000
1569107656	25.846000
1569107716	25.835000
1569107776	25.835000
1569107836	25.835000
1569107957	25.835000
1569108017	26.504000
1569108076	26.504000
1569108137	25.695000
1569108196	25.695000
1569108256	25.626000
1569108316	25.626000
1569108376	25.759000
1569108436	25.759000
1569108496	25.716000
1569108556	25.716000
1569108677	25.716000
1569108736	25.680000
1569108796	25.680000
1569108856	25.680000
1569108976	25.804000
1569109037	25.804000
1569109096	25.854000
1569109156	25.854000
1569109216	25.854000
1569109276	25.920000
1569109336	25.790000
1569109396	25.790000
1569109456	25.867000
1569109516	25.867000
1569109576	25.690000
1569109636	25.690000
1569109756	25.690000
1569109876	25.690000
1569109937	25.690000
1569109996	25.796000
1569110056	25.811000
1569110116	25.796000
1569110176	25.768000
1569110236	25.768000
1569110296	25.768000
1569110356	25.724000
1569110416	25.724000
1569110476	25.720000
1569110536	25.710000
1569110656	25.710000
1569110776	25.710000
1569110836	25.691000
1569110957	25.710000
1569111016	25.691000
1569111076	25.614000
1569111136	25.691000
1569111257	25.614000
1569111316	25.614000
1569111376	25.613000
1569111435	25.780000
1569111556	25.780000
1569111617	25.790000
1569111676	25.790000
1569111797	25.951000
1569111856	26.467000
1569111916	26.467000
1569111975	26.467000
1569112036	25.864000
1569112096	25.781000
1569112156	25.724000
1569112216	25.724000
1569112276	25.721000
1569112336	25.710000
1569112396	25.721000
1569112456	25.710000
1569112576	25.710000
1569112636	25.774000
1569112696	25.932000
1569112757	26.050000
1569112816	26.588000
1569112875	26.699000
1569112996	26.588000
1569113055	26.050000
1569113176	25.747000
1569113236	25.681000
1569113296	25.681000
1569113355	25.681000
1569113475	25.681000
1569113535	25.754000
1569113596	25.880000
1569113657	25.880000
1569113715	25.779000
1569113775	25.987000
1569113835	25.779000
1569113896	25.591000
1569113955	25.658000
1569114016	25.617000
1569114136	25.617000
1569114196	25.658000
1569114256	25.717000
1569114376	25.717000
1569114436	25.809000
1569114495	25.809000
1569114557	26.764000
1569114616	26.764000
1569114736	26.764000
1569114796	25.754000
1569114916	25.662000
1569114976	25.662000
1569115036	25.692000
1569115096	25.754000
1569115155	25.786000
1569115275	25.786000
1569115396	25.907000
1569115458	25.786000
1569115515	25.741000
1569115636	25.741000
1569115695	25.824000
1569115816	25.647000
1569115875	25.667000
1569115935	25.824000
1569115995	25.667000
1569116055	25.667000
1569116116	25.667000
1569116175	25.674000
1569116236	25.674000
1569116295	25.749000
1569116355	25.886000
1569116415	25.961000
1569116475	26.273000
1569116535	26.273000
1569116595	26.006000
1569116655	25.961000
1569116775	26.006000
1569116835	26.006000
1569116895	26.006000
1569117029	25.843000
1569117075	25.843000
1569117196	25.843000
1569117255	25.843000
1569117315	25.697000
1569117375	26.033000
1569117435	26.205000
1569117495	26.033000
1569117555	25.986000
1569117615	25.986000
1569117675	25.887000
1569117735	25.816000
1569117855	25.743000
1569117975	25.743000
1569118035	25.743000
1569118095	26.006000
1569118154	26.006000
1569118276	26.006000
1569118335	26.006000
1569118455	26.272000
1569118515	25.810000
1569118575	25.696000
1569118635	25.696000
1569118755	25.696000
1569118875	25.696000
1569118935	25.708000
1569118995	25.708000
1569119116	25.708000
1569119175	25.677000
1569119296	25.677000
1569119355	25.677000
1569119415	25.707000
1569119535	25.707000
1569119594	25.707000
1569119655	25.852000
1569119716	25.852000
1569119775	25.763000
1569119895	25.852000
1569119955	25.852000
1569120015	25.763000
1569120074	25.723000
1569120135	25.715000
1569120256	25.715000
1569120315	25.723000
1569120435	25.816000
1569120495	25.816000
1569120617	25.816000
1569120675	25.816000
1569120735	25.803000
1569120795	25.803000
1569120854	25.824000
1569120915	25.824000
1569120974	26.429000
1569121095	26.445000
1569121154	26.445000
1569121275	26.364000
1569121335	26.364000
1569121395	25.761000
1569121529	25.761000
1569121575	25.658000
1569121695	25.658000
1569121755	25.785000
1569121814	25.827000
1569121874	25.827000
1569121995	25.827000
1569122055	25.827000
1569122114	25.827000
1569122175	25.730000
1569122295	25.707000
1569122354	25.730000
1569122474	25.707000
1569122534	25.707000
1569122594	25.631000
1569122654	25.631000
1569122714	25.594000
1569122774	25.631000
1569122896	25.700000
1569122955	25.700000
1569123015	25.629000
1569123074	25.646000
1569123135	25.646000
1569123255	25.646000
1569123315	25.706000
1569123374	25.706000
1569123495	25.706000
1569123553	26.288000
1569123615	25.919000
1569123675	25.919000
1569123735	25.919000
1569123794	25.818000
1569123854	25.818000
1569123914	25.638000
1569123974	25.638000
1569124095	25.750000
1569124154	25.750000
1569124215	25.750000
1569124274	25.750000
1569124334	26.007000
1569124394	26.257000
1569124455	26.257000
1569124515	26.199000
1569124575	26.199000
1569124635	25.781000
1569124694	25.729000
1569124754	25.729000
1569124814	25.778000
1569124935	25.551000
1569124994	25.551000
1569125129	25.552000
1569125175	25.544000
1569125235	25.544000
1569125294	25.552000
1569125356	26.000000
1569125414	26.000000
1569125474	26.000000
1569125595	25.609000
1569125655	25.569000
1569125714	25.569000
1569125834	25.598000
1569125894	25.609000
1569126017	25.895000
1569126075	25.895000
1569126134	25.598000
1569126194	26.059000
1569126254	26.201000
1569126314	25.604000
1569126374	26.201000
1569126434	26.201000
1569126555	25.997000
1569126614	25.872000
1569126674	25.872000
1569126734	25.872000
1569126855	25.832000
1569126916	25.832000
1569126974	25.832000
1569127034	26.164000
1569127094	26.164000
1569127156	26.164000
1569127214	25.885000
1569127273	25.885000
1569127334	25.885000
1569127454	25.885000
1569127514	25.885000
1569127635	25.858000
1569127694	26.294000
1569127754	25.858000
1569127815	25.838000
1569127874	25.838000
1569127934	25.835000
1569127994	25.835000
1569128054	26.000000
1569128114	26.016000
1569128174	26.000000
1569128294	26.000000
1569128354	25.862000
1569128474	25.862000
1569128534	25.747000
1569128654	25.713000
1569128773	25.713000
1569128833	25.713000
1569128894	25.713000
1569129014	25.724000
1569129073	25.724000
1569129134	25.915000
1569129254	25.753000
1569129313	25.724000
1569129373	25.713000
1569129494	25.713000
1569129553	25.711000
1569129674	25.711000
1569129734	25.711000
1569129794	25.794000
1569129856	26.020000
1569129914	26.020000
1569129973	26.020000
1569130033	25.930000
1569130094	25.807000
1569130214	25.793000
1569130273	25.793000
1569130333	25.736000
1569130393	25.706000
1569130516	25.736000
1569130574	25.706000
1569130633	25.736000
1569130694	26.101000
1569130754	26.101000
1569130814	25.685000
1569130934	26.054000
1569130993	25.685000
1569131114	25.685000
1569131174	25.658000
1569131233	25.635000
1569131293	25.635000
1569131427	25.778000
1569131473	25.778000
1569131594	25.877000
1569131653	26.046000
1569131713	26.046000
1569131773	26.046000
1569131894	26.009000
1569131954	25.555000
1569132013	25.555000
1569132134	25.555000
1569132194	25.820000
1569132253	25.820000
1569132374	25.820000
1569132434	25.802000
1569132494	25.802000
1569132553	25.746000
1569132674	25.746000
1569132734	25.777000
1569132793	25.777000
1569132853	25.740000
1569132913	25.777000
1569132973	25.777000
1569133093	25.797000
1569133153	25.797000
1569133273	25.841000
1569133334	25.841000
1569133394	25.971000
1569133453	25.971000
1569133573	25.971000
1569133633	25.809000
1569133754	26.056000
1569133813	26.056000
1569133873	25.824000
1569133994	26.589000
1569134053	26.589000
1569134173	26.271000
1569134234	25.963000
1569134293	26.271000
1569134353	25.963000
1569134413	25.963000
1569134473	25.963000
1569134594	25.772000
1569134653	25.772000
1569134713	25.791000
1569134773	25.791000
1569134894	25.774000
1569134953	25.791000
1569135014	25.857000
1569135073	25.774000
1569135133	25.767000
1569135193	29.225000
1569135253	25.685000
1569135313	25.685000
1569135434	25.685000
1569135493	25.706000
1569135553	25.706000
1569135673	25.752000
1569135733	25.770000
1569135793	25.770000
1569135852	25.752000
1569135915	25.752000
1569135973	25.770000
1569136033	25.783000
1569136093	25.954000
1569136152	25.954000
1569136212	25.783000
1569136273	25.697000
1569136333	25.670000
1569136453	25.670000
1569136513	25.670000
1569136573	25.639000
1569136693	25.670000
1569136752	25.840000
1569136873	25.840000
1569136993	26.307000
1569137053	26.307000
1569137173	25.886000
1569137233	25.886000
1569137292	25.886000
1569137353	25.589000
1569137413	25.589000
1569137472	25.589000
1569137593	25.728000
1569137653	25.728000
1569137772	25.728000
1569137833	25.728000
1569137893	25.728000
1569137953	25.726000
1569138012	25.624000
1569138072	25.679000
1569138193	25.624000
1569138252	25.607000
1569138312	25.607000
1569138434	25.630000
1569138493	25.573000
1569138553	25.630000
1569138673	25.630000
1569138793	25.923000
1569138853	25.629000
1569138912	25.775000
1569138972	25.653000
1569139032	25.653000
1569139154	25.629000
1569139213	25.653000
1569139272	25.653000
1569139332	25.684000
1569139392	25.781000
1569139452	25.781000
1569139513	25.781000
1569139573	25.697000
1569139632	25.781000
1569139692	26.236000
1569139753	26.236000
1569139812	26.074000
1569139872	26.074000
1569139992	26.074000
1569140052	25.818000
1569140112	25.818000
1569140244	25.689000
1569140292	25.689000
1569140352	25.688000
1569140415	25.688000
1569140473	25.737000
1569140533	25.737000
1569140593	25.737000
1569140652	25.737000
1569140712	25.737000
1569140772	25.713000
1569140893	25.775000
1569140953	25.775000
1569141012	25.920000
1569141072	25.920000
1569141132	25.920000
1569141192	25.853000
1569141252	25.848000
1569141313	25.848000
1569141372	25.744000
1569141492	25.744000
1569141552	26.273000
1569141612	26.273000
1569141672	25.451000
1569141792	25.822000
1569141852	25.822000
1569141973	25.596000
1569142032	25.667000
1569142092	25.667000
1569142152	25.667000
1569142273	25.667000
1569142333	25.698000
1569142392	26.599000
1569142454	26.703000
1569142512	26.703000
1569142572	26.703000
1569142692	25.738000
1569142752	25.738000
1569142812	25.738000
1569142871	25.884000
1569142931	25.903000
1569142992	25.903000
1569143052	25.903000
1569143172	25.903000
1569143233	25.737000
1569143292	25.737000
1569143353	25.668000
1569143412	25.668000
1569143472	25.933000
1569143532	25.933000
1569143592	25.896000
1569143652	25.933000
1569143773	25.896000
1569143832	25.804000
1569143892	25.769000
1569143952	25.726000
1569144072	25.725000
1569144132	25.608000
1569144192	25.608000
1569144251	25.608000
1569144372	25.801000
1569144432	25.801000
1569144492	25.801000
1569144551	25.650000
1569144611	25.650000
1569144744	25.650000
1569144792	25.650000
1569144851	25.686000
1569144913	25.854000
1569144972	25.686000
1569145091	25.686000
1569145153	25.942000
1569145211	25.942000
1569145271	25.760000
1569145332	25.942000
1569145452	25.760000
1569145511	25.726000
1569145572	25.651000
1569145692	25.726000
1569145751	25.726000
1569145871	25.958000
1569145932	25.958000
1569145992	25.962000
1569146052	25.962000
1569146112	25.828000
1569146172	25.750000
1569146232	25.784000
1569146291	25.784000
1569146352	25.789000
1569146412	25.784000
1569146471	25.784000
1569146531	25.762000
1569146652	25.762000
1569146772	25.762000
1569146832	26.253000
1569146892	26.253000
1569146952	26.253000
1569147011	26.227000
1569147132	25.798000
1569147192	25.798000
1569147251	25.798000
1569147312	26.012000
1569147371	26.012000
1569147431	26.012000
1569147552	25.958000
1569147672	25.844000
1569147732	25.729000
1569147791	25.729000
1569147851	25.738000
1569147971	25.738000
1569148031	25.729000
1569148152	25.738000
1569148211	25.738000
1569148271	25.614000
1569148331	25.645000
1569148391	25.645000
1569148526	25.645000
1569148571	25.645000
1569148631	25.686000
1569148691	25.727000
1569148750	25.874000
1569148812	25.753000
1569148872	26.070000
1569148931	26.079000
1569148991	26.070000
1569149051	26.079000
1569149184	26.079000
1569149231	25.884000
1569149292	25.820000
1569149351	25.884000
1569149472	25.820000
1569149532	25.865000
1569149592	25.865000
1569149650	25.865000
1569149711	25.814000
1569149771	25.839000
1569149831	25.814000
1569149891	25.701000
1569150011	25.814000
1569150071	25.839000
1569150131	25.880000
1569150251	25.880000
1569150312	25.880000
1569150371	25.880000
1569150431	25.667000
1569150491	25.667000
1569150551	26.055000
1569150611	26.055000
1569150671	26.055000
1569150792	26.055000
1569150851	25.781000
1569150971	25.693000
1569151031	25.693000
1569151091	25.634000
1569151150	25.634000
1569151213	25.723000
1569151271	25.723000
1569151332	25.958000
1569151391	26.008000
1569151451	26.008000
1569151571	25.765000
1569151691	25.860000
1569151751	25.860000
1569151872	25.860000
1569151931	25.912000
1569151991	25.912000
1569152051	25.912000
