time ms
1568844510	26.400000
1568844570	26.641500
1568844629	26.883000
1568844690	26.783000
1568844750	26.683000
1568844810	26.834000
1568844869	26.683000
1568844931	26.683000
1568844990	26.666000
1568845052	26.834000
1568845113	26.596000
1568845170	27.030000
1568845230	27.008000
1568845290	27.059000
1568845411	27.008000
1568845470	27.008000
1568845530	26.828000
1568845652	26.825000
1568845710	26.634000
1568845770	26.825000
1568845831	26.825000
1568845891	26.825000
1568845951	27.244000
1568846012	27.732000
1568846070	27.244000
1568846192	26.719000
1568846250	26.786000
1568846310	26.703000
1568846370	26.703000
1568846493	26.703000
1568846550	26.703000
1568846610	26.703000
1568846670	26.752000
1568846735	26.630000
1568846791	26.630000
1568846851	26.752000
1568846913	26.752000
1568846970	26.988000
1568847091	26.988000
1568847150	26.988000
1568847210	26.988000
1568847270	26.859000
1568847392	26.554000
1568847450	26.743000
1568847510	26.859000
1568847570	26.743000
1568847634	26.736000
1568847690	26.743000
1568847752	27.712000
1568847813	26.736000
1568847870	27.712000
1568847930	27.712000
1568847990	26.810000
1568848050	26.767000
1568848109	26.767000
1568848170	26.767000
1568848230	26.810000
1568848290	27.532000
1568848350	27.532000
1568848410	27.885000
1568848534	27.885000
1568848590	27.670000
1568848652	27.670000
1568848712	27.670000
1568848770	27.635000
1568848830	27.635000
1568848890	26.581000
1568849023	26.581000
1568849069	26.581000
1568849191	26.721000
1568849250	26.721000
1568849310	26.721000
1568849370	26.721000
1568849431	26.721000
1568849491	26.754000
1568849613	26.754000
1568849669	26.754000
1568849730	26.668000
1568849790	26.614000
1568849911	26.547000
1568849970	26.614000
1568850030	26.668000
1568850151	26.668000
1568850210	26.668000
1568850270	26.753000
1568850331	26.837000
1568850391	26.753000
1568850451	27.200000
1568850511	27.200000
1568850571	26.569000
1568850630	26.569000
1568850690	26.601000
1568850751	26.601000
1568850810	26.603000
1568850870	26.688000
1568850930	26.688000
1568851051	26.616000
1568851110	26.711000
1568851170	26.711000
1568851237	26.711000
1568851290	26.711000
1568851412	26.729000
1568851470	26.773000
1568851530	26.769000
1568851590	26.769000
1568851650	26.773000
1568851710	26.773000
1568851832	26.778000
1568851890	26.792000
1568851950	26.792000
1568852010	27.547000
1568852145	27.697000
1568852190	27.697000
1568852313	27.697000
1568852369	27.726000
1568852432	27.548000
1568852492	26.859000
1568852550	26.698000
1568852610	26.859000
1568852670	26.698000
1568852729	26.631000
1568852851	26.550000
1568852910	26.631000
1568852969	26.520000
1568853031	26.631000
1568853090	26.629000
1568853212	26.629000
1568853269	26.629000
1568853392	26.713000
1568853450	26.713000
1568853510	26.713000
1568853570	26.713000
1568853691	26.677000
1568853750	26.648000
1568853810	26.636000
1568853869	26.648000
1568853990	26.648000
1568854052	26.648000
1568854113	26.636000
1568854171	26.655000
1568854230	26.697000
1568854290	26.783000
1568854350	26.783000
1568854410	26.802000
1568854532	26.802000
1568854590	26.819000
1568854650	26.802000
1568854710	26.733000
1568854770	26.733000
1568854835	26.894000
1568854890	26.677000
1568854951	26.894000
1568855012	26.894000
1568855072	26.894000
1568855129	26.503000
1568855251	26.867000
1568855310	26.765000
1568855370	26.867000
1568855430	26.867000
1568855490	26.867000
1568855612	26.765000
1568855670	26.716000
1568855732	26.716000
1568855790	26.716000
1568855853	27.989000
1568855911	27.989000
1568855970	27.989000
1568856092	27.964000
1568856150	26.754000
1568856210	26.754000
1568856272	26.715000
1568856391	26.470000
1568856450	26.696000
1568856510	26.647000
1568856633	26.647000
1568856690	26.696000
1568856751	27.949000
1568856810	27.949000
1568856872	27.949000
1568856929	27.949000
1568857052	27.735000
1568857110	26.730000
1568857170	26.730000
1568857291	26.730000
1568857350	26.659000
1568857409	26.628000
1568857470	26.586000
1568857590	26.579000
1568857651	26.628000
1568857714	26.628000
1568857770	26.659000
1568857891	26.794000
1568857950	26.794000
1568858010	26.781000
1568858070	26.781000
1568858130	26.701000
1568858190	26.701000
1568858250	26.701000
1568858372	26.780000
1568858433	26.780000
1568858490	26.780000
1568858552	26.780000
1568858612	26.767000
1568858672	26.719000
1568858730	26.719000
1568858852	26.719000
1568858911	26.681000
1568858969	26.681000
1568859030	26.706000
1568859090	26.706000
1568859150	26.706000
1568859210	26.762000
1568859270	26.706000
1568859389	26.762000
1568859450	26.816000
1568859512	26.816000
1568859571	26.816000
1568859630	26.816000
1568859689	26.755000
1568859750	26.738000
1568859810	26.738000
1568859870	26.755000
1568860003	26.772000
1568860050	26.772000
1568860110	26.772000
1568860170	26.581000
1568860290	26.581000
1568860352	26.581000
1568860412	26.781000
1568860470	26.781000
1568860530	26.781000
1568860590	26.769000
1568860650	26.756000
1568860710	26.756000
1568860832	26.684000
1568860890	26.684000
1568861012	26.684000
1568861070	26.708000
1568861132	26.708000
1568861190	26.772000
1568861312	26.772000
1568861370	26.772000
1568861431	26.564000
1568861490	26.564000
1568861552	26.564000
1568861610	26.625000
1568861732	26.649000
1568861791	26.649000
1568861850	26.649000
1568861972	26.602000
1568862034	26.602000
1568862091	26.602000
1568862152	29.087000
1568862214	29.087000
1568862270	29.087000
1568862391	28.189000
1568862449	26.664000
1568862510	26.494000
1568862631	26.664000
1568862690	26.664000
1568862749	26.580000
1568862809	26.580000
1568862870	26.738000
1568862990	26.738000
1568863050	26.738000
1568863111	28.192000
1568863173	28.192000
1568863230	28.192000
1568863290	26.810000
1568863350	26.740000
1568863410	26.674000
1568863469	26.631000
1568863592	26.606000
1568863651	26.606000
1568863710	26.446000
1568863770	26.446000
1568863891	26.618000
1568863953	26.859000
1568864011	26.859000
1568864071	26.859000
1568864130	26.781000
1568864252	26.736000
1568864310	26.598000
1568864370	26.598000
1568864492	26.590000
1568864550	26.590000
1568864671	26.622000
1568864731	26.834000
1568864791	26.834000
1568864850	27.816000
1568864913	27.912000
1568864970	27.816000
1568865030	26.753000
1568865090	26.753000
1568865150	26.730000
1568865271	26.637000
1568865330	26.494000
1568865451	26.494000
1568865511	26.730000
1568865570	26.562000
1568865633	26.918000
1568865689	26.918000
1568865752	26.918000
1568865813	26.769000
1568865870	26.918000
1568865930	27.375000
1568865990	27.935000
1568866123	27.375000
1568866170	27.803000
1568866230	27.803000
1568866290	27.803000
1568866350	27.058000
1568866471	27.058000
1568866531	26.861000
1568866591	26.786000
1568866651	26.786000
1568866714	26.786000
1568866770	26.809000
1568866830	26.809000
1568866890	26.809000
1568866949	26.748000
1568867010	26.552000
1568867070	26.552000
1568867130	26.647000
1568867251	26.647000
1568867310	26.807000
1568867435	26.807000
1568867490	26.807000
1568867552	27.355000
1568867613	26.752000
1568867670	26.752000
1568867730	26.919000
1568867851	26.925000
1568867910	26.919000
1568868031	26.919000
1568868091	26.736000
1568868149	26.736000
1568868271	26.715000
1568868390	26.712000
1568868450	26.715000
1568868511	26.715000
1568868569	26.516000
1568868630	26.516000
1568868689	26.570000
1568868823	26.570000
1568868870	26.720000
1568868992	26.870000
1568869050	26.870000
1568869110	26.817000
1568869247	26.870000
1568869291	26.817000
1568869353	26.681000
1568869412	26.681000
1568869470	26.681000
1568869530	26.681000
1568869590	26.683000
1568869711	26.683000
1568869770	26.691000
1568869830	26.775000
1568869951	26.775000
1568870010	26.733000
1568870070	26.765000
1568870190	26.765000
1568870253	26.765000
1568870310	27.962000
1568870371	28.091000
1568870430	28.091000
1568870490	28.091000
1568870623	28.091000
1568870670	27.959000
1568870730	26.786000
1568870790	26.786000
1568870923	27.625000
1568870970	26.753000
1568871090	26.753000
1568871211	26.755000
1568871270	26.755000
1568871330	26.753000
1568871451	26.603000
1568871510	26.603000
1568871570	26.603000
1568871630	27.547000
1568871751	27.547000
1568871810	27.547000
1568871870	26.819000
1568871990	26.715000
1568872052	26.715000
1568872113	26.755000
1568872169	26.755000
1568872230	26.755000
1568872290	26.755000
1568872349	26.565000
1568872410	26.565000
1568872470	26.565000
1568872591	26.592000
1568872650	26.635000
1568872710	26.644000
1568872846	26.644000
1568872890	26.644000
1568872952	26.804000
1568873011	26.805000
1568873070	26.805000
1568873130	26.803000
1568873190	26.805000
1568873250	26.805000
1568873372	26.803000
1568873430	27.725000
1568873490	27.725000
1568873550	26.738000
1568873609	26.719000
1568873670	26.578000
1568873731	26.578000
1568873790	26.738000
1568873851	27.057000
1568873913	27.057000
1568873970	27.057000
1568874104	27.552000
1568874150	26.725000
1568874209	26.491000
1568874331	26.725000
1568874390	27.552000
1568874450	27.913000
1568874571	27.913000
1568874690	27.913000
1568874750	27.481000
1568874810	27.481000
1568874874	26.691000
1568874929	27.481000
1568874990	26.691000
1568875050	28.107000
1568875110	26.983000
1568875170	26.983000
1568875230	26.691000
1568875290	26.515000
1568875350	26.515000
1568875410	26.515000
1568875470	27.299000
1568875590	27.611000
1568875652	27.984000
1568875714	27.984000
1568875771	28.006000
1568875891	28.006000
1568875950	26.795000
1568876072	26.731000
1568876130	26.731000
1568876190	26.564000
1568876250	26.553000
1568876372	26.487000
1568876490	26.487000
1568876550	26.436000
1568876671	26.436000
1568876730	27.285000
1568876790	27.285000
1568876853	26.648000
1568876971	26.917000
1568877030	26.917000
1568877089	26.917000
1568877150	27.906000
1568877210	28.140000
1568877333	28.140000
1568877390	27.906000
1568877452	27.906000
1568877510	28.392000
1568877570	27.671000
1568877630	27.529000
1568877690	26.958000
1568877811	26.654000
1568877870	26.654000
1568877929	26.654000
1568878052	26.793000
1568878111	26.997000
1568878170	27.464000
1568878291	27.464000
1568878352	28.924000
1568878410	28.804000
1568878469	28.804000
1568878530	28.502000
1568878590	28.502000
1568878650	28.460000
1568878710	28.226000
1568878832	27.474000
1568878890	27.474000
1568878950	27.551000
1568879010	27.551000
1568879070	27.551000
1568879190	27.622000
1568879252	27.682000
1568879313	27.622000
1568879370	26.756000
1568879430	27.622000
1568879490	27.027000
1568879550	26.756000
1568879671	26.756000
1568879730	26.664000
1568879851	26.664000
1568879910	26.603000
1568879970	26.664000
1568880031	26.661000
1568880091	26.796000
1568880151	27.758000
1568880214	27.758000
1568880271	26.661000
1568880330	26.800000
1568880389	26.635000
1568880511	26.635000
1568880570	26.674000
1568880691	26.800000
1568880750	26.674000
1568880810	26.831000
1568880870	27.879000
1568880932	26.831000
1568880990	26.698000
1568881052	26.831000
1568881112	26.727000
1568881169	26.727000
1568881230	26.727000
1568881290	26.727000
1568881350	26.727000
1568881410	26.756000
1568881470	26.670000
1568881591	26.756000
1568881650	26.756000
1568881710	26.670000
1568881844	26.670000
1568881890	26.724000
1568882013	26.581000
1568882070	26.581000
1568882191	26.596000
1568882249	26.596000
1568882310	26.596000
1568882370	26.712000
1568882492	26.820000
1568882551	26.820000
1568882610	26.712000
1568882745	26.712000
1568882790	26.700000
1568882853	26.700000
1568882912	28.437000
1568882969	28.437000
1568883092	27.299000
1568883150	27.299000
1568883210	27.299000
1568883270	27.299000
1568883330	26.740000
1568883453	26.828000
1568883509	26.924000
1568883570	26.828000
1568883690	26.740000
1568883752	26.828000
1568883813	26.581000
1568883870	26.581000
1568883930	26.642000
1568883990	26.855000
1568884112	26.809000
1568884170	26.855000
1568884230	26.809000
1568884290	26.855000
1568884411	27.626000
1568884470	27.626000
1568884532	26.949000
1568884590	26.949000
1568884653	26.949000
1568884713	26.949000
1568884770	26.949000
1568884830	26.915000
1568884890	27.082000
1568884950	26.915000
1568885072	26.915000
1568885131	27.082000
1568885190	27.082000
1568885311	26.804000
1568885369	26.804000
1568885490	26.657000
1568885552	26.657000
1568885612	26.538000
1568885672	26.657000
1568885730	27.930000
1568885790	27.930000
1568885850	26.918000
1568885910	26.918000
1568886031	26.855000
1568886089	26.799000
1568886150	26.780000
1568886271	26.780000
1568886331	26.855000
1568886390	26.892000
1568886450	26.939000
1568886511	27.162000
1568886570	27.162000
1568886629	27.162000
1568886690	27.162000
1568886750	27.162000
1568886871	27.195000
1568886929	27.722000
1568887051	27.195000
1568887110	27.195000
1568887302	26.962000
1568887367	26.962000
1568887436	26.962000
1568887496	28.177000
1568887511	28.177000
1568887530	28.177000
1568887651	28.166000
1568887710	28.166000
1568887832	28.166000
1568887891	27.173000
1568887950	26.895000
1568888071	28.366000
1568888132	28.049000
1568888192	26.760000
1568888251	28.049000
1568888311	28.049000
1568888372	28.049000
1568888430	26.915000
1568888491	26.915000
1568888550	26.915000
1568888610	26.915000
1568888731	26.915000
1568888790	26.729000
1568888850	26.787000
1568888910	26.787000
1568889044	26.916000
1568889089	26.787000
1568889211	26.796000
1568889271	26.916000
1568889329	26.796000
1568889390	26.610000
1568889511	26.643000
1568889569	26.643000
1568889704	26.643000
1568889750	26.758000
1568889810	26.772000
1568889870	26.772000
1568889990	26.758000
1568890051	26.772000
1568890112	26.772000
1568890170	26.981000
1568890230	27.720000
1568890289	27.720000
1568890350	27.169000
1568890410	27.720000
1568890470	27.720000
1568890530	27.169000
1568890590	26.991000
1568890712	27.890000
1568890770	27.890000
1568890833	27.595000
1568890890	27.827000
1568890952	27.890000
1568891014	27.827000
1568891070	27.595000
1568891192	26.824000
1568891251	26.824000
1568891310	26.824000
1568891431	26.824000
1568891490	26.824000
1568891550	26.797000
1568891671	26.747000
1568891731	26.707000
1568891791	26.691000
1568891851	26.691000
1568891911	26.669000
1568891970	26.669000
1568892030	26.669000
1568892151	26.835000
1568892210	26.835000
1568892270	26.835000
1568892329	26.713000
1568892451	26.713000
1568892510	26.678000
1568892571	26.678000
1568892631	26.713000
1568892691	26.936000
1568892751	27.006000
1568892814	27.006000
1568892869	27.006000
1568892931	27.603000
1568892990	26.788000
1568893050	26.788000
1568893110	26.788000
1568893170	26.606000
1568893292	26.606000
1568893350	26.609000
1568893410	26.595000
1568893534	26.513000
1568893590	26.609000
1568893652	26.609000
1568893712	26.513000
1568893771	26.668000
1568893830	27.442000
1568893951	26.902000
1568894010	26.812000
1568894070	26.812000
1568894191	26.812000
1568894250	26.812000
1568894371	26.812000
1568894434	26.698000
1568894490	26.698000
1568894610	26.841000
1568894670	26.802000
1568894730	26.802000
1568894790	26.841000
1568894850	27.052000
1568894910	27.052000
1568895032	27.052000
1568895090	26.859000
1568895150	26.674000
1568895210	26.598000
1568895345	26.598000
1568895389	26.598000
1568895451	28.091000
1568895511	28.130000
1568895571	28.130000
1568895629	28.091000
1568895751	27.994000
1568895810	27.890000
1568895931	27.707000
1568895990	26.730000
1568896111	26.730000
1568896170	26.730000
1568896233	27.080000
1568896291	27.247000
1568896352	27.808000
1568896413	27.247000
1568896470	28.146000
1568896530	28.146000
1568896590	26.897000
1568896650	26.897000
1568896710	27.087000
1568896836	26.948000
1568896890	26.948000
1568896950	26.948000
1568897010	26.948000
1568897070	26.861000
1568897131	26.861000
1568897190	26.870000
1568897251	27.582000
1568897311	27.582000
1568897370	28.299000
1568897430	28.299000
1568897490	28.299000
1568897549	26.732000
1568897684	26.732000
1568897730	26.732000
1568897851	26.832000
1568897910	26.832000
1568897970	26.857000
1568898090	26.832000
1568898151	26.857000
1568898213	27.042000
1568898269	27.042000
1568898331	27.042000
1568898390	27.113000
1568898450	27.042000
1568898583	26.681000
1568898630	26.711000
1568898690	26.711000
1568898749	26.711000
1568898809	26.711000
1568898870	27.255000
1568898989	27.255000
1568899052	27.255000
1568899113	26.727000
1568899169	26.727000
1568899230	26.727000
1568899290	26.871000
1568899351	26.871000
1568899472	26.895000
1568899530	26.895000
1568899590	26.937000
1568899650	26.895000
1568899771	26.937000
1568899891	26.768000
1568899950	26.815000
1568900010	26.768000
1568900131	26.815000
1568900190	26.777000
1568900312	26.777000
1568900371	26.613000
1568900430	26.777000
1568900490	26.777000
1568900550	26.613000
1568900610	26.593000
1568900744	26.901000
1568900791	26.725000
1568900851	26.725000
1568900911	27.098000
1568900973	27.098000
1568901030	26.725000
1568901090	26.826000
1568901150	26.719000
1568901211	26.719000
1568901270	26.826000
1568901391	26.844000
1568901450	26.844000
1568901510	26.929000
1568901570	26.929000
1568901690	28.663000
1568901751	30.865000
1568901814	30.865000
1568901872	28.663000
1568901991	26.762000
1568902050	26.755000
1568902109	26.755000
1568902170	26.762000
1568902230	26.762000
1568902363	26.755000
1568902410	26.763000
1568902470	26.741000
1568902532	26.710000
1568902590	26.741000
1568902651	26.863000
1568902713	26.710000
1568902770	26.684000
1568902830	26.629000
1568902890	26.598000
1568902950	26.598000
1568903010	26.629000
1568903132	26.629000
1568903190	26.665000
1568903250	26.729000
1568903310	26.729000
1568903370	26.729000
1568903491	26.729000
1568903552	26.735000
1568903613	26.593000
1568903670	26.593000
1568903791	26.593000
1568903850	28.168000
1568903910	28.168000
1568904031	28.168000
1568904090	28.012000
1568904150	28.012000
1568904210	26.660000
1568904269	26.515000
1568904333	26.515000
1568904390	26.515000
1568904451	26.630000
1568904513	26.630000
1568904570	26.727000
1568904630	26.630000
1568904689	26.727000
1568904811	26.670000
1568904870	26.670000
1568904991	26.670000
1568905049	26.797000
1568905110	26.670000
1568905169	27.702000
1568905231	27.702000
1568905290	27.422000
1568905351	27.422000
1568905410	27.422000
1568905471	26.825000
1568905531	26.661000
1568905591	26.661000
1568905650	26.661000
1568905771	27.347000
1568905834	27.347000
1568905889	27.347000
1568906011	27.000000
1568906070	27.000000
1568906190	27.000000
1568906252	27.707000
1568906312	27.707000
1568906373	27.997000
1568906430	27.707000
1568906490	27.573000
1568906612	26.871000
1568906670	26.871000
1568906730	26.871000
1568906851	26.871000
1568906910	26.871000
1568907046	27.175000
1568907090	26.664000
1568907152	26.664000
1568907213	26.772000
1568907269	27.175000
1568907329	26.772000
1568907390	26.772000
1568907450	26.673000
1568907571	26.673000
1568907629	26.673000
1568907751	26.684000
1568907810	26.851000
1568907934	26.851000
1568907990	26.684000
1568908051	26.684000
1568908112	26.851000
1568908173	26.807000
1568908231	26.807000
1568908294	26.807000
1568908412	26.807000
1568908471	26.807000
1568908530	26.726000
1568908590	26.895000
1568908650	26.895000
1568908772	26.895000
1568908833	26.895000
1568908890	28.098000
1568909010	28.098000
1568909071	28.098000
1568909130	27.820000
1568909190	26.514000
1568909250	26.514000
1568909372	26.884000
1568909430	26.884000
1568909490	26.884000
1568909551	26.884000
1568909609	26.791000
1568909733	26.791000
1568909790	26.646000
1568909910	26.646000
1568909972	26.713000
1568910030	26.713000
1568910090	26.713000
1568910150	27.653000
1568910271	26.713000
1568910330	26.829000
1568910452	26.829000
1568910510	26.502000
1568910570	26.502000
1568910690	26.829000
1568910751	27.802000
1568910814	27.802000
1568910870	27.802000
1568910930	26.777000
1568911052	26.777000
1568911110	26.709000
1568911170	26.709000
1568911230	26.742000
1568911351	26.742000
1568911414	26.611000
1568911470	26.611000
1568911531	26.403000
1568911590	26.403000
1568911651	26.611000
1568911711	26.479000
1568911770	26.623000
1568911830	26.936000
1568911890	26.936000
1568911951	26.763000
1568912010	26.936000
1568912070	26.936000
1568912130	26.763000
1568912189	26.608000
1568912250	26.608000
1568912310	26.608000
1568912446	26.608000
1568912491	26.704000
1568912551	26.932000
1568912613	26.932000
1568912670	26.980000
1568912792	27.140000
1568912850	27.327000
1568912910	27.140000
1568913032	27.140000
1568913090	27.327000
1568913150	27.871000
1568913210	26.650000
1568913346	26.650000
1568913390	28.222000
1568913452	28.424000
1568913514	27.110000
1568913571	27.110000
1568913630	28.456000
1568913751	27.110000
1568913809	26.739000
1568913870	26.649000
1568913930	26.649000
1568913989	26.601000
1568914050	26.555000
1568914171	26.555000
1568914232	26.763000
1568914290	26.497000
1568914352	26.826000
1568914411	26.826000
1568914472	26.611000
1568914530	26.611000
1568914590	27.276000
1568914711	26.611000
1568914769	27.276000
1568914830	27.276000
1568914890	27.076000
1568914950	27.076000
1568915011	27.076000
1568915144	27.059000
1568915190	27.059000
1568915313	26.742000
1568915369	26.742000
1568915431	26.937000
1568915490	26.742000
1568915550	26.757000
1568915610	26.757000
1568915670	26.681000
1568915730	26.648000
1568915790	26.681000
1568915850	26.681000
1568915971	27.870000
1568916034	27.870000
1568916090	27.870000
1568916210	27.870000
1568916272	28.128000
1568916330	27.762000
1568916452	26.887000
1568916509	26.887000
1568916631	26.853000
1568916690	26.853000
1568916750	26.853000
1568916810	26.617000
1568916962	26.647000
1568917084	26.647000
1568917207	26.647000
1568917261	26.693000
1568917383	27.386000
1568917442	27.386000
1568917503	26.693000
1568917563	26.693000
1568917623	26.882000
1568917682	26.717000
1568917742	26.717000
1568917863	26.717000
1568917924	26.717000
1568917983	26.647000
1568918045	26.647000
1568918104	26.647000
1568918163	27.092000
1568918202	26.647000
1568918251	26.792000
1568918310	26.792000
1568918431	27.092000
1568918490	26.792000
1568918611	26.809000
1568918669	28.135000
1568918733	26.809000
1568918790	26.602000
1568918853	26.602000
1568918910	26.602000
1568918971	26.602000
1568919030	26.895000
1568919090	26.895000
1568919150	26.895000
1568919209	26.895000
1568919343	26.755000
1568919390	26.462000
1568919450	26.580000
1568919509	26.433000
1568919646	26.433000
1568919690	26.580000
1568919752	26.729000
1568919813	26.729000
1568919870	26.920000
1568919930	26.920000
1568919990	26.729000
1568920123	26.477000
1568920171	26.745000
1568920230	26.708000
1568920352	26.708000
1568920410	26.745000
1568920470	26.773000
1568920591	26.773000
1568920650	26.787000
1568920712	26.773000
1568920774	26.627000
1568920830	26.627000
1568920890	26.650000
1568920950	26.627000
1568921010	26.600000
1568921131	26.600000
1568921190	26.600000
1568921250	26.600000
1568921310	27.416000
1568921370	27.416000
1568921431	27.416000
1568921490	26.568000
1568921550	26.568000
1568921613	26.568000
1568921669	26.568000
1568921730	26.776000
1568921851	26.776000
1568921910	26.776000
1568922031	26.776000
1568922090	26.776000
1568922211	26.745000
1568922270	26.745000
1568922331	26.745000
1568922390	26.745000
1568922452	26.851000
1568922511	26.954000
1568922570	26.954000
1568922691	27.411000
1568922750	27.411000
1568922809	26.534000
1568922871	26.534000
1568922930	27.002000
1568923051	26.534000
1568923110	26.715000
1568923247	27.002000
1568923291	26.715000
1568923352	26.715000
1568923413	26.715000
1568923470	27.906000
1568923530	26.874000
1568923590	26.874000
1568923712	26.874000
1568923771	26.874000
1568923830	26.867000
1568923890	26.645000
1568923950	26.645000
1568924010	26.557000
1568924070	26.557000
1568924190	26.648000
1568924251	26.674000
1568924310	26.852000
1568924369	28.438000
1568924430	28.438000
1568924490	28.438000
1568924550	27.411000
1568924609	26.725000
1568924731	26.725000
1568924790	26.608000
1568924850	26.420000
1568924910	26.689000
1568924970	26.689000
1568925089	26.668000
1568925152	26.689000
1568925210	26.689000
1568925271	26.668000
1568925330	26.668000
1568925390	26.762000
1568925450	26.662000
1568925571	26.662000
1568925630	26.680000
1568925689	26.680000
1568925750	26.668000
1568925810	26.668000
1568925946	26.668000
1568925990	26.608000
1568926114	26.608000
1568926171	26.608000
1568926230	26.586000
1568926352	26.766000
1568926411	26.766000
1568926470	26.766000
1568926530	26.664000
1568926590	26.664000
1568926650	26.664000
1568926771	26.701000
1568926890	26.552000
1568926950	26.701000
1568927010	27.678000
1568927069	27.678000
1568927191	26.552000
1568927250	26.739000
1568927310	26.582000
1568927370	26.582000
1568927430	26.615000
1568927552	26.615000
1568927610	26.615000
1568927670	26.615000
1568927731	26.615000
1568927789	26.916000
1568927850	26.929000
1568927913	26.929000
1568927969	26.929000
1568928030	27.368000
1568928090	26.557000
1568928150	26.557000
1568928210	26.557000
1568928270	26.546000
1568928330	26.536000
1568928451	26.546000
1568928510	26.546000
1568928570	26.540000
1568928691	26.540000
1568928753	26.645000
1568928811	26.723000
1568928869	26.656000
1568928930	27.101000
1568928990	27.101000
1568929111	26.726000
1568929170	26.656000
1568929291	26.603000
1568929350	26.603000
1568929472	26.603000
1568929532	26.603000
1568929590	26.603000
1568929713	26.778000
1568929769	26.748000
1568929891	26.748000
1568929950	26.748000
1568930010	26.778000
1568930070	26.748000
1568930130	26.782000
1568930189	26.782000
1568930311	26.782000
1568930370	26.873000
1568930433	28.048000
1568930490	28.048000
1568930551	28.363000
1568930612	28.363000
1568930669	27.189000
1568930730	27.189000
1568930851	27.189000
1568930910	27.189000
1568930970	27.189000
1568931091	27.974000
1568931150	27.865000
1568931210	27.900000
1568931270	27.865000
1568931390	27.865000
1568931450	27.252000
1568931510	26.932000
1568931570	26.810000
1568931630	26.810000
1568931690	26.632000
1568931812	26.632000
1568931870	26.632000
1568931930	26.856000
1568931990	26.888000
1568932050	26.940000
1568932110	27.184000
1568932170	27.184000
1568932290	27.184000
1568932351	27.687000
1568932413	27.314000
1568932470	26.813000
1568932530	26.813000
1568932590	27.314000
1568932712	27.020000
1568932770	26.837000
1568932830	27.020000
1568932893	27.853000
1568932953	27.886000
1568933013	27.886000
1568933070	27.886000
1568933131	26.775000
1568933190	26.669000
1568933251	26.669000
1568933313	26.493000
1568933372	26.561000
1568933430	26.561000
1568933491	26.651000
1568933550	26.561000
1568933671	26.561000
1568933730	26.651000
1568933790	26.651000
1568933850	26.569000
1568933909	26.569000
1568934046	26.665000
1568934090	26.569000
1568934150	26.569000
1568934213	26.634000
1568934270	26.634000
1568934330	26.537000
1568934451	26.507000
1568934510	26.507000
1568934632	26.507000
1568934690	26.507000
1568934750	26.614000
1568934810	26.614000
1568934870	26.697000
1568934990	26.615000
1568935050	26.697000
1568935112	26.697000
1568935172	27.371000
1568935230	26.682000
1568935290	26.790000
1568935411	26.745000
1568935470	26.790000
1568935592	26.745000
1568935650	26.745000
1568935710	26.745000
1568935769	26.596000
1568935831	26.542000
1568935891	26.533000
1568935952	26.542000
1568936010	26.542000
1568936072	26.726000
1568936130	26.726000
1568936190	26.863000
1568936250	26.726000
1568936310	26.682000
1568936370	26.682000
1568936492	26.671000
1568936551	26.642000
1568936610	26.671000
1568936746	26.939000
1568936791	26.685000
1568936853	26.939000
1568936912	26.951000
1568936970	26.939000
1568937030	26.941000
1568937090	26.941000
1568937149	26.626000
1568937209	26.626000
1568937270	26.713000
1568937391	26.713000
1568937450	26.713000
1568937509	26.713000
1568937645	26.713000
1568937690	26.651000
1568937753	26.651000
1568937811	26.635000
1568937870	26.811000
1568937930	26.811000
1568937990	26.811000
1568938111	26.781000
1568938170	26.811000
1568938230	26.781000
1568938351	26.596000
1568938410	26.596000
1568938470	26.596000
1568938531	26.596000
1568938590	26.596000
1568938651	27.848000
1568938713	27.848000
1568938770	26.773000
1568938830	26.773000
1568938890	27.635000
1568939012	26.773000
1568939071	26.773000
1568939130	26.707000
1568939190	26.705000
1568939250	26.595000
1568939310	26.659000
1568939369	26.659000
1568939433	26.659000
1568939491	26.704000
1568939611	26.704000
1568939672	26.835000
1568939730	26.840000
1568939851	26.704000
1568939910	26.840000
1568940032	26.840000
1568940090	26.774000
1568940150	26.774000
1568940210	26.814000
1568940270	26.814000
1568940331	26.814000
1568940390	26.823000
1568940512	26.922000
1568940570	27.564000
1568940630	27.564000
1568940690	27.564000
1568940823	26.860000
1568940870	26.776000
1568940930	26.776000
1568941052	26.759000
1568941110	26.776000
1568941170	26.759000
1568941290	26.715000
1568941352	26.715000
1568941413	26.715000
1568941470	26.452000
1568941591	26.452000
1568941650	26.630000
1568941772	26.622000
1568941830	26.622000
1568941890	26.622000
1568941950	26.503000
1568942071	26.481000
1568942190	26.403000
1568942254	26.403000
1568942310	26.403000
1568942370	26.403000
1568942430	26.403000
1568942490	26.382000
1568942549	26.351000
1568942610	26.351000
1568942732	26.463000
1568942790	26.463000
1568942854	26.513000
1568942910	26.616000
1568943046	26.662000
1568943090	26.771000
1568943152	26.771000
1568943213	26.771000
1568943270	26.771000
1568943391	26.589000
1568943450	26.589000
1568943584	26.572000
1568943630	26.547000
1568943690	26.505000
1568943750	26.505000
1568943810	26.505000
1568943933	26.535000
1568943990	26.505000
1568944051	26.535000
1568944114	26.535000
1568944169	26.477000
1568944230	26.477000
1568944290	26.515000
1568944350	26.515000
1568944471	26.515000
1568944531	26.515000
1568944590	27.281000
1568944650	26.600000
1568944710	26.600000
1568944846	26.671000
1568944890	26.671000
1568944953	26.671000
1568945012	26.671000
1568945071	26.671000
1568945130	26.654000
1568945190	26.654000
1568945312	26.575000
1568945370	26.575000
1568945430	26.494000
1568945490	26.494000
1568945612	26.536000
1568945670	26.536000
1568945731	26.536000
1568945790	26.536000
1568945910	26.939000
1568945969	26.497000
1568946031	26.497000
1568946090	26.439000
1568946150	26.497000
1568946283	26.497000
1568946329	26.643000
1568946451	26.643000
1568946510	26.643000
1568946570	26.629000
1568946631	26.604000
1568946690	26.562000
1568946750	26.604000
1568946811	26.562000
1568946870	26.562000
1568946930	26.607000
1568946990	26.607000
1568947111	26.515000
1568947170	26.533000
1568947230	26.533000
1568947351	26.533000
1568947410	26.728000
1568947470	26.728000
1568947591	26.728000
1568947652	27.361000
1568947710	26.510000
1568947769	26.510000
1568947892	26.477000
1568947955	26.467000
1568948010	26.467000
1568948131	26.564000
1568948190	26.467000
1568948249	26.496000
1568948309	26.564000
1568948371	26.585000
1568948434	26.585000
1568948490	26.596000
1568948552	28.054000
1568948613	28.054000
1568948670	28.054000
1568948730	26.844000
1568948790	26.844000
1568948849	26.844000
1568948910	26.450000
1568948970	26.963000
1568949030	26.963000
1568949151	26.785000
1568949210	26.555000
1568949333	26.785000
1568949390	26.785000
1568949513	27.335000
1568949572	27.803000
1568949630	27.803000
1568949689	27.803000
1568949750	26.668000
1568949810	26.626000
1568949870	26.626000
1568949930	26.626000
1568950052	26.802000
1568950111	26.802000
1568950170	26.802000
1568950231	26.779000
1568950290	26.671000
1568950350	26.671000
1568950411	26.671000
1568950473	26.668000
1568950530	26.639000
1568950651	26.639000
1568950710	26.589000
1568950832	26.589000
1568950890	26.589000
1568950950	26.589000
1568951010	26.693000
1568951070	26.693000
1568951144	26.693000
1568951190	26.693000
1568951250	26.741000
1568951313	26.741000
1568951371	26.741000
1568951430	26.741000
1568951490	26.663000
1568951611	26.663000
1568951670	26.511000
1568951791	26.812000
1568951849	26.769000
1568951971	26.769000
1568952090	26.769000
1568952150	26.774000
1568952210	26.769000
1568952331	26.642000
1568952390	26.740000
1568952450	26.740000
1568952510	26.584000
1568952569	26.584000
1568952630	26.740000
1568952690	26.610000
1568952751	26.606000
1568952810	26.610000
1568952870	26.610000
1568952990	26.606000
1568953052	26.606000
1568953110	26.679000
1568953170	26.679000
1568953291	26.797000
1568953350	27.866000
1568953409	26.797000
1568953470	27.553000
1568953530	27.553000
1568953590	26.515000
1568953649	26.306000
1568953772	26.515000
1568953832	26.515000
1568953891	26.314000
1568953953	26.640000
1568954014	26.640000
1568954070	28.203000
1568954134	26.516000
1568954190	26.772000
1568954311	26.772000
1568954370	28.142000
1568954492	26.772000
1568954550	26.772000
1568954610	26.654000
1568954670	26.565000
1568954790	26.493000
1568954850	26.565000
1568954914	26.654000
1568954970	26.676000
1568955030	27.385000
1568955151	27.385000
1568955210	27.385000
1568955269	27.176000
1568955330	26.689000
1568955390	26.689000
1568955450	26.664000
1568955510	27.068000
1568955569	27.068000
1568955690	27.068000
1568955751	27.068000
1568955813	28.114000
1568955870	28.114000
1568955992	26.937000
1568956050	26.937000
1568956110	26.937000
1568956170	26.937000
1568956230	27.273000
1568956352	27.273000
1568956410	27.817000
1568956470	27.817000
1568956590	27.863000
1568956652	27.863000
1568956713	27.863000
1568956771	27.009000
1568956830	26.999000
1568956890	26.818000
1568956949	26.567000
1568957010	26.546000
1568957143	26.546000
1568957190	26.567000
1568957250	26.458000
1568957371	26.458000
1568957431	26.712000
1568957490	26.739000
1568957552	26.739000
1568957612	27.299000
1568957670	27.299000
1568957792	27.299000
1568957850	26.893000
1568957910	26.744000
1568957970	26.694000
1568958091	26.694000
1568958150	26.694000
1568958210	26.672000
1568958270	26.655000
1568958332	26.672000
1568958391	26.748000
1568958451	26.766000
1568958513	26.766000
1568958570	26.766000
1568958692	26.770000
1568958750	26.675000
1568958810	26.659000
1568958870	26.641000
1568958992	26.659000
1568959050	26.659000
1568959110	26.725000
1568959170	26.819000
1568959291	26.819000
1568959352	27.445000
1568959414	27.498000
1568959469	27.498000
1568959591	27.498000
1568959650	27.498000
1568959771	26.887000
1568959830	26.887000
1568959890	27.993000
1568959950	26.869000
1568960010	27.884000
1568960070	28.014000
1568960131	27.884000
1568960190	27.590000
1568960250	27.590000
1568960310	26.908000
1568960370	26.908000
1568960430	26.908000
1568960490	26.908000
1568960611	26.908000
1568960670	27.130000
1568960730	26.737000
1568960851	26.737000
1568960910	27.068000
1568961033	27.068000
1568961089	26.757000
1568961150	27.068000
1568961213	26.757000
1568961270	26.736000
1568961330	26.705000
1568961451	26.736000
1568961510	26.705000
1568961570	26.705000
1568961630	26.705000
1568961755	27.770000
1568961810	27.034000
1568961870	27.034000
1568961931	27.034000
1568961990	27.034000
1568962051	27.034000
1568962114	26.656000
1568962171	26.754000
1568962231	26.747000
1568962290	26.754000
1568962423	26.754000
1568962470	26.796000
1568962530	26.873000
1568962590	26.900000
1568962712	28.027000
1568962770	28.027000
1568962831	26.873000
1568962891	26.860000
1568962951	26.860000
1568963011	26.688000
1568963070	26.688000
1568963192	26.688000
1568963250	26.797000
1568963310	26.649000
1568963370	26.797000
1568963430	27.445000
1568963490	27.445000
1568963550	27.445000
1568963610	27.445000
1568963745	27.668000
1568963789	27.668000
1568963914	27.668000
1568963970	27.854000
1568964092	27.854000
1568964150	27.863000
1568964210	27.787000
1568964270	27.787000
1568964392	27.787000
1568964450	27.200000
1568964510	26.807000
1568964570	26.800000
1568964632	26.800000
1568964690	26.665000
1568964751	26.800000
1568964811	26.821000
1568964871	26.821000
1568964930	26.821000
1568964990	26.821000
1568965111	26.743000
1568965170	26.743000
1568965292	26.963000
1568965350	26.744000
1568965410	26.901000
1568965470	26.901000
1568965531	26.774000
1568965591	26.744000
1568965651	26.774000
1568965712	26.774000
1568965770	26.839000
1568965830	26.839000
1568965952	27.061000
1568966010	26.846000
1568966070	27.061000
1568966130	26.846000
1568966190	26.846000
1568966311	26.769000
1568966370	26.760000
1568966433	26.724000
1568966490	26.653000
1568966611	26.653000
1568966669	26.653000
1568966791	26.867000
1568966851	26.967000
1568966910	28.087000
1568966970	28.198000
1568967030	28.198000
1568967152	28.447000
1568967210	28.198000
1568967270	28.447000
1568967391	28.429000
1568967450	28.447000
1568967511	28.429000
1568967570	28.429000
1568967630	27.903000
1568967690	27.357000
1568967750	27.357000
1568967872	27.157000
1568967930	27.157000
1568967990	26.897000
1568968050	26.730000
1568968184	26.730000
1568968232	26.897000
1568968291	26.779000
1568968350	27.029000
1568968410	27.029000
1568968470	26.949000
1568968530	26.949000
1568968651	27.110000
1568968710	27.110000
1568968770	27.110000
1568968891	27.182000
1568968950	27.182000
1568969071	27.182000
1568969131	27.098000
1568969190	27.098000
1568969251	27.098000
1568969312	27.098000
1568969369	27.098000
1568969491	27.434000
1568969550	27.434000
1568969610	26.843000
1568969732	26.808000
1568969790	26.808000
1568969849	26.808000
1568969915	26.785000
1568969970	26.729000
1568970090	26.726000
1568970152	26.726000
1568970212	26.729000
1568970270	26.857000
1568970330	26.857000
1568970390	26.857000
1568970511	26.758000
1568970569	26.758000
1568970630	26.758000
1568970690	27.579000
1568970750	27.579000
1568970810	27.579000
1568970870	27.577000
1568970991	27.237000
1568971052	27.237000
1568971113	27.237000
1568971170	27.237000
1568971230	27.005000
1568971294	27.120000
1568971423	26.790000
1568971470	26.790000
1568971591	26.790000
1568971650	26.778000
1568971772	26.778000
1568971832	27.204000
1568971890	27.204000
1568971951	27.246000
1568972014	27.246000
1568972069	27.172000
1568972130	26.884000
1568972263	27.172000
1568972310	26.775000
1568972369	26.775000
1568972430	26.775000
1568972551	27.518000
1568972610	26.775000
1568972670	26.883000
1568972791	26.765000
1568972850	26.883000
1568972911	26.883000
1568972973	26.883000
1568973030	26.418000
1568973089	26.814000
1568973150	26.413000
1568973271	26.412000
1568973330	26.413000
1568973451	26.616000
1568973510	26.529000
1568973570	26.616000
1568973634	26.712000
1568973690	26.712000
1568973750	26.712000
1568973814	26.936000
1568973870	26.712000
1568973930	26.580000
1568973990	26.648000
1568974111	26.580000
1568974170	26.580000
1568974231	26.567000
1568974290	26.589000
1568974412	26.539000
1568974470	26.587000
1568974590	26.457000
1568974650	26.587000
1568974713	26.587000
1568974774	26.587000
1568974830	26.479000
1568974890	26.479000
1568975012	26.479000
1568975070	26.479000
1568975130	27.471000
1568975252	27.626000
1568975310	27.626000
1568975370	27.471000
1568975490	27.626000
1568975551	28.063000
1568975610	27.139000
1568975670	27.139000
1568975793	27.139000
1568975850	26.698000
1568975910	26.698000
1568975970	26.559000
1568976030	26.690000
1568976090	26.559000
1568976212	26.690000
1568976270	26.520000
1568976332	26.690000
1568976390	26.713000
1568976513	26.713000
1568976570	26.462000
1568976630	26.713000
1568976764	26.563000
1568976810	26.482000
1568976870	26.563000
1568976992	26.563000
1568977051	26.562000
1568977110	26.562000
1568977170	26.576000
1568977290	26.604000
1568977352	28.495000
1568977411	28.495000
1568977472	26.724000
1568977530	26.724000
1568977590	26.724000
1568977650	26.724000
1568977710	26.838000
1568977770	28.037000
1568977892	28.105000
1568977949	28.105000
1568978010	28.037000
1568978070	28.037000
1568978131	27.000000
1568978190	26.681000
1568978251	27.000000
1568978311	27.000000
1568978369	26.606000
1568978434	26.606000
1568978490	26.607000
1568978550	26.556000
1568978610	26.592000
1568978670	26.592000
1568978803	26.592000
1568978850	26.592000
1568978910	26.698000
1568979034	26.902000
1568979090	26.902000
1568979151	26.902000
1568979214	26.698000
1568979269	26.625000
1568979404	26.625000
1568979450	26.625000
1568979510	26.625000
1568979631	26.625000
1568979690	26.635000
1568979750	26.595000
1568979810	26.635000
1568979870	26.699000
1568979990	26.699000
1568980052	26.699000
1568980114	26.789000
1568980169	26.878000
1568980230	27.384000
1568980352	27.384000
1568980411	27.384000
1568980470	27.568000
1568980530	27.384000
1568980590	27.568000
1568980712	27.568000
1568980771	26.943000
1568980834	26.943000
1568980891	26.943000
1568980951	26.943000
1568981014	26.943000
1568981070	26.873000
1568981131	26.873000
1568981190	26.873000
1568981250	26.734000
1568981310	26.734000
1568981370	26.734000
1568981492	26.734000
1568981550	26.862000
1568981610	26.862000
1568981670	26.694000
1568981791	26.694000
1568981851	26.694000
1568981913	26.673000
1568981970	26.673000
1568982030	26.673000
1568982090	27.060000
1568982154	27.060000
1568982210	27.060000
1568982269	27.060000
1568982330	27.060000
1568982390	27.620000
1568982512	26.819000
1568982570	26.819000
1568982632	27.723000
1568982690	26.819000
1568982751	26.819000
1568982812	26.760000
1568982872	26.760000
1568982930	26.719000
1568983052	26.760000
1568983110	26.760000
1568983170	26.703000
1568983230	26.651000
1568983352	26.651000
1568983410	26.651000
1568983471	26.567000
1568983531	26.651000
1568983591	26.943000
1568983651	27.093000
1568983710	26.943000
1568983770	27.093000
1568983830	27.093000
1568983951	27.281000
1568984010	26.911000
1568984069	27.281000
1568984191	27.444000
1568984250	27.444000
1568984309	27.378000
1568984369	27.378000
1568984434	26.523000
1568984490	26.523000
1568984550	27.378000
1568984613	27.933000
1568984671	27.933000
1568984730	27.933000
1568984851	27.556000
1568984909	27.423000
1568985031	26.862000
1568985090	26.731000
1568985150	26.824000
1568985210	26.731000
1568985270	26.731000
1568985391	26.615000
1568985450	26.615000
1568985511	26.615000
1568985572	26.657000
1568985630	27.115000
1568985690	28.063000
1568985812	28.063000
1568985870	28.063000
1568985931	27.115000
1568985990	26.795000
1568986112	26.679000
1568986170	26.654000
1568986232	26.654000
1568986290	26.654000
1568986351	26.654000
1568986411	27.131000
1568986469	27.131000
1568986530	26.702000
1568986592	26.702000
1568986650	26.635000
1568986710	26.635000
1568986832	26.502000
1568986891	26.635000
1568986950	26.635000
1568987072	26.854000
1568987131	26.854000
1568987190	26.854000
1568987251	26.854000
1568987312	27.479000
1568987369	27.479000
1568987431	27.967000
1568987490	27.967000
1568987550	27.534000
1568987672	26.823000
1568987730	26.823000
1568987790	26.823000
1568987911	26.783000
1568987970	26.727000
1568988090	26.676000
1568988151	26.727000
1568988211	26.724000
1568988270	26.676000
1568988329	26.724000
1568988451	26.724000
1568988510	26.671000
1568988569	26.671000
1568988630	26.662000
1568988764	26.662000
1568988810	26.860000
1568988870	26.887000
1568988932	26.897000
1568988990	26.897000
1568989051	27.826000
1568989114	27.826000
1568989171	26.704000
1568989230	26.704000
1568989290	26.547000
1568989412	26.547000
1568989470	26.568000
1568989530	26.928000
1568989590	26.711000
1568989650	26.711000
1568989771	26.711000
1568989890	26.711000
1568989950	26.711000
1568990072	26.637000
1568990130	26.684000
1568990190	26.684000
1568990311	26.684000
1568990370	26.684000
1568990430	26.684000
1568990551	26.770000
1568990610	26.770000
1568990670	26.773000
1568990790	26.773000
1568990852	26.820000
1568990914	28.102000
1568990970	28.102000
1568991030	26.820000
1568991090	26.606000
1568991223	26.606000
1568991270	26.606000
1568991392	26.606000
1568991450	26.797000
1568991510	26.797000
1568991569	26.784000
1568991634	26.784000
1568991690	26.797000
1568991751	27.116000
1568991814	27.436000
1568991870	27.890000
1568991930	27.890000
1568991990	27.890000
1568992124	27.771000
1568992170	26.839000
1568992230	26.839000
1568992351	26.839000
1568992410	26.723000
1568992533	26.642000
1568992591	26.638000
1568992651	26.638000
1568992710	26.723000
1568992770	26.638000
1568992830	26.638000
1568992952	26.477000
1568993010	26.467000
1568993070	26.409000
1568993130	26.409000
1568993190	26.409000
1568993250	26.409000
1568993310	26.409000
1568993433	26.348000
1568993491	26.437000
1568993551	27.080000
1568993613	27.080000
1568993668	27.080000
1568993731	27.080000
1568993790	27.643000
1568993850	26.572000
1568993910	26.572000
1568994032	26.528000
1568994089	26.525000
1568994150	26.525000
1568994210	26.550000
1568994269	26.525000
1568994332	26.550000
1568994390	26.550000
1568994451	26.664000
1568994514	26.503000
1568994569	26.503000
1568994631	26.503000
1568994690	26.578000
1568994749	26.503000
1568994810	26.578000
1568994943	26.578000
1568994990	26.645000
1568995050	26.645000
1568995172	26.770000
1568995234	26.790000
1568995290	26.855000
1568995412	26.980000
1568995469	26.980000
1568995530	26.980000
1568995652	26.890000
1568995710	26.805000
1568995831	26.747000
1568995890	26.640000
1568995949	26.640000
1568996010	26.574000
1568996070	26.574000
1568996191	26.609000
1568996250	26.640000
1568996312	26.640000
1568996373	26.703000
1568996430	26.703000
1568996490	26.703000
1568996550	26.634000
1568996610	26.534000
1568996731	26.534000
1568996789	26.511000
1568996850	26.542000
1568996910	26.542000
1568996970	26.580000
1568997031	26.592000
1568997090	26.592000
1568997151	26.786000
1568997210	26.786000
1568997269	27.950000
1568997392	28.276000
1568997450	28.479000
1568997571	28.479000
1568997630	28.479000
1568997752	28.484000
1568997810	29.611000
1568997870	29.611000
1568997990	28.479000
1568998052	30.675000
1568998112	28.479000
1568998170	26.783000
1568998230	26.691000
1568998290	26.783000
1568998350	26.783000
1568998410	26.691000
1568998532	26.691000
1568998591	26.596000
1568998650	26.596000
1568998710	26.596000
1568998834	26.934000
1568998890	26.934000
1568998951	27.880000
1568999014	27.053000
1568999070	26.934000
1568999192	26.478000
1568999250	26.478000
1568999310	26.478000
1568999370	26.478000
1568999430	26.512000
1568999552	26.647000
1568999610	26.647000
1568999670	26.512000
1568999731	26.821000
1568999790	26.775000
1568999912	26.775000
1568999970	26.775000
1569000091	26.775000
1569000150	26.775000
1569000272	27.046000
1569000330	27.046000
1569000390	27.658000
1569000450	27.658000
1569000583	27.352000
1569000631	27.352000
1569000690	27.352000
1569000750	27.352000
1569000814	27.947000
1569000872	28.190000
1569000930	28.190000
1569000989	28.190000
1569001111	27.962000
1569001170	27.023000
1569001230	27.023000
1569001291	26.747000
1569001349	26.747000
1569001471	26.747000
1569001531	26.747000
1569001590	26.657000
1569001713	26.652000
1569001770	26.657000
1569001830	26.754000
1569001890	26.657000
1569001950	26.777000
1569002010	26.777000
1569002070	26.823000
1569002130	26.823000
1569002252	26.823000
1569002310	26.987000
1569002370	26.987000
1569002490	26.789000
1569002551	26.789000
1569002610	26.789000
1569002671	26.789000
1569002730	27.244000
1569002790	27.244000
1569002850	26.866000
1569002909	26.866000
1569003031	26.677000
1569003090	26.677000
1569003150	26.654000
1569003209	26.650000
1569003349	26.650000
1569003390	26.650000
1569003450	26.582000
1569003510	26.650000
1569003571	26.551000
1569003629	26.551000
1569003690	26.669000
1569003750	26.801000
1569003810	26.801000
1569003932	26.801000
1569003990	26.801000
1569004051	26.621000
1569004110	26.621000
1569004234	26.575000
1569004291	26.570000
1569004352	26.575000
1569004414	26.818000
1569004470	26.575000
1569004530	26.831000
1569004590	28.240000
1569004650	26.831000
1569004771	26.831000
1569004830	26.831000
1569004952	26.707000
1569005010	26.686000
1569005146	26.585000
1569005190	26.576000
1569005251	26.585000
1569005315	26.585000
1569005370	26.576000
1569005492	26.764000
1569005550	26.764000
1569005610	26.596000
1569005671	26.528000
1569005791	26.519000
1569005850	26.519000
1569005910	26.486000
1569006047	26.519000
1569006090	26.563000
1569006151	26.591000
1569006213	26.563000
1569006269	27.799000
1569006330	26.563000
1569006390	26.565000
1569006450	26.565000
1569006509	26.664000
1569006570	26.629000
1569006629	26.664000
1569006690	26.664000
1569006750	26.664000
1569006810	26.629000
1569006870	26.683000
1569006991	26.683000
1569007052	26.687000
1569007113	26.687000
1569007169	26.687000
1569007231	26.797000
1569007290	26.862000
1569007350	26.862000
1569007410	26.862000
1569007470	26.899000
1569007591	26.899000
1569007650	26.979000
1569007710	26.899000
1569007844	26.899000
1569007890	26.979000
1569007950	28.260000
1569008014	26.797000
1569008070	26.624000
1569008130	27.544000
1569008190	27.150000
1569008250	27.150000
1569008310	27.328000
1569008444	27.328000
1569008490	27.150000
1569008550	27.143000
1569008610	26.976000
1569008746	26.976000
1569008790	26.976000
1569008912	26.775000
1569008969	26.735000
1569009030	26.735000
1569009090	26.735000
1569009149	26.698000
1569009209	27.566000
1569009270	27.566000
1569009330	26.736000
1569009451	26.623000
1569009510	26.518000
1569009636	26.518000
1569009690	26.549000
1569009752	26.549000
1569009814	26.701000
1569009869	26.701000
1569009930	26.612000
1569009990	26.612000
1569010050	26.612000
1569010110	26.612000
1569010231	26.665000
1569010290	26.922000
1569010350	26.922000
1569010410	26.922000
1569010470	27.802000
1569010532	26.820000
1569010590	26.820000
1569010652	26.823000
1569010717	27.802000
1569010769	26.953000
1569010830	26.953000
1569010951	26.953000
1569011010	26.883000
1569011131	26.782000
1569011190	26.597000
1569011250	26.782000
1569011310	26.856000
1569011370	26.856000
1569011433	26.856000
1569011490	26.856000
1569011612	26.882000
1569011670	26.794000
1569011730	26.690000
1569011790	26.794000
1569011911	26.794000
1569011970	26.794000
1569012031	26.794000
1569012090	26.794000
1569012150	26.918000
1569012272	26.747000
1569012331	26.624000
1569012390	26.747000
1569012514	26.785000
1569012569	26.747000
1569012630	26.717000
1569012691	26.717000
1569012750	26.717000
1569012810	26.533000
1569012870	26.639000
1569012930	26.639000
1569012990	26.745000
1569013050	26.745000
1569013110	26.745000
1569013246	26.823000
1569013290	26.745000
1569013352	26.873000
1569013414	26.833000
1569013469	26.833000
1569013530	26.833000
1569013590	26.833000
1569013711	26.833000
1569013769	26.756000
1569013892	26.857000
1569013950	26.676000
1569014010	26.754000
1569014070	26.676000
1569014131	26.754000
1569014191	26.754000
1569014251	26.825000
1569014312	28.362000
1569014371	28.362000
1569014430	28.362000
1569014552	27.009000
1569014610	26.803000
1569014671	26.615000
1569014730	26.557000
1569014790	26.557000
1569014850	26.557000
1569014910	26.557000
1569015046	26.592000
1569015090	26.592000
1569015214	27.154000
1569015270	26.776000
1569015392	26.842000
1569015450	26.776000
1569015510	26.776000
1569015570	26.684000
1569015630	26.678000
1569015690	26.678000
1569015750	26.678000
1569015872	26.670000
1569015932	26.670000
1569015991	26.670000
1569016052	26.670000
1569016113	26.667000
1569016171	26.841000
1569016230	26.861000
1569016353	26.870000
1569016410	26.861000
1569016471	26.861000
1569016530	26.777000
1569016651	26.759000
1569016710	26.759000
1569016770	26.692000
1569016890	26.483000
1569016952	26.483000
1569017014	26.483000
1569017070	26.483000
1569017130	26.646000
1569017251	26.746000
1569017309	26.646000
1569017370	26.746000
1569017430	26.746000
1569017490	26.778000
1569017550	26.793000
1569017672	26.793000
1569017732	26.778000
1569017790	26.778000
1569017913	26.816000
1569017970	26.647000
1569018030	26.576000
1569018090	26.726000
1569018150	26.726000
1569018210	26.726000
1569018269	26.804000
1569018330	26.817000
1569018390	26.869000
1569018450	26.900000
1569018509	27.723000
1569018633	27.733000
1569018690	28.056000
1569018814	28.056000
1569018871	28.056000
1569018930	26.639000
1569018990	26.639000
1569019050	26.637000
1569019110	26.637000
1569019232	26.639000
1569019291	26.637000
1569019350	26.637000
1569019410	26.660000
1569019545	27.173000
1569019590	27.479000
1569019713	27.479000
1569019773	26.939000
1569019830	26.939000
1569019889	26.936000
1569020011	26.894000
1569020070	26.843000
1569020129	26.843000
1569020190	26.843000
1569020250	26.814000
1569020371	26.495000
1569020432	26.814000
1569020490	26.776000
1569020613	26.776000
1569020670	26.597000
1569020792	26.597000
1569020850	26.480000
1569020910	26.480000
1569020970	26.597000
1569021029	26.701000
1569021090	26.840000
1569021212	26.840000
1569021272	26.810000
1569021331	27.017000
1569021391	26.810000
1569021451	26.810000
1569021512	26.721000
1569021574	27.017000
1569021630	26.751000
1569021752	26.751000
1569021811	26.649000
1569021870	26.751000
1569021991	26.751000
1569022050	26.742000
1569022171	26.742000
1569022232	26.742000
1569022290	26.721000
1569022352	26.721000
1569022415	26.543000
1569022470	26.526000
1569022530	26.542000
1569022590	26.543000
1569022650	26.543000
1569022772	26.690000
1569022830	26.784000
1569022892	26.784000
1569023011	26.813000
1569023071	26.784000
1569023131	26.784000
1569023191	26.635000
1569023252	26.691000
1569023313	26.691000
1569023370	26.775000
1569023430	26.775000
1569023490	26.775000
1569023612	26.775000
1569023670	26.732000
1569023731	26.732000
1569023790	26.732000
1569023851	26.749000
1569023971	26.749000
1569024031	26.749000
1569024090	26.680000
1569024149	26.680000
1569024211	26.680000
1569024272	26.817000
1569024331	26.817000
1569024390	26.817000
1569024450	26.815000
1569024510	26.815000
1569024632	26.582000
1569024690	26.815000
1569024750	26.815000
1569024810	26.742000
1569024870	26.604000
1569024991	26.626000
1569025114	26.604000
1569025171	26.626000
1569025229	26.626000
1569025290	26.725000
1569025350	26.725000
1569025410	26.841000
1569025470	26.841000
1569025530	26.833000
1569025651	26.654000
1569025710	26.833000
1569025771	26.833000
1569025891	26.833000
1569025950	26.849000
1569026010	26.849000
1569026070	26.623000
1569026130	26.623000
1569026252	27.161000
1569026310	26.835000
1569026370	27.161000
1569026430	28.584000
1569026490	28.584000
1569026550	28.444000
1569026610	28.444000
1569026674	28.294000
1569026790	26.516000
1569026851	28.294000
1569026913	26.859000
1569026969	26.590000
1569027030	26.859000
1569027089	27.658000
1569027150	27.573000
1569027283	27.573000
1569027330	27.573000
1569027390	26.809000
1569027450	26.444000
1569027510	26.440000
1569027570	26.428000
1569027647	26.428000
1569027691	26.428000
1569027751	26.481000
1569027813	26.760000
1569027870	26.760000
1569027930	26.760000
1569027990	26.784000
1569028050	26.760000
1569028110	26.784000
1569028244	26.855000
1569028290	26.855000
1569028411	26.855000
1569028469	26.886000
1569028533	26.977000
1569028590	26.886000
1569028653	26.977000
1569028714	27.643000
1569028769	26.977000
1569028891	26.825000
1569028950	26.825000
1569029072	26.825000
1569029130	26.815000
1569029190	26.615000
1569029251	26.704000
1569029372	26.704000
1569029432	26.704000
1569029490	26.711000
1569029551	26.741000
1569029613	27.662000
1569029671	27.662000
1569029730	27.662000
1569029790	26.840000
1569029850	26.746000
1569029910	26.743000
1569030031	26.746000
1569030090	26.746000
1569030150	27.522000
1569030272	27.522000
1569030332	27.522000
1569030390	27.516000
1569030514	27.516000
1569030569	26.847000
1569030691	26.847000
1569030750	26.817000
1569030810	26.817000
1569030931	26.776000
1569030990	26.776000
1569031112	26.776000
1569031170	26.776000
1569031290	26.776000
1569031350	26.911000
1569031413	27.567000
1569031472	27.567000
1569031530	26.689000
1569031590	28.331000
1569031650	26.689000
1569031710	26.614000
1569031770	26.689000
1569031891	26.755000
1569031950	26.614000
1569032010	26.614000
1569032070	26.746000
1569032132	26.746000
1569032190	26.526000
1569032252	26.746000
1569032314	26.746000
1569032370	26.656000
1569032430	26.654000
1569032490	26.656000
1569032549	26.654000
1569032610	26.654000
1569032732	26.654000
1569032790	26.741000
1569032850	26.741000
1569032910	26.788000
1569032970	26.788000
1569033032	26.793000
1569033090	26.793000
1569033153	26.858000
1569033212	27.835000
1569033270	27.835000
1569033330	27.532000
1569033390	27.532000
1569033511	26.850000
1569033570	26.846000
1569033630	26.688000
1569033690	26.688000
1569033811	26.658000
1569033870	26.658000
1569033931	26.658000
1569033990	26.658000
1569034051	26.895000
1569034113	28.243000
1569034171	28.243000
1569034231	26.613000
1569034290	26.904000
1569034411	26.734000
1569034470	26.734000
1569034616	26.754000
1569034650	26.904000
1569034710	27.399000
1569034770	27.399000
1569034834	27.399000
1569034891	26.787000
1569034953	26.787000
1569035012	26.766000
1569035070	26.740000
1569035130	26.740000
1569035251	27.065000
1569035310	26.871000
1569035370	27.065000
1569035429	27.402000
1569035552	27.611000
1569035610	27.736000
1569035670	27.736000
1569035790	27.611000
1569035851	27.736000
1569035913	27.077000
1569035969	26.834000
1569036030	26.834000
1569036089	26.834000
1569036150	26.785000
1569036210	26.636000
1569036332	26.636000
1569036390	26.636000
1569036450	26.650000
1569036510	26.650000
1569036570	27.424000
1569036631	27.424000
1569036690	27.424000
1569036751	27.738000
1569036811	27.103000
1569036869	26.660000
1569036992	26.660000
1569037050	27.103000
1569037110	26.798000
1569037170	26.798000
1569037230	26.882000
1569037290	27.392000
1569037412	26.943000
1569037470	26.943000
1569037531	26.943000
1569037590	26.943000
1569037652	26.943000
1569037714	28.076000
1569037772	28.118000
1569037830	28.118000
1569037890	28.118000
1569037950	27.661000
1569038071	26.893000
1569038130	26.741000
1569038251	26.741000
1569038311	26.715000
1569038370	26.715000
1569038490	26.703000
1569038552	26.715000
1569038613	26.715000
1569038670	26.603000
1569038730	26.603000
1569038790	26.637000
1569038850	26.637000
1569038910	26.708000
1569038970	26.708000
1569039104	27.360000
1569039151	26.816000
1569039271	26.816000
1569039331	26.816000
1569039390	26.849000
1569039451	26.849000
1569039513	26.849000
1569039570	26.849000
1569039630	26.685000
1569039690	26.623000
1569039750	26.623000
1569039872	26.685000
1569039930	26.666000
1569039991	26.666000
1569040050	26.666000
1569040171	26.666000
1569040231	26.666000
1569040292	26.667000
1569040351	26.960000
1569040411	26.960000
1569040474	26.960000
1569040530	26.864000
1569040590	26.915000
1569040711	26.864000
1569040770	26.915000
1569040891	26.915000
1569040950	26.915000
1569041010	26.775000
1569041070	26.775000
1569041190	26.650000
1569041253	26.650000
1569041312	26.650000
1569041370	26.650000
1569041429	26.673000
1569041490	26.861000
1569041550	26.673000
1569041610	26.861000
1569041670	26.861000
1569041730	27.721000
1569041790	27.721000
1569041850	27.721000
1569041910	26.624000
1569042048	26.624000
1569042090	26.624000
1569042211	26.598000
1569042271	26.638000
1569042330	26.758000
1569042390	26.638000
1569042512	26.569000
1569042571	26.515000
1569042630	26.515000
1569042689	26.515000
1569042750	26.563000
1569042810	26.563000
1569042870	26.621000
1569042931	26.966000
1569042990	26.621000
1569043112	26.621000
1569043170	26.718000
1569043230	26.837000
1569043290	26.837000
1569043350	27.261000
1569043472	27.261000
1569043530	26.837000
1569043651	26.918000
1569043714	26.827000
1569043770	26.808000
1569043831	26.779000
1569043890	26.779000
1569043951	26.779000
1569044010	26.761000
1569044069	26.609000
1569044191	26.600000
1569044250	26.600000
1569044310	26.527000
1569044370	26.600000
1569044430	26.698000
1569044489	26.899000
1569044550	28.312000
1569044671	28.312000
1569044732	28.435000
1569044790	28.312000
1569044851	28.312000
1569044913	27.466000
1569044969	27.466000
1569045031	27.466000
1569045090	26.801000
1569045149	26.801000
1569045210	26.801000
1569045270	26.915000
1569045403	26.915000
1569045449	26.915000
1569045509	26.746000
1569045569	26.915000
1569045633	27.781000
1569045690	26.828000
1569045814	27.046000
1569045869	27.046000
1569045931	27.046000
1569045990	26.882000
1569046050	26.882000
1569046110	26.795000
1569046170	26.691000
1569046230	26.691000
1569046351	26.691000
1569046410	26.795000
1569046470	26.780000
1569046533	26.821000
1569046590	26.823000
1569046652	27.395000
1569046713	27.395000
1569046769	27.395000
1569046830	26.655000
1569046890	26.649000
1569046950	26.649000
1569047010	26.655000
1569047132	26.649000
1569047190	26.601000
1569047250	26.601000
1569047371	26.601000
1569047431	26.601000
1569047490	27.109000
1569047552	28.020000
1569047612	28.020000
1569047673	27.496000
1569047730	27.496000
1569047790	27.151000
1569047850	26.847000
1569047971	26.847000
1569048030	26.847000
1569048089	27.287000
1569048150	27.528000
1569048210	27.528000
1569048347	27.800000
1569048390	27.528000
1569048452	27.800000
1569048512	26.748000
1569048570	26.706000
1569048630	26.706000
1569048690	26.769000
1569048750	26.706000
1569048810	26.706000
1569048870	26.769000
1569048992	26.769000
1569049050	26.877000
1569049110	26.877000
1569049170	26.879000
1569049233	26.880000
1569049290	26.880000
1569049352	26.880000
1569049412	27.000000
1569049469	27.000000
1569049530	26.842000
1569049591	26.842000
1569049650	26.716000
1569049771	26.642000
1569049830	26.642000
1569049952	26.642000
1569050010	26.642000
1569050070	26.669000
1569050131	26.820000
1569050190	26.871000
1569050313	26.820000
1569050370	27.007000
1569050430	27.007000
1569050490	26.653000
1569050612	26.653000
1569050671	26.715000
1569050730	26.715000
1569050790	26.715000
1569050850	26.760000
1569050910	26.732000
1569051046	26.823000
1569051090	26.823000
1569051153	27.482000
1569051214	27.556000
1569051269	28.104000
1569051391	28.104000
1569051450	28.104000
1569051510	26.736000
1569051632	26.736000
1569051690	26.698000
1569051750	26.736000
1569051810	26.845000
1569051870	26.845000
1569051990	26.845000
1569052051	27.189000
1569052112	26.845000
1569052170	26.731000
1569052230	26.731000
1569052289	26.731000
1569052350	26.602000
1569052411	26.602000
1569052531	26.776000
1569052590	26.855000
1569052712	26.855000
1569052770	26.855000
1569052834	26.855000
1569052891	26.702000
1569052952	26.702000
1569053013	26.596000
1569053069	26.596000
1569053131	26.596000
1569053190	26.824000
1569053311	26.596000
1569053370	26.584000
1569053430	26.584000
1569053551	26.572000
1569053610	26.572000
1569053670	26.764000
1569053790	26.804000
1569053852	26.804000
1569053911	27.096000
1569053970	27.096000
1569054029	27.096000
1569054151	26.697000
1569054210	26.595000
1569054270	26.595000
1569054330	26.697000
1569054451	26.728000
1569054509	26.728000
1569054570	26.728000
1569054690	26.657000
1569054751	26.657000
1569054812	26.657000
1569054871	27.945000
1569054930	27.945000
1569055051	28.086000
1569055110	28.086000
1569055231	28.185000
1569055290	28.185000
1569055350	28.185000
1569055414	26.761000
1569055470	26.761000
1569055591	26.680000
1569055653	26.680000
1569055715	26.680000
1569055771	26.979000
1569055830	26.726000
1569055890	27.694000
1569055949	26.726000
1569056071	26.742000
1569056130	26.726000
1569056189	26.742000
1569056249	26.742000
1569056371	27.071000
1569056434	27.071000
1569056490	27.071000
1569056551	27.967000
1569056612	26.926000
1569056670	26.812000
1569056791	26.729000
1569056850	26.729000
1569056972	26.729000
1569057030	27.246000
1569057090	27.549000
1569057150	27.549000
1569057209	27.246000
1569057333	26.600000
1569057390	26.600000
1569057453	26.600000
1569057512	26.643000
1569057573	26.791000
1569057630	26.791000
1569057690	26.791000
1569057750	26.660000
1569057810	26.660000
1569057932	26.660000
1569057990	26.672000
1569058050	26.672000
1569058110	26.974000
1569058245	27.490000
1569058290	26.974000
1569058352	26.974000
1569058413	26.987000
1569058471	26.987000
1569058530	26.671000
1569058652	26.987000
1569058710	26.987000
1569058770	26.671000
1569058830	28.102000
1569058890	28.102000
1569059012	26.808000
1569059071	26.691000
1569059132	26.786000
1569059190	26.691000
1569059251	26.786000
1569059311	26.766000
1569059372	26.786000
1569059430	27.703000
1569059490	27.703000
1569059549	26.766000
1569059610	26.705000
1569059670	26.705000
1569059730	26.705000
1569059852	26.720000
1569059910	26.720000
1569059969	26.720000
1569060033	26.720000
1569060090	26.530000
1569060151	26.530000
1569060210	26.725000
1569060273	26.860000
1569060330	26.860000
1569060452	26.860000
1569060511	26.860000
1569060570	26.860000
1569060692	26.870000
1569060750	26.743000
1569060810	26.870000
1569060870	26.870000
1569060932	26.916000
1569060991	26.916000
1569061052	26.953000
1569061114	26.976000
1569061170	26.953000
1569061292	26.853000
1569061350	26.796000
1569061410	26.701000
1569061470	26.671000
1569061530	26.671000
1569061651	26.701000
1569061710	26.701000
1569061770	26.701000
1569061831	26.836000
1569061890	26.911000
1569061951	27.366000
1569062013	27.366000
1569062070	27.366000
1569062191	27.366000
1569062250	27.004000
1569062310	26.942000
1569062370	26.766000
1569062430	26.942000
1569062551	26.662000
1569062610	26.662000
1569062670	28.029000
1569062790	28.029000
1569062852	28.029000
1569062914	28.029000
1569062969	26.873000
1569063030	26.873000
1569063090	27.928000
1569063150	27.928000
1569063210	27.928000
1569063269	27.928000
1569063391	27.838000
1569063450	26.823000
1569063510	26.568000
1569063570	26.568000
1569063691	26.696000
1569063751	26.696000
1569063814	26.728000
1569063870	26.728000
1569063930	26.728000
1569064052	26.800000
1569064110	26.800000
1569064170	26.812000
1569064230	26.812000
1569064351	26.800000
1569064410	26.812000
1569064469	26.777000
1569064533	26.777000
1569064590	26.777000
1569064652	27.003000
1569064713	27.939000
1569064770	27.999000
1569064830	28.166000
1569064890	28.166000
1569065011	27.999000
1569065070	28.166000
1569065138	26.492000
1569065264	26.492000
1569065310	26.526000
1569065370	26.818000
1569065490	26.682000
1569065550	26.818000
1569065613	28.035000
1569065672	28.035000
1569065730	27.894000
1569065790	27.894000
1569065850	27.888000
1569065984	27.427000
1569066031	27.427000
1569066090	27.132000
1569066153	26.739000
1569066210	26.805000
1569066270	26.714000
1569066390	26.606000
1569066451	26.606000
1569066514	26.805000
1569066570	27.333000
1569066630	27.333000
1569066690	28.058000
1569066812	27.333000
1569066870	27.013000
1569066991	26.773000
1569067050	26.771000
1569067110	26.582000
1569067170	26.723000
1569067233	26.723000
1569067290	26.771000
1569067352	28.072000
1569067414	28.423000
1569067470	28.423000
1569067592	28.072000
1569067650	26.732000
1569067710	26.723000
1569067770	26.702000
1569067891	26.723000
1569067950	26.732000
1569068010	26.723000
1569068146	26.825000
1569068190	26.835000
1569068252	26.835000
1569068313	27.222000
1569068370	27.222000
1569068430	27.222000
1569068492	27.222000
1569068550	26.804000
1569068610	26.774000
1569068731	26.704000
1569068790	26.704000
1569068912	26.719000
1569068971	26.726000
1569069031	26.726000
1569069090	26.726000
1569069151	28.125000
1569069212	28.125000
1569069270	26.634000
1569069391	26.594000
1569069450	26.520000
1569069571	26.520000
1569069630	26.634000
1569069764	26.540000
1569069810	26.708000
1569069870	26.708000
1569069990	26.708000
1569070052	26.708000
1569070114	26.708000
1569070170	26.863000
1569070291	26.863000
1569070350	26.598000
1569070410	26.586000
1569070470	26.598000
1569070530	26.586000
1569070651	26.598000
1569070710	26.599000
1569070770	26.599000
1569070890	26.714000
1569070951	27.661000
1569071014	27.661000
1569071069	26.596000
1569071130	26.908000
1569071189	26.535000
1569071312	26.535000
1569071370	26.496000
1569071430	26.580000
1569071551	26.580000
1569071610	26.590000
1569071670	26.680000
1569071790	26.898000
1569071850	27.552000
1569071914	26.898000
1569071973	26.732000
1569072030	27.552000
1569072090	27.632000
1569072150	26.732000
1569072209	26.833000
1569072270	26.833000
1569072391	26.826000
1569072450	26.697000
1569072510	26.697000
1569072570	26.697000
1569072690	26.715000
1569072750	26.715000
1569072814	27.994000
1569072872	27.994000
1569072930	26.715000
1569072990	26.627000
1569073050	26.627000
1569073110	26.599000
1569073170	26.494000
1569073230	26.494000
1569073352	26.494000
1569073410	26.463000
1569073546	26.463000
1569073590	26.567000
1569073651	26.605000
1569073712	26.881000
1569073770	26.881000
1569073830	26.637000
1569073890	26.696000
1569073950	26.637000
1569074010	26.637000
1569074070	26.637000
1569074130	26.689000
1569074190	26.590000
1569074250	26.661000
1569074310	26.661000
1569074370	26.680000
1569074433	26.680000
1569074490	26.680000
1569074613	26.773000
1569074670	26.680000
1569074730	26.582000
1569074851	26.567000
1569074910	26.582000
1569075043	26.582000
1569075090	26.567000
1569075150	26.567000
1569075271	26.605000
1569075332	26.754000
1569075390	26.538000
1569075451	26.754000
1569075516	26.823000
1569075570	26.823000
1569075629	27.750000
1569075690	28.099000
1569075811	28.099000
1569075870	28.377000
1569075930	30.569000
1569075990	30.569000
1569076050	29.608000
1569076172	29.608000
1569076232	29.999000
1569076290	29.608000
1569076353	29.999000
1569076411	29.999000
1569076472	30.002000
1569076530	30.002000
1569076590	30.002000
1569076711	30.002000
1569076770	30.002000
1569076830	29.955000
1569076890	28.582000
1569076950	26.842000
1569077010	26.842000
1569077145	26.842000
1569077190	26.842000
1569077251	26.998000
1569077314	26.998000
1569077370	26.661000
1569077430	26.661000
1569077490	26.749000
1569077550	26.749000
1569077610	26.749000
1569077731	26.763000
1569077790	26.763000
1569077849	26.763000
1569077910	26.731000
1569077969	26.681000
1569078033	26.681000
1569078090	26.558000
1569078152	26.681000
1569078210	26.681000
1569078272	26.997000
1569078330	26.997000
1569078390	27.249000
1569078511	26.997000
1569078570	26.997000
1569078691	26.712000
1569078750	26.712000
1569078810	26.712000
1569078870	26.712000
1569078932	26.846000
1569078990	26.846000
1569079111	26.846000
1569079170	26.747000
1569079230	26.821000
1569079290	26.747000
1569079350	26.802000
1569079410	26.802000
1569079532	26.802000
1569079590	26.732000
1569079650	26.732000
1569079710	26.718000
1569079770	26.718000
1569079890	26.714000
1569079952	26.718000
1569080011	26.714000
1569080071	26.714000
1569080129	26.661000
1569080252	26.661000
1569080310	26.661000
1569080371	27.007000
1569080430	27.007000
1569080490	27.007000
1569080550	26.788000
1569080610	26.743000
1569080670	26.646000
1569080790	26.743000
1569080913	26.743000
1569080970	26.675000
1569081091	26.675000
1569081150	26.675000
1569081211	26.624000
1569081270	26.624000
1569081330	27.673000
1569081390	26.639000
1569081450	26.699000
1569081571	26.699000
1569081632	26.699000
1569081690	26.648000
1569081811	26.699000
1569081870	26.648000
1569081930	26.463000
1569082052	26.463000
1569082110	26.705000
1569082231	26.742000
1569082290	26.863000
1569082350	26.863000
1569082410	26.863000
1569082546	26.863000
1569082590	26.633000
1569082713	26.501000
1569082771	26.633000
1569082830	26.798000
1569082890	26.633000
1569083011	26.560000
1569083070	26.798000
1569083130	26.560000
1569083190	26.560000
1569083250	26.736000
1569083310	26.736000
1569083445	26.736000
1569083490	26.736000
1569083551	27.832000
1569083612	27.832000
1569083670	27.832000
1569083730	26.635000
1569083863	26.635000
1569083910	26.635000
1569084031	26.535000
1569084090	26.535000
1569084150	26.634000
1569084210	26.634000
1569084338	26.634000
1569084391	26.645000
1569084451	26.895000
1569084514	26.895000
1569084569	27.013000
1569084630	27.013000
1569084752	27.013000
1569084810	26.849000
1569084932	26.750000
1569084991	26.740000
1569085050	26.750000
1569085172	26.750000
1569085233	26.795000
1569085290	26.795000
1569085415	26.915000
1569085470	26.915000
1569085530	26.874000
1569085652	26.599000
1569085710	26.599000
1569085832	26.599000
1569085891	26.599000
1569085950	26.599000
1569086010	26.678000
1569086145	26.976000
1569086190	26.678000
1569086252	26.976000
1569086312	26.976000
1569086370	26.552000
1569086430	26.552000
1569086490	26.552000
1569086550	26.402000
1569086610	26.552000
1569086670	26.402000
1569086791	26.402000
1569086850	26.666000
1569086910	26.666000
1569086970	26.666000
1569087090	26.666000
1569087152	26.670000
1569087211	26.670000
1569087270	26.670000
1569087329	26.758000
1569087390	26.758000
1569087511	26.744000
1569087570	26.716000
1569087630	26.716000
1569087752	26.716000
1569087810	26.744000
1569087870	26.710000
1569087932	26.823000
1569087990	26.823000
1569088052	26.847000
1569088113	26.847000
1569088170	26.847000
1569088230	26.491000
1569088290	26.695000
1569088412	26.491000
1569088470	26.482000
1569088530	26.482000
1569088651	26.689000
1569088710	26.689000
1569088770	27.375000
1569088890	27.375000
1569088950	26.689000
1569089010	26.703000
1569089070	26.703000
1569089130	26.703000
1569089190	26.703000
1569089250	26.703000
1569089310	26.553000
1569089431	26.553000
1569089490	26.543000
1569089550	26.553000
1569089610	26.674000
1569089670	26.849000
1569089790	26.849000
1569089851	27.842000
1569089912	27.842000
1569089970	26.595000
1569090029	26.525000
1569090090	26.595000
1569090212	26.486000
1569090271	26.524000
1569090330	26.486000
1569090389	26.524000
1569090450	26.524000
1569090571	26.573000
1569090690	26.573000
1569090752	26.992000
1569090813	26.573000
1569090869	26.725000
1569090992	26.725000
1569091051	26.725000
1569091110	26.646000
1569091170	26.725000
1569091230	27.417000
1569091290	26.807000
1569091350	26.807000
1569091410	26.807000
1569091470	26.622000
1569091590	26.622000
1569091652	26.622000
1569091711	26.755000
1569091770	26.858000
1569091896	26.858000
1569091983	27.054000
1569092072	26.858000
1569092130	26.715000
1569092251	26.659000
1569092310	26.715000
1569092394	26.659000
1569092433	26.659000
1569092490	26.500000
1569092614	26.557000
1569092669	26.557000
1569092730	26.681000
1569092790	26.605000
1569092850	26.681000
1569092910	26.681000
1569092970	26.605000
1569093091	26.605000
1569093150	26.469000
1569093209	26.456000
1569093270	26.469000
1569093349	26.901000
1569093390	27.520000
1569093452	28.167000
1569093511	29.155000
1569093570	29.155000
1569093630	28.560000
1569093690	30.299000
1569093750	28.560000
1569093871	27.464000
1569093930	27.464000
1569093990	27.375000
1569094050	27.369000
1569094110	26.770000
1569094170	26.650000
1569094290	26.650000
1569094350	26.770000
1569094413	26.825000
1569094472	26.825000
1569094530	26.825000
1569094590	26.581000
1569094650	26.517000
1569094710	26.467000
1569094770	26.517000
1569094830	26.517000
1569094951	26.517000
1569095010	26.665000
1569095070	26.665000
1569095190	26.556000
1569095252	26.665000
1569095314	27.687000
1569095369	27.687000
1569095430	27.687000
1569095489	27.687000
1569095550	26.679000
1569095671	26.679000
1569095730	26.599000
1569095851	26.599000
1569095909	26.497000
1569095970	26.497000
1569096090	26.497000
1569096151	26.688000
1569096214	26.688000
1569096270	26.711000
1569096330	26.688000
1569096390	26.652000
1569096450	26.652000
1569096510	26.652000
1569096570	26.652000
1569096630	26.730000
1569096690	26.768000
1569096823	26.768000
1569096870	27.500000
1569096990	26.768000
1569097052	27.500000
1569097113	27.096000
1569097170	27.096000
1569097291	26.637000
1569097350	26.720000
1569097410	26.637000
1569097543	26.611000
1569097590	26.502000
1569097650	26.405000
1569097771	26.405000
1569097832	26.405000
1569097890	26.623000
1569097951	26.682000
1569098014	26.682000
1569098070	26.713000
1569098191	26.623000
1569098250	26.606000
1569098310	26.606000
1569098370	26.649000
1569098430	26.649000
1569098490	26.649000
1569098550	26.649000
1569098671	26.632000
1569098733	26.632000
1569098790	26.628000
1569098851	26.632000
1569098914	28.202000
1569098970	28.387000
1569099092	28.387000
1569099150	28.387000
1569099210	26.727000
1569099271	26.548000
1569099330	26.537000
1569099390	26.537000
1569099450	26.537000
1569099510	26.539000
1569099570	26.623000
1569099690	26.690000
1569099752	26.690000
1569099810	26.690000
1569099870	27.429000
1569099991	27.429000
1569100050	26.554000
1569100110	26.499000
1569100170	26.554000
1569100292	26.499000
1569100351	26.489000
1569100410	26.467000
1569100469	26.467000
1569100532	26.467000
1569100590	26.397000
1569100651	26.397000
1569100714	26.397000
1569100770	26.470000
1569100891	26.470000
1569100950	26.470000
1569101010	26.470000
1569101070	26.563000
1569101130	26.672000
1569101190	26.672000
1569101250	26.672000
1569101310	26.672000
1569101446	26.672000
1569101490	26.658000
1569101552	26.658000
1569101617	27.705000
1569101670	28.077000
1569101730	27.705000
1569101851	27.705000
1569101909	27.009000
1569101970	26.764000
1569102029	26.713000
1569102090	26.713000
1569102149	26.682000
1569102272	26.682000
1569102332	26.588000
1569102390	26.682000
1569102452	26.682000
1569102514	26.540000
1569102569	26.540000
1569102631	27.358000
1569102691	28.110000
1569102750	27.842000
1569102810	27.842000
1569102870	27.842000
1569102930	27.688000
1569102990	26.751000
1569103050	26.751000
1569103110	26.751000
1569103170	26.751000
1569103290	26.447000
1569103352	26.447000
1569103413	26.447000
1569103469	26.496000
1569103530	26.561000
1569103590	27.439000
1569103650	26.561000
1569103784	26.523000
1569103830	26.561000
1569103889	26.651000
1569103950	26.651000
1569104072	26.742000
1569104132	26.779000
1569104190	26.796000
1569104252	27.547000
1569104314	27.547000
1569104370	27.547000
1569104491	27.547000
1569104550	27.410000
1569104671	26.768000
1569104730	26.768000
1569104789	26.447000
1569104912	26.447000
1569104971	26.447000
1569105031	26.508000
1569105090	26.508000
1569105213	26.551000
1569105270	26.551000
1569105391	26.822000
1569105450	26.551000
1569105510	26.551000
1569105655	26.539000
1569105690	26.521000
1569105811	26.272000
1569105870	26.272000
1569105991	26.521000
1569106050	26.521000
1569106113	27.845000
1569106172	27.845000
1569106230	27.845000
1569106290	27.017000
1569106350	27.017000
1569106410	27.008000
1569106470	27.008000
1569106530	27.008000
1569106590	27.008000
1569106650	26.841000
1569106710	26.841000
1569106770	26.841000
1569106890	26.841000
1569106952	26.841000
1569107012	26.682000
1569107069	26.638000
1569107130	26.682000
1569107251	27.833000
1569107310	27.088000
1569107370	27.088000
1569107430	27.088000
1569107563	26.959000
1569107609	26.902000
1569107670	26.771000
1569107790	26.766000
1569107850	26.766000
1569107912	26.726000
1569107972	26.771000
1569108030	26.726000
1569108090	26.845000
1569108150	26.783000
1569108210	26.845000
1569108331	27.254000
1569108390	27.267000
1569108511	27.254000
1569108570	27.254000
1569108690	26.818000
1569108753	26.818000
1569108810	26.693000
1569108870	26.818000
1569108991	26.693000
1569109050	26.882000
1569109110	26.882000
1569109170	26.882000
1569109230	26.715000
1569109290	27.137000
1569109350	26.811000
1569109471	26.747000
1569109531	26.811000
1569109590	26.811000
1569109652	26.811000
1569109712	28.041000
1569109770	28.041000
1569109830	27.094000
1569109890	27.094000
1569109950	26.812000
1569110009	26.799000
1569110070	26.506000
1569110191	26.506000
1569110250	26.506000
1569110310	26.595000
1569110370	26.595000
1569110490	26.595000
1569110552	26.595000
1569110612	26.631000
1569110670	26.631000
1569110730	27.936000
1569110790	27.936000
1569110850	27.474000
1569110910	27.474000
1569110970	26.977000
1569111030	26.894000
1569111090	26.727000
1569111151	26.894000
1569111271	26.800000
1569111390	26.618000
1569111452	26.800000
1569111514	26.841000
1569111570	26.800000
1569111630	26.797000
1569111690	26.797000
1569111750	26.672000
1569111810	26.672000
1569111870	26.797000
1569111930	26.833000
1569111990	26.833000
1569112050	26.833000
1569112171	26.622000
1569112290	26.598000
1569112350	26.598000
1569112472	26.598000
1569112530	26.694000
1569112590	26.704000
1569112650	26.745000
1569112772	26.745000
1569112831	26.745000
1569112890	26.791000
1569112950	26.703000
1569113071	26.610000
1569113131	26.610000
1569113190	26.791000
1569113312	26.801000
1569113372	26.801000
1569113430	26.850000
1569113490	26.801000
1569113550	26.663000
1569113610	26.663000
1569113670	26.663000
1569113730	26.663000
1569113790	26.663000
1569113850	26.802000
1569113910	26.802000
1569113970	26.802000
1569114090	26.763000
1569114152	26.802000
1569114210	26.763000
1569114272	26.672000
1569114330	26.672000
1569114390	26.804000
1569114511	26.804000
1569114570	26.818000
1569114691	26.818000
1569114750	26.885000
1569114810	26.885000
1569114870	26.885000
1569114990	26.765000
1569115050	26.885000
1569115111	26.765000
1569115173	26.999000
1569115230	26.869000
1569115290	26.869000
1569115350	26.718000
1569115410	26.844000
1569115470	26.844000
1569115530	26.844000
1569115651	26.844000
1569115710	26.844000
1569115770	26.813000
1569115890	26.789000
1569115952	26.789000
1569116012	26.638000
1569116074	26.696000
1569116131	26.696000
1569116252	26.725000
1569116310	26.696000
1569116432	26.725000
1569116490	27.510000
1569116550	26.725000
1569116610	26.657000
1569116670	26.753000
1569116790	26.680000
1569116911	26.657000
1569116972	26.636000
1569117030	26.666000
1569117151	26.586000
1569117210	26.586000
1569117331	26.666000
1569117390	26.666000
1569117450	26.643000
1569117510	26.663000
1569117570	26.663000
1569117632	26.663000
1569117690	26.663000
1569117752	26.721000
1569117811	26.721000
1569117871	26.634000
1569117930	26.634000
1569117990	26.730000
1569118050	26.730000
1569118110	26.730000
1569118170	26.758000
1569118291	26.781000
1569118350	26.781000
1569118410	26.789000
1569118545	26.789000
1569118590	26.773000
1569118713	26.773000
1569118771	26.773000
1569118830	26.736000
1569118890	26.736000
1569118950	26.736000
1569119010	26.694000
1569119070	26.694000
1569119130	26.704000
1569119190	26.704000
1569119250	27.748000
1569119371	27.748000
1569119490	27.748000
1569119551	27.748000
1569119614	26.842000
1569119669	26.666000
1569119791	26.666000
1569119850	26.720000
1569119971	26.720000
1569120030	26.725000
1569120090	26.725000
1569120150	27.966000
1569120271	26.725000
1569120390	26.876000
1569120450	26.876000
1569120510	27.846000
1569120632	26.876000
1569120690	26.876000
1569120812	26.875000
1569120870	26.820000
1569120930	26.820000
1569121051	26.711000
1569121110	26.744000
1569121170	26.711000
1569121234	26.744000
1569121290	26.711000
1569121414	26.679000
1569121471	26.668000
1569121530	26.436000
1569121590	26.436000
1569121650	26.557000
1569121772	26.557000
1569121830	26.704000
1569121952	26.704000
1569122010	26.772000
1569122133	26.772000
1569122190	26.772000
1569122251	26.772000
1569122313	26.772000
1569122370	26.808000
1569122430	26.808000
1569122490	26.808000
1569122611	26.695000
1569122670	26.642000
1569122791	26.638000
1569122850	26.638000
1569122910	26.638000
1569123046	26.997000
1569123090	26.997000
1569123213	26.997000
1569123270	27.124000
1569123330	27.124000
1569123390	26.870000
1569123512	27.464000
1569123570	27.464000
1569123630	27.320000
1569123690	26.870000
1569123811	26.860000
1569123870	26.765000
1569123990	26.765000
1569124050	26.765000
1569124110	26.746000
1569124170	26.724000
1569124230	26.746000
1569124290	26.746000
1569124412	26.824000
1569124470	27.897000
1569124530	27.897000
1569124590	26.824000
1569124650	26.824000
1569124771	26.775000
1569124834	26.775000
1569124890	26.775000
1569125014	26.773000
1569125069	26.773000
1569125131	26.737000
1569125190	26.737000
1569125250	26.580000
1569125310	26.580000
1569125370	26.580000
1569125430	26.580000
1569125490	26.580000
1569125611	26.642000
1569125669	26.651000
1569125731	26.651000
1569125790	26.651000
1569125851	26.663000
1569125913	26.689000
1569125971	26.663000
1569126031	26.598000
1569126090	26.598000
1569126150	26.598000
1569126210	26.467000
1569126270	26.467000
1569126330	26.629000
1569126452	26.648000
1569126510	26.726000
1569126647	26.753000
1569126691	26.753000
1569126753	26.736000
1569126812	26.736000
1569126873	26.736000
1569126930	26.687000
1569126990	26.687000
1569127112	26.687000
1569127171	26.687000
1569127230	26.687000
1569127351	26.887000
1569127410	26.846000
1569127534	27.264000
1569127590	27.264000
1569127652	28.063000
1569127713	27.030000
1569127770	27.030000
1569127830	27.030000
1569127890	27.030000
1569127950	26.883000
1569128072	26.826000
1569128130	26.883000
1569128190	26.883000
1569128250	26.826000
1569128372	26.881000
1569128433	27.194000
1569128491	26.881000
1569128551	26.881000
1569128612	27.194000
1569128673	27.372000
1569128729	27.372000
1569128790	27.372000
1569128850	26.823000
1569128971	26.823000
1569129030	26.633000
1569129151	26.633000
1569129210	26.633000
1569129270	26.729000
1569129331	26.681000
1569129390	26.729000
1569129452	26.865000
1569129512	26.868000
1569129570	26.937000
1569129630	26.937000
1569129690	26.868000
1569129811	26.743000
1569129870	26.743000
1569129991	26.743000
1569130050	26.743000
1569130171	26.775000
1569130290	26.875000
1569130350	26.775000
1569130410	26.875000
1569130531	26.875000
1569130590	26.875000
1569130650	26.682000
1569130771	26.722000
1569130830	26.722000
1569130890	26.682000
1569131011	26.722000
1569131070	26.722000
1569131190	26.807000
1569131250	26.868000
1569131313	26.889000
1569131374	26.889000
1569131430	27.661000
1569131490	27.661000
1569131550	27.301000
1569131610	26.871000
1569131731	27.301000
1569131790	26.852000
1569131850	26.569000
1569131909	26.521000
1569132034	26.569000
1569132090	26.569000
1569132152	26.651000
1569132211	26.751000
1569132271	26.888000
1569132330	26.888000
1569132451	27.181000
1569132510	26.888000
1569132632	27.081000
1569132690	27.181000
1569132750	27.682000
1569132810	27.081000
1569132945	27.682000
1569132990	27.682000
1569133114	27.199000
1569133170	26.865000
1569133230	27.199000
1569133290	26.572000
1569133411	26.572000
1569133470	26.572000
1569133530	26.572000
1569133652	26.572000
1569133710	26.607000
1569133770	26.666000
1569133890	28.005000
1569133952	28.062000
1569134014	28.062000
1569134070	28.005000
1569134204	27.227000
1569134250	26.923000
1569134310	26.819000
1569134370	26.819000
1569134430	26.667000
1569134489	26.667000
1569134611	26.736000
1569134670	26.636000
1569134790	26.636000
1569134852	26.736000
1569134912	27.518000
1569134970	27.583000
1569135091	27.583000
1569135149	27.518000
1569135272	27.052000
1569135330	26.522000
1569135390	26.498000
1569135511	26.522000
1569135570	26.638000
1569135690	26.638000
1569135751	26.977000
1569135813	26.977000
1569135870	26.638000
1569135930	26.627000
1569135990	26.627000
1569136112	26.627000
1569136170	26.792000
1569136230	26.944000
1569136290	27.784000
1569136412	27.849000
1569136470	27.849000
1569136531	27.784000
1569136590	27.784000
1569136651	28.070000
1569136711	27.163000
1569136770	27.163000
1569136830	27.163000
1569136952	26.949000
1569137011	26.907000
1569137070	26.435000
1569137191	26.424000
1569137250	26.424000
1569137310	26.435000
1569137370	26.435000
1569137432	26.727000
1569137491	28.233000
1569137551	28.389000
1569137613	28.389000
1569137670	28.389000
1569137730	26.758000
1569137790	26.758000
1569137850	26.511000
1569137971	26.758000
1569138030	26.850000
1569138090	26.850000
1569138211	26.765000
1569138270	26.765000
1569138390	26.765000
1569138512	26.765000
1569138570	26.649000
1569138691	26.662000
1569138750	26.662000
1569138810	26.649000
1569138871	26.562000
1569138930	26.451000
1569138990	26.451000
1569139112	26.451000
1569139171	26.616000
1569139290	26.616000
1569139352	27.110000
1569139413	27.848000
1569139470	27.848000
1569139530	27.848000
1569139591	27.848000
1569139711	26.549000
1569139770	26.549000
1569139830	26.549000
1569139952	26.744000
1569140010	26.817000
1569140070	27.411000
1569140190	26.817000
1569140310	26.817000
1569140370	26.684000
1569140430	26.598000
1569140490	26.598000
1569140550	26.684000
1569140672	26.758000
1569140730	26.758000
1569140790	26.789000
1569140850	26.789000
1569140910	27.076000
1569140970	27.198000
1569141031	27.198000
1569141090	27.198000
1569141151	27.198000
1569141210	26.902000
1569141270	26.902000
1569141330	26.480000
1569141390	26.807000
1569141512	26.743000
1569141570	26.743000
1569141630	26.704000
1569141763	26.743000
1569141810	26.743000
1569141870	26.704000
1569141932	27.153000
1569141991	27.153000
1569142052	27.153000
1569142113	26.775000
1569142170	26.807000
1569142230	26.807000
1569142290	26.807000
1569142412	26.807000
1569142471	26.807000
1569142531	26.864000
1569142590	26.806000
1569142650	26.864000
1569142710	26.748000
1569142769	26.748000
1569142834	26.748000
1569142890	27.079000
1569143014	27.079000
1569143072	27.632000
1569143130	27.632000
1569143190	27.632000
1569143311	27.083000
1569143370	26.860000
1569143491	26.860000
1569143550	27.083000
1569143610	27.256000
1569143670	27.256000
1569143791	28.030000
1569143852	28.053000
1569143910	27.991000
1569143973	27.991000
1569144030	28.009000
1569144090	28.009000
1569144211	27.991000
1569144270	26.779000
1569144330	27.556000
1569144389	27.556000
1569144449	27.394000
1569144510	27.394000
1569144570	27.394000
1569144691	26.865000
1569144753	26.740000
1569144810	26.740000
1569144871	26.865000
1569144934	26.560000
1569144990	26.526000
1569145050	26.580000
1569145110	26.580000
1569145170	26.580000
1569145292	26.696000
1569145350	26.768000
1569145410	26.768000
1569145470	26.768000
1569145590	26.721000
1569145652	26.721000
1569145714	26.641000
1569145770	26.721000
1569145892	26.806000
1569145950	27.655000
1569146010	27.038000
1569146070	27.655000
1569146130	27.038000
1569146263	27.501000
1569146310	27.038000
1569146370	27.501000
1569146434	27.501000
1569146490	27.501000
1569146610	27.461000
1569146671	27.461000
1569146729	27.451000
1569146789	26.996000
1569146850	26.711000
1569146971	26.630000
1569147029	26.547000
1569147091	26.547000
1569147211	26.594000
1569147270	26.594000
1569147390	26.594000
1569147451	26.635000
1569147514	26.594000
1569147571	26.636000
1569147630	26.704000
1569147691	26.755000
1569147750	26.755000
1569147810	26.832000
1569147870	26.832000
1569147930	26.832000
1569147990	26.786000
1569148050	26.766000
1569148172	26.766000
1569148290	26.776000
1569148351	26.786000
1569148412	26.776000
1569148471	27.278000
1569148530	27.278000
1569148652	27.592000
1569148710	27.109000
1569148770	27.109000
1569148830	26.877000
1569148890	26.727000
1569148950	26.621000
1569149071	26.727000
1569149190	26.560000
1569149250	26.560000
1569149310	26.633000
1569149370	26.898000
1569149491	26.898000
1569149549	26.898000
1569149671	26.633000
1569149730	26.583000
1569149790	26.547000
1569149849	26.471000
1569149909	26.471000
1569150047	26.547000
1569150090	26.631000
1569150150	27.085000
1569150210	27.085000
1569150269	27.085000
1569150331	28.010000
1569150390	28.010000
1569150450	26.810000
1569150510	26.843000
1569150570	26.810000
1569150704	26.810000
1569150750	26.810000
1569150811	26.843000
1569150870	26.606000
1569150991	26.606000
1569151052	26.606000
1569151112	26.583000
1569151169	26.532000
1569151230	26.532000
1569151290	26.730000
1569151350	26.547000
1569151410	26.547000
1569151531	26.547000
1569151590	26.547000
1569151650	26.547000
1569151771	26.774000
1569151831	26.853000
1569151890	26.853000
1569151951	27.931000
1569152011	27.986000
