time ms
1568844602	18.534000
1568844636	18.689000
1568844696	18.587000
1568844756	18.575000
1568844816	18.568000
1568844876	18.568000
1568844936	18.568000
1568844995	18.568000
1568845057	18.578000
1568845117	18.633000
1568845180	18.633000
1568845240	18.633000
1568845296	18.633000
1568845356	18.633000
1568845416	18.648000
1568845538	18.648000
1568845596	18.648000
1568845656	18.648000
1568845779	18.648000
1568845836	18.614000
1568845896	18.614000
1568845957	18.614000
1568846017	18.583000
1568846080	18.687000
1568846139	18.687000
1568846196	18.621000
1568846319	18.621000
1568846376	18.621000
1568846436	18.621000
1568846496	18.621000
1568846620	18.621000
1568846677	18.613000
1568846736	18.613000
1568846796	18.613000
1568846861	18.613000
1568846917	18.613000
1568846981	18.664000
1568847040	18.664000
1568847096	18.584000
1568847218	18.584000
1568847277	18.584000
1568847336	18.584000
1568847398	18.621000
1568847519	18.621000
1568847576	18.621000
1568847636	18.637000
1568847696	18.637000
1568847761	18.637000
1568847816	18.645000
1568847881	18.645000
1568847940	18.936000
1568847996	18.645000
1568848056	18.686000
1568848116	18.686000
1568848176	18.686000
1568848236	18.686000
1568848297	18.686000
1568848357	18.670000
1568848416	18.687000
1568848476	18.670000
1568848536	18.628000
1568848660	18.606000
1568848717	18.628000
1568848780	18.628000
1568848842	18.606000
1568848896	18.663000
1568848956	18.663000
1568849016	18.549000
1568849152	18.549000
1568849196	18.563000
1568849330	18.563000
1568849376	18.612000
1568849436	18.615000
1568849496	18.615000
1568849557	18.615000
1568849618	18.612000
1568849740	18.615000
1568849795	18.756000
1568849856	18.756000
1568849918	18.756000
1568850038	18.756000
1568850096	18.822000
1568850156	18.670000
1568850278	18.632000
1568850336	18.621000
1568850396	18.621000
1568850457	18.621000
1568850517	18.621000
1568850581	18.624000
1568850642	18.624000
1568850697	18.585000
1568850763	18.585000
1568850822	18.585000
1568850878	18.585000
1568850936	18.630000
1568850996	18.663000
1568851056	18.663000
1568851178	18.694000
1568851236	18.703000
1568851296	18.788000
1568851364	18.788000
1568851417	18.788000
1568851541	18.696000
1568851596	18.622000
1568851657	18.622000
1568851717	18.696000
1568851776	18.697000
1568851836	18.697000
1568851959	18.768000
1568852017	18.697000
1568852076	18.662000
1568852136	18.607000
1568852272	18.662000
1568852316	18.662000
1568852441	18.674000
1568852497	18.674000
1568852558	18.915000
1568852618	18.674000
1568852677	18.667000
1568852736	18.667000
1568852796	18.643000
1568852856	18.643000
1568852979	18.643000
1568853036	18.643000
1568853096	18.643000
1568853158	18.603000
1568853217	18.603000
1568853341	18.688000
1568853396	18.715000
1568853518	18.715000
1568853576	18.715000
1568853636	18.715000
1568853696	18.715000
1568853819	18.592000
1568853876	18.591000
1568853937	18.592000
1568853996	18.592000
1568854116	18.592000
1568854180	18.663000
1568854241	18.663000
1568854297	18.588000
1568854357	18.588000
1568854417	18.606000
1568854476	18.606000
1568854536	18.606000
1568854671	18.606000
1568854717	18.584000
1568854776	18.584000
1568854836	18.584000
1568854896	18.608000
1568854961	18.608000
1568855017	18.618000
1568855078	18.802000
1568855143	18.802000
1568855198	18.718000
1568855256	18.718000
1568855379	18.602000
1568855436	18.602000
1568855496	18.602000
1568855556	18.602000
1568855616	18.602000
1568855739	18.650000
1568855797	18.675000
1568855860	18.590000
1568855918	18.566000
1568855984	18.675000
1568856040	18.566000
1568856096	18.566000
1568856219	18.595000
1568856276	18.624000
1568856336	18.595000
1568856398	18.595000
1568856518	18.615000
1568856577	18.601000
1568856636	18.601000
1568856773	18.601000
1568856818	18.615000
1568856881	18.621000
1568856937	18.621000
1568856998	18.578000
1568857056	18.640000
1568857179	18.596000
1568857236	18.578000
1568857296	18.593000
1568857418	18.596000
1568857477	18.596000
1568857536	18.593000
1568857597	18.622000
1568857716	18.710000
1568857780	18.710000
1568857841	18.710000
1568857896	18.710000
1568858018	18.682000
1568858076	18.676000
1568858136	18.658000
1568858196	18.661000
1568858257	18.658000
1568858316	18.658000
1568858382	18.658000
1568858499	18.661000
1568858559	18.643000
1568858617	18.667000
1568858681	18.911000
1568858741	18.911000
1568858799	18.911000
1568858856	18.911000
1568858979	18.631000
1568859037	18.598000
1568859096	18.578000
1568859157	18.578000
1568859218	18.578000
1568859285	18.578000
1568859341	18.596000
1568859396	18.618000
1568859516	18.618000
1568859580	18.682000
1568859640	18.682000
1568859697	18.717000
1568859756	18.717000
1568859816	18.587000
1568859876	18.573000
1568859936	18.573000
1568859998	18.573000
1568860143	18.586000
1568860181	18.593000
1568860236	18.593000
1568860296	18.586000
1568860417	18.582000
1568860481	18.582000
1568860540	18.582000
1568860597	18.582000
1568860657	18.557000
1568860716	18.571000
1568860776	18.557000
1568860836	18.557000
1568860959	18.571000
1568861020	18.571000
1568861139	18.564000
1568861196	18.587000
1568861258	18.602000
1568861316	18.564000
1568861441	18.583000
1568861496	18.583000
1568861557	18.563000
1568861617	18.526000
1568861678	18.526000
1568861736	18.526000
1568861871	18.529000
1568861917	18.548000
1568861976	18.548000
1568862112	18.603000
1568862160	18.529000
1568862217	18.556000
1568862280	18.556000
1568862342	18.632000
1568862396	18.556000
1568862518	18.632000
1568862576	18.632000
1568862636	18.588000
1568862782	18.533000
1568862816	18.588000
1568862876	18.588000
1568862936	18.610000
1568862996	18.610000
1568863116	18.639000
1568863181	18.639000
1568863240	18.639000
1568863300	18.653000
1568863356	18.653000
1568863417	18.653000
1568863476	18.653000
1568863536	18.653000
1568863597	18.595000
1568863719	18.595000
1568863777	18.585000
1568863836	18.557000
1568863896	18.557000
1568864017	18.534000
1568864084	18.585000
1568864142	18.527000
1568864197	18.540000
1568864256	18.540000
1568864384	18.557000
1568864439	18.548000
1568864496	18.548000
1568864619	18.557000
1568864676	18.557000
1568864798	18.571000
1568864858	18.571000
1568864918	18.571000
1568864980	18.571000
1568865040	18.591000
1568865097	18.554000
1568865157	18.578000
1568865216	18.578000
1568865277	18.578000
1568865398	18.566000
1568865456	18.566000
1568865591	18.565000
1568865637	18.548000
1568865696	18.548000
1568865759	18.542000
1568865816	18.532000
1568865882	18.532000
1568865941	18.733000
1568865997	18.683000
1568866058	18.683000
1568866117	18.683000
1568866251	18.667000
1568866297	18.624000
1568866356	18.598000
1568866416	18.598000
1568866477	18.598000
1568866598	18.619000
1568866657	18.590000
1568866717	18.600000
1568866781	18.619000
1568866842	18.600000
1568866897	18.589000
1568866956	18.589000
1568867016	18.561000
1568867076	18.561000
1568867136	18.561000
1568867196	18.561000
1568867257	18.561000
1568867378	18.543000
1568867436	18.543000
1568867562	18.543000
1568867617	18.543000
1568867682	18.573000
1568867741	18.590000
1568867796	18.590000
1568867856	18.596000
1568867978	18.722000
1568868036	18.596000
1568868158	18.538000
1568868217	18.596000
1568868276	18.581000
1568868398	18.581000
1568868516	18.581000
1568868589	18.678000
1568868641	18.581000
1568868696	18.546000
1568868756	18.513000
1568868816	18.546000
1568868950	18.546000
1568868996	18.599000
1568869131	18.599000
1568869177	18.608000
1568869237	18.608000
1568869374	18.608000
1568869417	18.608000
1568869480	18.614000
1568869543	18.614000
1568869598	18.585000
1568869656	18.636000
1568869717	18.600000
1568869838	18.585000
1568869896	18.596000
1568869957	18.596000
1568870078	18.563000
1568870136	18.563000
1568870196	18.585000
1568870318	18.585000
1568870384	18.617000
1568870441	18.617000
1568870498	18.617000
1568870556	18.577000
1568870616	18.577000
1568870751	18.577000
1568870797	18.594000
1568870856	18.595000
1568870917	18.595000
1568871050	18.595000
1568871096	18.595000
1568871218	18.605000
1568871340	18.595000
1568871396	18.595000
1568871456	18.539000
1568871591	18.539000
1568871637	18.539000
1568871696	18.548000
1568871757	18.603000
1568871891	18.609000
1568871937	18.618000
1568871997	18.607000
1568872116	18.607000
1568872181	18.644000
1568872241	18.607000
1568872295	18.607000
1568872357	18.575000
1568872417	18.615000
1568872476	18.615000
1568872536	18.667000
1568872597	18.615000
1568872719	18.615000
1568872776	18.576000
1568872839	18.576000
1568872976	18.564000
1568873017	18.564000
1568873081	18.587000
1568873138	18.683000
1568873197	18.683000
1568873257	18.683000
1568873316	18.608000
1568873376	18.581000
1568873499	18.579000
1568873557	18.581000
1568873617	18.579000
1568873677	18.558000
1568873745	18.547000
1568873803	18.558000
1568873858	18.558000
1568873917	18.609000
1568873981	18.703000
1568874040	19.019000
1568874096	19.019000
1568874231	19.019000
1568874277	18.586000
1568874336	18.547000
1568874459	18.547000
1568874516	18.586000
1568874577	18.549000
1568874699	18.598000
1568874816	18.663000
1568874877	18.672000
1568874945	19.125000
1568875000	19.125000
1568875056	18.679000
1568875117	18.679000
1568875178	18.615000
1568875236	18.615000
1568875297	18.615000
1568875357	18.615000
1568875417	18.603000
1568875478	18.670000
1568875538	18.604000
1568875596	18.604000
1568875716	18.631000
1568875782	18.674000
1568875842	18.631000
1568875897	18.631000
1568876018	18.604000
1568876076	18.541000
1568876200	18.539000
1568876257	18.541000
1568876316	18.541000
1568876377	18.574000
1568876499	18.633000
1568876617	18.633000
1568876676	18.622000
1568876799	18.622000
1568876857	18.637000
1568876916	18.622000
1568876980	18.611000
1568877099	18.611000
1568877157	18.611000
1568877217	18.599000
1568877276	18.570000
1568877336	18.582000
1568877461	18.570000
1568877517	18.567000
1568877582	18.567000
1568877639	18.582000
1568877697	18.630000
1568877756	18.657000
1568877817	18.752000
1568877942	18.714000
1568877997	18.714000
1568878056	18.714000
1568878179	18.714000
1568878237	18.714000
1568878296	18.773000
1568878418	18.773000
1568878482	18.818000
1568878539	18.773000
1568878595	18.754000
1568878657	18.740000
1568878717	18.740000
1568878777	18.674000
1568878845	18.644000
1568878959	18.639000
1568879017	18.639000
1568879076	18.644000
1568879136	18.692000
1568879197	18.726000
1568879317	18.726000
1568879382	18.726000
1568879441	18.726000
1568879497	18.738000
1568879557	18.589000
1568879617	18.658000
1568879677	18.600000
1568879798	18.658000
1568879856	18.658000
1568879991	18.658000
1568880037	18.644000
1568880097	18.670000
1568880158	18.644000
1568880217	18.623000
1568880281	18.623000
1568880341	18.667000
1568880398	18.667000
1568880456	18.668000
1568880517	18.668000
1568880640	18.667000
1568880696	18.668000
1568880819	18.684000
1568880877	18.632000
1568880936	18.632000
1568880996	18.684000
1568881059	18.632000
1568881117	18.615000
1568881181	18.615000
1568881240	18.695000
1568881295	18.687000
1568881358	18.687000
1568881417	18.700000
1568881477	18.687000
1568881537	18.672000
1568881597	18.672000
1568881719	18.672000
1568881777	18.664000
1568881836	18.672000
1568881971	18.716000
1568882017	18.701000
1568882142	18.701000
1568882197	18.729000
1568882322	18.701000
1568882376	18.605000
1568882436	18.605000
1568882497	18.720000
1568882619	18.675000
1568882677	18.692000
1568882737	18.704000
1568882873	18.692000
1568882916	18.692000
1568882982	18.704000
1568883040	18.704000
1568883097	18.746000
1568883219	18.746000
1568883277	18.657000
1568883337	18.657000
1568883396	18.657000
1568883457	18.641000
1568883592	18.641000
1568883636	18.641000
1568883697	18.982000
1568883817	18.641000
1568883882	18.982000
1568883942	18.624000
1568883997	18.748000
1568884056	18.748000
1568884116	18.748000
1568884239	18.728000
1568884297	18.728000
1568884357	18.670000
1568884417	18.670000
1568884538	18.654000
1568884596	18.654000
1568884659	18.654000
1568884716	18.770000
1568884792	18.770000
1568884841	18.770000
1568884897	18.704000
1568884957	18.704000
1568885016	18.704000
1568885077	18.660000
1568885199	18.704000
1568885257	18.660000
1568885316	18.660000
1568885438	18.659000
1568885496	18.659000
1568885617	18.658000
1568885680	18.659000
1568885743	18.679000
1568885799	18.679000
1568885857	18.621000
1568885917	18.804000
1568885976	18.804000
1568886036	18.634000
1568886158	18.776000
1568886216	18.776000
1568886277	18.712000
1568886399	18.712000
1568886458	18.712000
1568886522	18.712000
1568886579	18.769000
1568886638	18.769000
1568886697	18.769000
1568886756	18.769000
1568886816	18.792000
1568886877	18.723000
1568886998	18.705000
1568887056	18.705000
1568887179	18.705000
1568887237	18.705000
1568887438	18.722000
1568887501	18.794000
1568887563	18.794000
1568887625	18.733000
1568887637	18.733000
1568887657	18.708000
1568887780	18.703000
1568887837	18.703000
1568887959	18.685000
1568888017	18.703000
1568888077	18.682000
1568888199	18.739000
1568888259	18.682000
1568888319	18.688000
1568888380	18.688000
1568888441	18.688000
1568888498	18.641000
1568888558	18.641000
1568888618	18.641000
1568888676	18.606000
1568888737	18.606000
1568888859	18.632000
1568888916	18.632000
1568888976	18.598000
1568889037	18.598000
1568889173	18.587000
1568889216	18.587000
1568889341	18.598000
1568889398	18.627000
1568889456	18.627000
1568889517	18.666000
1568889638	18.627000
1568889696	18.627000
1568889831	18.623000
1568889877	18.593000
1568889937	18.593000
1568890001	18.695000
1568890117	18.643000
1568890181	18.882000
1568890243	18.882000
1568890297	18.643000
1568890357	18.606000
1568890416	18.596000
1568890476	18.566000
1568890537	18.566000
1568890597	18.542000
1568890656	18.542000
1568890717	18.606000
1568890839	18.635000
1568890898	18.635000
1568890961	18.635000
1568891018	18.606000
1568891083	18.635000
1568891141	18.592000
1568891197	18.592000
1568891319	18.597000
1568891377	18.597000
1568891437	18.592000
1568891558	18.597000
1568891616	18.635000
1568891677	18.635000
1568891799	18.655000
1568891858	18.664000
1568891917	18.670000
1568891979	18.862000
1568892038	19.017000
1568892096	18.862000
1568892157	18.862000
1568892279	18.687000
1568892337	18.687000
1568892396	18.661000
1568892456	18.687000
1568892584	18.593000
1568892644	18.662000
1568892702	18.662000
1568892758	18.662000
1568892817	18.625000
1568892881	18.662000
1568892941	18.656000
1568892996	18.644000
1568893058	18.644000
1568893117	18.648000
1568893177	18.648000
1568893236	18.648000
1568893297	18.648000
1568893420	18.648000
1568893477	18.655000
1568893536	18.655000
1568893661	18.655000
1568893717	18.662000
1568893782	18.792000
1568893842	18.792000
1568893898	18.792000
1568893957	18.792000
1568894079	18.689000
1568894136	18.684000
1568894197	18.689000
1568894321	18.773000
1568894378	18.684000
1568894499	18.773000
1568894560	18.773000
1568894617	18.608000
1568894738	18.608000
1568894796	18.586000
1568894857	18.586000
1568894917	18.623000
1568894977	18.623000
1568895037	18.623000
1568895160	18.623000
1568895217	18.668000
1568895277	18.610000
1568895337	18.668000
1568895473	18.610000
1568895516	18.644000
1568895582	18.644000
1568895640	18.644000
1568895697	18.639000
1568895756	18.643000
1568895879	18.643000
1568895937	18.643000
1568896071	18.683000
1568896124	18.687000
1568896239	18.706000
1568896296	18.761000
1568896360	18.687000
1568896417	18.687000
1568896484	18.761000
1568896541	18.741000
1568896597	18.741000
1568896657	18.741000
1568896717	18.798000
1568896777	18.741000
1568896836	18.650000
1568896963	18.642000
1568897017	18.650000
1568897077	18.642000
1568897137	18.642000
1568897197	18.657000
1568897258	18.657000
1568897317	18.641000
1568897381	18.699000
1568897439	18.758000
1568897497	18.752000
1568897557	18.752000
1568897617	18.752000
1568897676	18.719000
1568897813	18.704000
1568897857	18.684000
1568897978	18.641000
1568898036	18.641000
1568898097	18.641000
1568898217	18.641000
1568898281	18.718000
1568898341	18.718000
1568898396	18.753000
1568898457	18.753000
1568898517	18.753000
1568898577	18.674000
1568898711	18.678000
1568898757	18.678000
1568898817	18.674000
1568898876	18.678000
1568898936	18.678000
1568898997	18.700000
1568899116	18.647000
1568899182	18.700000
1568899241	18.656000
1568899296	18.656000
1568899357	18.656000
1568899417	18.688000
1568899478	18.656000
1568899599	18.688000
1568899657	18.688000
1568899717	18.654000
1568899777	18.640000
1568899899	18.640000
1568900018	18.640000
1568900077	18.649000
1568900137	18.649000
1568900260	18.676000
1568900317	18.653000
1568900451	18.653000
1568900497	18.653000
1568900557	18.693000
1568900616	18.653000
1568900677	18.641000
1568900737	18.641000
1568900872	18.641000
1568900918	18.641000
1568900982	19.262000
1568901039	19.353000
1568901108	19.353000
1568901164	19.353000
1568901223	18.816000
1568901277	18.807000
1568901338	18.749000
1568901396	18.749000
1568901519	18.749000
1568901577	18.699000
1568901636	18.699000
1568901697	18.699000
1568901817	18.778000
1568901879	18.778000
1568901941	18.778000
1568901999	19.016000
1568902119	18.778000
1568902177	18.763000
1568902236	18.737000
1568902297	18.712000
1568902357	18.704000
1568902491	18.651000
1568902537	18.651000
1568902597	18.651000
1568902659	18.640000
1568902717	18.640000
1568902781	19.497000
1568902840	18.640000
1568902897	18.640000
1568902957	18.640000
1568903017	18.674000
1568903077	18.640000
1568903137	18.640000
1568903259	18.640000
1568903317	18.644000
1568903377	18.617000
1568903437	18.617000
1568903497	18.644000
1568903618	18.644000
1568903681	18.789000
1568903742	18.789000
1568903798	18.789000
1568903919	18.613000
1568903977	18.613000
1568904037	18.613000
1568904159	18.647000
1568904217	18.656000
1568904277	18.671000
1568904337	18.656000
1568904396	18.656000
1568904460	18.671000
1568904518	18.617000
1568904582	18.617000
1568904643	18.679000
1568904697	18.679000
1568904757	18.724000
1568904816	18.724000
1568904938	18.724000
1568904997	18.765000
1568905118	18.765000
1568905176	18.673000
1568905237	18.728000
1568905296	18.728000
1568905358	18.636000
1568905417	18.708000
1568905479	18.728000
1568905538	18.708000
1568905598	18.642000
1568905658	18.708000
1568905718	18.714000
1568905777	18.670000
1568905899	18.704000
1568905961	18.704000
1568906016	18.670000
1568906139	18.643000
1568906197	18.631000
1568906319	18.631000
1568906382	18.631000
1568906444	18.654000
1568906500	18.709000
1568906557	18.709000
1568906617	18.674000
1568906739	18.674000
1568906797	18.709000
1568906857	18.697000
1568906979	18.697000
1568907037	18.775000
1568907175	18.708000
1568907218	18.706000
1568907282	18.708000
1568907342	18.708000
1568907396	18.706000
1568907456	18.706000
1568907516	18.658000
1568907577	18.658000
1568907710	18.712000
1568907756	19.310000
1568907879	18.712000
1568907937	18.712000
1568908064	18.647000
1568908124	18.647000
1568908181	18.647000
1568908241	18.692000
1568908300	18.738000
1568908358	18.738000
1568908421	18.757000
1568908540	18.757000
1568908597	18.738000
1568908657	18.695000
1568908717	18.695000
1568908777	18.664000
1568908901	18.664000
1568908962	18.665000
1568909019	18.665000
1568909139	18.665000
1568909198	18.722000
1568909257	18.722000
1568909317	18.722000
1568909377	18.722000
1568909499	18.722000
1568909557	18.732000
1568909617	18.641000
1568909678	18.715000
1568909737	18.704000
1568909867	18.704000
1568909917	18.704000
1568910038	18.704000
1568910099	18.699000
1568910157	18.699000
1568910217	18.758000
1568910277	18.699000
1568910399	18.699000
1568910457	18.701000
1568910579	18.698000
1568910638	18.680000
1568910699	18.680000
1568910817	18.679000
1568910882	18.679000
1568910941	18.717000
1568910997	18.746000
1568911057	18.717000
1568911179	18.717000
1568911237	18.702000
1568911297	18.702000
1568911357	18.702000
1568911483	18.702000
1568911546	18.702000
1568911604	18.684000
1568911658	18.662000
1568911718	18.649000
1568911779	18.649000
1568911839	18.662000
1568911897	18.649000
1568911957	18.649000
1568912017	18.689000
1568912078	18.593000
1568912136	18.593000
1568912197	18.551000
1568912257	18.615000
1568912316	18.609000
1568912377	18.615000
1568912437	18.615000
1568912574	18.615000
1568912618	18.612000
1568912682	18.623000
1568912742	18.686000
1568912797	18.627000
1568912919	18.653000
1568912978	18.686000
1568913037	18.653000
1568913159	18.641000
1568913217	18.653000
1568913280	18.643000
1568913338	18.643000
1568913486	18.665000
1568913517	18.665000
1568913582	18.665000
1568913642	18.867000
1568913698	18.867000
1568913757	18.733000
1568913878	19.062000
1568913936	18.733000
1568913997	18.703000
1568914057	18.703000
1568914117	18.703000
1568914177	18.703000
1568914299	18.721000
1568914359	18.721000
1568914417	18.787000
1568914481	19.589000
1568914541	19.589000
1568914599	18.692000
1568914657	18.716000
1568914717	18.692000
1568914839	18.692000
1568914897	18.716000
1568914957	18.716000
1568915017	18.747000
1568915077	18.747000
1568915138	18.677000
1568915272	18.663000
1568915318	18.677000
1568915442	18.677000
1568915496	18.697000
1568915558	18.697000
1568915617	18.698000
1568915677	18.697000
1568915737	18.675000
1568915798	18.673000
1568915858	18.675000
1568915919	18.673000
1568915977	18.675000
1568916099	18.714000
1568916162	18.714000
1568916217	18.736000
1568916339	18.736000
1568916399	18.650000
1568916457	18.627000
1568916580	18.635000
1568916637	18.635000
1568916765	18.635000
1568916817	18.635000
1568916877	18.658000
1568916937	18.660000
1568917096	18.660000
1568917219	18.660000
1568917334	18.668000
1568917388	18.743000
1568917511	18.743000
1568917569	18.668000
1568917630	18.637000
1568917690	18.637000
1568917750	18.637000
1568917818	18.664000
1568917874	18.674000
1568917991	18.674000
1568918052	18.674000
1568918115	18.908000
1568918174	18.674000
1568918231	18.699000
1568918290	18.699000
1568918329	18.685000
1568918378	18.685000
1568918437	18.685000
1568918559	18.646000
1568918617	18.639000
1568918739	18.639000
1568918797	18.639000
1568918860	18.621000
1568918918	18.682000
1568918982	18.823000
1568919041	18.823000
1568919098	18.726000
1568919157	18.726000
1568919217	18.686000
1568919277	18.686000
1568919337	18.686000
1568919471	18.686000
1568919517	18.693000
1568919577	18.693000
1568919637	18.669000
1568919774	18.669000
1568919819	18.644000
1568919882	18.644000
1568919942	18.631000
1568919997	18.698000
1568920057	18.698000
1568920117	18.698000
1568920252	18.681000
1568920298	18.681000
1568920357	18.681000
1568920480	18.681000
1568920545	18.656000
1568920603	18.645000
1568920718	18.682000
1568920780	18.725000
1568920841	18.677000
1568920901	19.054000
1568920957	19.054000
1568921017	18.724000
1568921077	18.691000
1568921137	18.699000
1568921259	18.691000
1568921317	18.683000
1568921377	18.634000
1568921437	18.599000
1568921497	18.599000
1568921558	18.580000
1568921617	18.580000
1568921681	18.617000
1568921742	18.647000
1568921796	18.647000
1568921857	18.647000
1568921979	18.701000
1568922037	18.658000
1568922159	18.658000
1568922217	18.701000
1568922340	18.701000
1568922398	18.658000
1568922458	18.632000
1568922517	18.632000
1568922583	18.632000
1568922642	18.673000
1568922697	18.744000
1568922831	18.744000
1568922877	18.744000
1568922937	18.727000
1568922998	18.727000
1568923057	18.666000
1568923179	18.684000
1568923237	18.687000
1568923374	18.684000
1568923418	18.666000
1568923483	18.684000
1568923542	18.620000
1568923597	18.620000
1568923657	18.632000
1568923717	18.639000
1568923839	18.639000
1568923898	18.713000
1568923957	18.713000
1568924017	18.713000
1568924077	18.694000
1568924137	18.694000
1568924197	18.694000
1568924317	18.686000
1568924380	18.712000
1568924440	18.712000
1568924496	18.684000
1568924557	18.667000
1568924618	18.667000
1568924678	18.667000
1568924737	18.667000
1568924860	18.656000
1568924917	18.656000
1568924977	18.656000
1568925037	18.656000
1568925097	18.656000
1568925217	18.668000
1568925282	18.710000
1568925340	18.743000
1568925398	18.754000
1568925457	19.004000
1568925517	18.754000
1568925577	18.743000
1568925699	18.754000
1568925758	18.717000
1568925818	18.717000
1568925877	18.717000
1568925937	18.777000
1568926074	18.717000
1568926118	18.777000
1568926243	18.799000
1568926298	18.799000
1568926357	18.676000
1568926480	18.676000
1568926542	18.613000
1568926597	18.613000
1568926657	18.655000
1568926717	18.601000
1568926778	18.655000
1568926899	18.670000
1568927018	18.670000
1568927077	18.628000
1568927137	18.670000
1568927197	18.689000
1568927319	18.667000
1568927384	18.669000
1568927443	18.689000
1568927500	18.689000
1568927557	18.669000
1568927679	18.693000
1568927737	18.694000
1568927797	18.695000
1568927858	18.759000
1568927917	18.759000
1568927981	18.761000
1568928041	18.761000
1568928097	18.734000
1568928158	18.734000
1568928217	18.734000
1568928277	18.686000
1568928338	18.658000
1568928397	18.638000
1568928457	18.638000
1568928591	18.658000
1568928637	18.658000
1568928697	18.651000
1568928818	18.651000
1568928881	18.651000
1568928940	18.651000
1568928996	18.726000
1568929057	18.726000
1568929118	18.726000
1568929251	18.723000
1568929297	18.723000
1568929431	18.651000
1568929477	18.661000
1568929600	18.661000
1568929659	18.661000
1568929717	18.661000
1568929842	18.705000
1568929896	18.705000
1568930019	18.659000
1568930077	18.659000
1568930137	18.647000
1568930197	18.647000
1568930257	18.659000
1568930317	18.697000
1568930439	18.697000
1568930497	18.697000
1568930560	18.697000
1568930618	18.688000
1568930680	18.688000
1568930742	18.688000
1568930799	18.622000
1568930858	18.622000
1568930979	18.908000
1568931037	18.792000
1568931097	18.792000
1568931219	18.908000
1568931278	18.792000
1568931337	18.792000
1568931397	18.963000
1568931517	18.963000
1568931578	19.087000
1568931638	19.442000
1568931697	19.442000
1568931758	19.284000
1568931817	19.284000
1568931952	19.212000
1568931998	19.144000
1568932058	19.212000
1568932117	19.144000
1568932177	19.144000
1568932237	18.924000
1568932297	18.924000
1568932418	18.883000
1568932487	18.924000
1568932548	18.924000
1568932604	19.151000
1568932657	18.930000
1568932717	19.000000
1568932852	18.930000
1568932898	19.000000
1568932958	19.000000
1568933024	32.121000
1568933084	67.044000
1568933140	67.044000
1568933197	67.044000
1568933258	19.110000
1568933318	18.659000
1568933382	18.659000
1568933444	18.659000
1568933500	18.659000
1568933557	18.672000
1568933618	18.786000
1568933677	18.672000
1568933799	18.678000
1568933857	18.678000
1568933917	18.678000
1568933977	18.658000
1568934037	18.658000
1568934174	18.601000
1568934223	18.601000
1568934287	18.658000
1568934349	18.730000
1568934397	18.730000
1568934457	18.730000
1568934579	18.646000
1568934637	18.646000
1568934760	18.627000
1568934818	18.646000
1568934877	18.685000
1568934937	18.694000
1568934997	18.782000
1568935117	18.782000
1568935181	18.786000
1568935244	18.786000
1568935299	18.654000
1568935357	18.645000
1568935417	18.645000
1568935539	18.637000
1568935597	18.637000
1568935720	18.621000
1568935777	18.621000
1568935837	18.621000
1568935897	18.621000
1568935959	18.600000
1568936018	18.700000
1568936081	18.769000
1568936140	18.769000
1568936199	18.687000
1568936257	18.687000
1568936317	18.645000
1568936377	18.614000
1568936437	18.614000
1568936497	18.645000
1568936620	18.664000
1568936678	18.698000
1568936737	18.698000
1568936876	18.698000
1568936918	18.629000
1568936983	18.629000
1568937042	18.610000
1568937098	18.601000
1568937157	18.610000
1568937217	18.690000
1568937277	18.690000
1568937337	18.690000
1568937398	18.690000
1568937519	18.621000
1568937577	18.621000
1568937645	18.612000
1568937774	18.582000
1568937817	18.612000
1568937883	18.702000
1568937941	18.655000
1568937997	18.655000
1568938057	18.702000
1568938117	18.655000
1568938239	18.638000
1568938297	18.632000
1568938358	18.632000
1568938479	18.575000
1568938538	18.632000
1568938598	18.632000
1568938658	18.575000
1568938718	18.517000
1568938781	18.796000
1568938840	18.582000
1568938897	18.555000
1568938957	18.582000
1568939017	18.582000
1568939140	18.582000
1568939198	18.555000
1568939258	18.600000
1568939317	18.593000
1568939377	18.605000
1568939438	18.605000
1568939497	18.605000
1568939560	18.603000
1568939618	18.603000
1568939740	18.603000
1568939799	18.603000
1568939857	18.603000
1568939991	18.621000
1568940037	18.621000
1568940161	18.561000
1568940218	18.549000
1568940278	18.561000
1568940337	18.549000
1568940397	18.549000
1568940458	18.570000
1568940517	18.723000
1568940640	18.570000
1568940698	18.671000
1568940757	18.604000
1568940817	18.671000
1568940952	18.604000
1568940998	18.604000
1568941065	18.603000
1568941180	18.603000
1568941238	18.595000
1568941297	18.595000
1568941418	18.673000
1568941481	18.680000
1568941541	18.673000
1568941598	18.673000
1568941719	18.587000
1568941777	18.587000
1568941901	18.582000
1568941962	18.587000
1568942017	18.582000
1568942077	18.639000
1568942199	18.639000
1568942318	18.639000
1568942381	18.605000
1568942437	18.605000
1568942497	18.605000
1568942557	18.605000
1568942618	18.611000
1568942677	18.611000
1568942745	18.611000
1568942860	18.611000
1568942917	18.562000
1568942981	18.562000
1568943038	18.579000
1568943174	18.579000
1568943218	18.547000
1568943283	18.579000
1568943342	18.531000
1568943397	18.531000
1568943533	18.593000
1568943577	18.593000
1568943712	18.537000
1568943757	18.537000
1568943818	18.537000
1568943877	18.536000
1568943937	18.537000
1568944061	18.536000
1568944119	18.584000
1568944182	18.584000
1568944242	18.584000
1568944297	18.585000
1568944358	18.654000
1568944418	18.654000
1568944479	18.585000
1568944600	18.654000
1568944658	18.654000
1568944717	18.583000
1568944777	18.566000
1568944837	18.525000
1568944975	18.499000
1568945017	18.499000
1568945084	18.525000
1568945142	18.525000
1568945198	18.564000
1568945257	18.564000
1568945318	18.564000
1568945440	18.558000
1568945497	18.548000
1568945557	18.548000
1568945617	18.548000
1568945740	18.552000
1568945798	18.565000
1568945859	18.565000
1568945917	18.571000
1568946040	18.565000
1568946104	18.571000
1568946162	18.556000
1568946218	18.571000
1568946277	18.556000
1568946411	18.553000
1568946457	18.542000
1568946579	18.528000
1568946637	18.528000
1568946698	18.542000
1568946758	18.528000
1568946818	18.557000
1568946880	18.560000
1568946942	18.560000
1568947003	18.655000
1568947065	18.655000
1568947117	18.655000
1568947239	18.631000
1568947297	18.599000
1568947358	18.599000
1568947479	18.567000
1568947537	18.537000
1568947597	18.522000
1568947718	18.522000
1568947783	18.522000
1568947840	18.522000
1568947897	18.551000
1568948020	18.578000
1568948082	18.578000
1568948138	18.578000
1568948259	18.593000
1568948317	18.593000
1568948377	18.554000
1568948437	18.575000
1568948499	18.575000
1568948562	18.543000
1568948618	18.575000
1568948680	18.753000
1568948742	18.753000
1568948799	18.753000
1568948857	18.753000
1568948918	18.534000
1568948977	18.532000
1568949037	18.532000
1568949097	18.532000
1568949157	18.540000
1568949279	18.540000
1568949337	18.540000
1568949461	18.540000
1568949519	18.540000
1568949646	18.546000
1568949699	18.591000
1568949757	18.591000
1568949817	18.607000
1568949878	18.591000
1568949937	18.550000
1568949997	18.548000
1568950057	18.548000
1568950180	18.527000
1568950239	18.527000
1568950298	18.527000
1568950359	18.527000
1568950417	18.571000
1568950481	18.657000
1568950539	18.657000
1568950600	18.610000
1568950658	18.757000
1568950779	18.610000
1568950837	18.596000
1568950960	18.596000
1568951018	18.596000
1568951078	18.558000
1568951137	18.596000
1568951203	18.600000
1568951273	18.558000
1568951318	18.558000
1568951380	18.688000
1568951443	18.559000
1568951498	18.545000
1568951557	18.522000
1568951618	18.522000
1568951751	18.522000
1568951797	18.519000
1568951920	18.522000
1568951977	18.570000
1568952113	18.588000
1568952219	18.570000
1568952277	18.588000
1568952337	18.649000
1568952460	18.649000
1568952518	18.649000
1568952578	18.649000
1568952638	18.577000
1568952697	18.515000
1568952758	18.515000
1568952817	18.515000
1568952883	18.515000
1568952939	18.585000
1568952997	18.679000
1568953118	18.585000
1568953182	18.585000
1568953241	18.585000
1568953298	18.589000
1568953420	18.558000
1568953477	18.558000
1568953537	18.558000
1568953598	18.567000
1568953658	18.558000
1568953718	18.565000
1568953784	18.565000
1568953900	18.565000
1568953959	18.515000
1568954018	18.532000
1568954083	18.532000
1568954143	18.564000
1568954197	18.532000
1568954261	18.532000
1568954318	18.564000
1568954439	18.564000
1568954497	18.530000
1568954620	18.558000
1568954678	18.558000
1568954738	18.558000
1568954797	18.538000
1568954918	18.538000
1568954980	18.538000
1568955043	18.538000
1568955097	18.538000
1568955158	18.503000
1568955280	18.517000
1568955339	18.517000
1568955397	18.582000
1568955459	18.594000
1568955518	18.594000
1568955577	18.600000
1568955638	18.635000
1568955697	18.635000
1568955819	18.688000
1568955882	19.678000
1568955941	19.682000
1568955997	19.682000
1568956120	19.678000
1568956178	18.686000
1568956237	18.663000
1568956299	18.663000
1568956358	18.637000
1568956481	18.637000
1568956538	18.608000
1568956598	18.608000
1568956717	18.604000
1568956784	18.608000
1568956843	18.604000
1568956899	18.851000
1568956958	18.572000
1568957018	18.851000
1568957077	18.572000
1568957138	18.839000
1568957272	18.839000
1568957317	18.964000
1568957377	18.839000
1568957500	19.113000
1568957559	19.113000
1568957617	18.530000
1568957682	18.530000
1568957741	18.548000
1568957797	18.548000
1568957920	18.555000
1568957982	18.558000
1568958038	18.555000
1568958098	18.555000
1568958220	18.558000
1568958277	18.550000
1568958337	18.550000
1568958397	18.558000
1568958460	18.558000
1568958518	18.554000
1568958582	18.592000
1568958642	18.554000
1568958697	18.540000
1568958820	18.554000
1568958878	18.540000
1568958938	18.540000
1568958997	18.604000
1568959121	18.604000
1568959178	18.604000
1568959237	18.610000
1568959298	18.610000
1568959418	18.610000
1568959484	18.619000
1568959543	18.610000
1568959597	18.677000
1568959721	18.649000
1568959779	18.649000
1568959900	18.611000
1568959958	18.649000
1568960017	18.611000
1568960077	18.600000
1568960138	18.600000
1568960198	18.600000
1568960259	18.547000
1568960318	18.517000
1568960378	18.547000
1568960438	18.582000
1568960498	18.582000
1568960559	18.608000
1568960618	18.625000
1568960740	18.625000
1568960797	18.623000
1568960858	18.621000
1568960979	18.621000
1568961038	18.621000
1568961161	18.621000
1568961218	18.599000
1568961280	18.599000
1568961341	18.581000
1568961398	18.581000
1568961459	18.597000
1568961580	18.597000
1568961638	18.597000
1568961697	18.597000
1568961757	18.737000
1568961884	18.568000
1568961937	18.631000
1568961998	18.631000
1568962059	18.631000
1568962118	18.631000
1568962182	18.653000
1568962242	18.693000
1568962298	18.653000
1568962358	18.653000
1568962417	18.645000
1568962552	18.643000
1568962598	18.620000
1568962657	18.617000
1568962717	18.617000
1568962840	18.594000
1568962898	18.617000
1568962959	18.617000
1568963019	18.634000
1568963082	18.771000
1568963139	18.771000
1568963197	18.606000
1568963320	18.771000
1568963378	18.606000
1568963438	18.606000
1568963498	18.667000
1568963558	18.667000
1568963618	18.617000
1568963678	18.667000
1568963737	18.617000
1568963874	18.565000
1568963917	18.565000
1568964043	18.653000
1568964098	18.563000
1568964232	18.610000
1568964278	18.619000
1568964337	18.619000
1568964397	18.619000
1568964520	18.655000
1568964578	18.655000
1568964638	18.676000
1568964698	18.695000
1568964760	18.655000
1568964818	18.748000
1568964883	18.842000
1568964943	18.842000
1568964999	18.643000
1568965057	18.643000
1568965118	18.622000
1568965239	18.542000
1568965297	18.542000
1568965420	18.622000
1568965478	18.622000
1568965538	18.559000
1568965597	18.627000
1568965659	18.617000
1568965718	18.602000
1568965782	18.617000
1568965842	18.658000
1568965898	18.671000
1568965957	18.671000
1568966080	18.671000
1568966139	18.671000
1568966198	18.632000
1568966257	18.629000
1568966317	18.627000
1568966440	18.608000
1568966503	18.608000
1568966568	18.608000
1568966621	18.616000
1568966741	18.758000
1568966797	18.758000
1568966920	18.653000
1568966978	18.653000
1568967037	18.653000
1568967097	18.649000
1568967157	18.642000
1568967280	18.649000
1568967338	18.649000
1568967399	18.649000
1568967520	18.725000
1568967579	18.970000
1568967639	18.982000
1568967698	18.982000
1568967758	18.982000
1568967817	18.982000
1568967877	18.962000
1568968000	18.865000
1568968058	18.865000
1568968118	18.752000
1568968177	18.749000
1568968312	18.749000
1568968360	18.641000
1568968419	18.641000
1568968480	19.005000
1568968538	19.723000
1568968598	19.005000
1568968658	19.005000
1568968792	18.974000
1568968838	18.919000
1568968898	18.860000
1568969020	18.698000
1568969078	18.698000
1568969200	18.698000
1568969259	18.653000
1568969318	18.653000
1568969380	18.744000
1568969442	18.744000
1568969497	18.624000
1568969620	18.624000
1568969678	18.624000
1568969737	18.624000
1568969861	18.703000
1568969919	18.703000
1568969984	18.727000
1568970043	18.703000
1568970097	18.703000
1568970218	18.756000
1568970281	18.933000
1568970341	18.933000
1568970398	18.933000
1568970457	18.707000
1568970518	18.707000
1568970639	18.707000
1568970697	18.732000
1568970758	18.920000
1568970818	18.968000
1568970878	18.946000
1568970938	19.074000
1568970998	19.108000
1568971119	19.108000
1568971181	19.361000
1568971241	19.361000
1568971298	19.072000
1568971358	18.922000
1568971422	18.922000
1568971552	18.752000
1568971598	18.749000
1568971733	18.749000
1568971779	18.752000
1568971900	18.752000
1568971960	18.716000
1568972018	18.716000
1568972082	18.716000
1568972142	18.614000
1568972196	18.577000
1568972258	18.614000
1568972392	18.577000
1568972437	18.577000
1568972497	18.600000
1568972559	18.601000
1568972679	18.601000
1568972737	18.619000
1568972798	18.619000
1568972918	18.658000
1568972980	18.831000
1568973040	18.967000
1568973101	18.967000
1568973158	18.967000
1568973217	18.687000
1568973278	18.680000
1568973400	18.675000
1568973458	18.675000
1568973580	18.651000
1568973638	18.623000
1568973697	18.623000
1568973762	18.621000
1568973818	18.623000
1568973881	18.712000
1568973943	18.712000
1568973998	18.649000
1568974058	18.649000
1568974118	18.647000
1568974247	18.647000
1568974305	18.649000
1568974363	18.701000
1568974418	18.701000
1568974540	18.702000
1568974598	18.702000
1568974718	18.719000
1568974782	18.652000
1568974843	18.678000
1568974902	18.678000
1568974959	18.678000
1568975018	18.652000
1568975142	18.649000
1568975200	18.649000
1568975259	18.649000
1568975380	18.649000
1568975438	18.656000
1568975498	18.700000
1568975618	18.700000
1568975681	18.706000
1568975739	18.706000
1568975798	18.608000
1568975921	18.608000
1568975978	18.608000
1568976038	18.608000
1568976098	18.608000
1568976158	18.617000
1568976217	18.617000
1568976340	18.617000
1568976398	18.586000
1568976459	18.557000
1568976518	18.542000
1568976643	18.542000
1568976697	18.557000
1568976757	18.617000
1568976904	18.764000
1568976938	18.764000
1568976998	18.707000
1568977120	18.707000
1568977179	18.626000
1568977238	18.620000
1568977298	18.620000
1568977419	18.620000
1568977482	19.285000
1568977543	19.285000
1568977600	19.285000
1568977658	18.685000
1568977719	18.685000
1568977779	18.653000
1568977839	18.680000
1568977898	18.624000
1568978032	18.676000
1568978077	18.616000
1568978138	18.676000
1568978198	18.676000
1568978259	18.676000
1568978318	18.603000
1568978383	18.705000
1568978440	18.719000
1568978497	18.603000
1568978562	18.597000
1568978618	18.611000
1568978678	18.611000
1568978737	18.611000
1568978798	18.670000
1568978932	18.670000
1568978978	18.670000
1568979038	18.670000
1568979162	18.574000
1568979218	18.556000
1568979283	18.556000
1568979343	18.622000
1568979397	18.622000
1568979533	18.730000
1568979578	18.730000
1568979637	18.730000
1568979760	18.730000
1568979818	18.682000
1568979878	18.668000
1568979937	18.652000
1568979997	18.652000
1568980118	18.627000
1568980182	18.627000
1568980243	18.658000
1568980299	18.732000
1568980359	18.732000
1568980480	18.732000
1568980538	18.732000
1568980598	18.689000
1568980658	18.632000
1568980718	18.689000
1568980840	18.676000
1568980899	18.676000
1568980961	18.676000
1568981019	18.676000
1568981082	18.676000
1568981142	18.626000
1568981198	18.626000
1568981259	18.624000
1568981318	18.747000
1568981378	18.643000
1568981438	18.747000
1568981497	18.747000
1568981620	18.747000
1568981678	18.675000
1568981738	18.675000
1568981797	18.675000
1568981919	18.639000
1568981983	18.639000
1568982042	18.639000
1568982098	18.622000
1568982158	18.595000
1568982218	18.595000
1568982282	18.595000
1568982338	18.623000
1568982397	18.641000
1568982457	18.641000
1568982518	18.633000
1568982641	18.633000
1568982698	18.821000
1568982760	18.633000
1568982818	18.586000
1568982882	18.870000
1568982944	18.609000
1568983000	18.609000
1568983058	18.629000
1568983192	18.700000
1568983238	18.629000
1568983298	18.647000
1568983358	18.629000
1568983481	18.627000
1568983538	18.627000
1568983599	18.647000
1568983659	18.627000
1568983720	18.619000
1568983791	18.675000
1568983841	18.662000
1568983898	18.662000
1568983958	18.732000
1568984080	18.732000
1568984138	18.662000
1568984197	18.630000
1568984320	18.629000
1568984378	18.618000
1568984438	18.629000
1568984497	18.629000
1568984562	18.629000
1568984620	18.648000
1568984681	18.858000
1568984744	18.858000
1568984799	18.674000
1568984858	18.674000
1568984980	18.654000
1568985037	18.648000
1568985160	18.648000
1568985218	18.620000
1568985278	18.620000
1568985338	18.622000
1568985398	18.661000
1568985519	18.661000
1568985578	18.674000
1568985639	18.690000
1568985700	20.021000
1568985757	20.021000
1568985818	20.021000
1568985940	18.703000
1568985998	18.648000
1568986059	18.648000
1568986118	18.703000
1568986240	18.648000
1568986298	18.780000
1568986360	18.780000
1568986418	18.605000
1568986482	18.605000
1568986540	18.666000
1568986597	18.629000
1568986658	18.633000
1568986720	18.666000
1568986778	18.666000
1568986838	18.659000
1568986960	18.659000
1568987019	18.668000
1568987078	18.659000
1568987200	18.659000
1568987260	18.633000
1568987318	18.617000
1568987383	18.617000
1568987442	18.620000
1568987497	18.620000
1568987558	18.630000
1568987618	18.630000
1568987678	18.620000
1568987800	18.630000
1568987858	18.639000
1568987918	18.611000
1568988040	18.639000
1568988100	18.681000
1568988218	18.639000
1568988281	18.681000
1568988341	18.681000
1568988398	18.774000
1568988457	18.671000
1568988592	18.673000
1568988638	18.671000
1568988698	18.673000
1568988758	18.673000
1568988893	18.673000
1568988940	18.723000
1568988999	18.723000
1568989060	18.694000
1568989118	18.639000
1568989182	18.694000
1568989242	18.556000
1568989299	18.556000
1568989358	18.605000
1568989419	18.629000
1568989540	18.614000
1568989598	18.629000
1568989658	18.629000
1568989718	18.656000
1568989778	18.693000
1568989900	18.703000
1568990019	18.703000
1568990078	18.703000
1568990201	18.662000
1568990259	18.603000
1568990318	18.594000
1568990440	18.594000
1568990498	18.573000
1568990561	18.573000
1568990680	18.595000
1568990738	18.625000
1568990798	18.633000
1568990918	18.633000
1568990984	18.639000
1568991042	18.685000
1568991098	19.354000
1568991158	18.685000
1568991218	18.685000
1568991352	18.675000
1568991398	18.662000
1568991521	18.662000
1568991578	18.662000
1568991638	18.662000
1568991698	18.713000
1568991762	18.713000
1568991818	18.692000
1568991882	18.713000
1568991944	18.692000
1568991999	18.631000
1568992058	18.692000
1568992118	18.736000
1568992253	18.736000
1568992300	18.781000
1568992360	18.781000
1568992480	18.781000
1568992538	18.883000
1568992662	18.727000
1568992719	18.696000
1568992783	18.696000
1568992841	18.696000
1568992898	18.696000
1568992958	18.718000
1568993092	18.718000
1568993145	18.708000
1568993202	18.718000
1568993259	18.718000
1568993318	18.718000
1568993378	18.742000
1568993438	18.742000
1568993562	18.742000
1568993619	18.668000
1568993683	18.668000
1568993742	18.636000
1568993797	18.660000
1568993859	18.636000
1568993918	18.660000
1568993978	18.660000
1568994038	18.677000
1568994160	18.677000
1568994217	18.677000
1568994278	18.622000
1568994338	18.622000
1568994398	18.622000
1568994460	18.622000
1568994518	18.622000
1568994583	18.659000
1568994643	18.612000
1568994697	18.571000
1568994759	18.571000
1568994818	18.571000
1568994878	18.546000
1568994939	18.546000
1568995072	18.544000
1568995118	18.544000
1568995178	18.546000
1568995301	18.641000
1568995362	18.626000
1568995418	18.626000
1568995542	18.641000
1568995598	18.631000
1568995658	18.626000
1568995781	18.631000
1568995838	18.663000
1568995960	18.631000
1568996018	18.617000
1568996077	18.617000
1568996138	18.617000
1568996198	18.617000
1568996319	18.679000
1568996382	19.158000
1568996442	19.158000
1568996502	19.158000
1568996558	18.678000
1568996619	18.664000
1568996686	18.664000
1568996738	18.635000
1568996860	18.656000
1568996917	18.664000
1568996978	18.673000
1568997038	18.656000
1568997098	18.658000
1568997159	18.673000
1568997218	18.658000
1568997281	18.656000
1568997340	18.656000
1568997404	18.656000
1568997523	18.626000
1568997578	18.562000
1568997700	18.618000
1568997758	18.618000
1568997880	18.618000
1568997939	18.618000
1568997998	18.648000
1568998118	18.685000
1568998183	18.717000
1568998243	18.717000
1568998298	18.717000
1568998359	18.693000
1568998420	18.693000
1568998478	18.686000
1568998538	18.686000
1568998661	18.668000
1568998719	18.668000
1568998778	18.608000
1568998838	18.608000
1568998963	18.603000
1568999018	18.603000
1568999081	18.653000
1568999152	18.653000
1568999202	18.653000
1568999321	18.653000
1568999379	18.628000
1568999438	18.621000
1568999498	18.597000
1568999559	18.574000
1568999681	18.557000
1568999739	18.557000
1568999798	18.574000
1568999860	18.574000
1568999918	18.602000
1569000044	18.602000
1569000099	18.568000
1569000220	18.568000
1569000278	18.622000
1569000401	18.622000
1569000458	18.673000
1569000518	18.673000
1569000578	18.673000
1569000712	18.663000
1569000759	18.663000
1569000818	18.654000
1569000883	18.663000
1569000947	18.663000
1569001002	18.618000
1569001058	18.618000
1569001118	18.602000
1569001240	18.602000
1569001298	18.602000
1569001358	18.635000
1569001419	18.635000
1569001478	18.642000
1569001600	18.681000
1569001660	18.681000
1569001723	18.736000
1569001844	18.642000
1569001898	18.618000
1569001958	18.617000
1569002018	18.617000
1569002078	18.610000
1569002138	18.610000
1569002198	18.617000
1569002258	18.620000
1569002380	18.620000
1569002438	18.620000
1569002498	18.620000
1569002618	18.609000
1569002680	18.609000
1569002743	18.609000
1569002800	18.595000
1569002858	18.595000
1569002918	18.596000
1569002978	18.595000
1569003038	18.596000
1569003160	18.696000
1569003218	18.696000
1569003278	18.639000
1569003338	18.639000
1569003478	18.607000
1569003519	18.607000
1569003581	18.639000
1569003645	19.934000
1569003699	19.934000
1569003757	19.934000
1569003818	20.866000
1569003878	18.687000
1569003938	18.650000
1569004061	18.634000
1569004119	18.650000
1569004179	18.634000
1569004238	18.630000
1569004363	18.592000
1569004419	18.630000
1569004484	18.630000
1569004544	18.592000
1569004598	18.653000
1569004658	18.653000
1569004718	18.653000
1569004778	18.653000
1569004900	18.653000
1569004958	18.661000
1569005081	18.661000
1569005139	18.651000
1569005275	18.618000
1569005318	18.625000
1569005382	18.625000
1569005444	18.651000
1569005498	18.700000
1569005620	18.700000
1569005678	18.700000
1569005738	18.689000
1569005799	18.588000
1569005920	18.588000
1569005978	18.585000
1569006039	18.585000
1569006189	18.673000
1569006218	18.698000
1569006283	18.698000
1569006343	18.698000
1569006397	18.698000
1569006458	18.679000
1569006518	18.677000
1569006578	18.615000
1569006638	18.590000
1569006698	18.574000
1569006758	18.570000
1569006818	18.570000
1569006879	18.574000
1569006940	18.645000
1569007006	18.663000
1569007119	18.677000
1569007182	18.677000
1569007243	18.677000
1569007298	18.705000
1569007359	18.705000
1569007418	18.705000
1569007478	18.701000
1569007538	18.701000
1569007598	18.673000
1569007720	18.637000
1569007780	18.637000
1569007838	18.637000
1569007973	18.637000
1569008018	18.660000
1569008080	18.688000
1569008143	18.695000
1569008198	18.695000
1569008258	18.695000
1569008318	18.662000
1569008378	18.649000
1569008438	18.649000
1569008573	18.639000
1569008618	18.590000
1569008678	18.590000
1569008738	18.590000
1569008875	18.585000
1569008918	18.508000
1569009042	18.508000
1569009098	18.508000
1569009158	18.588000
1569009218	18.588000
1569009278	18.591000
1569009338	18.611000
1569009399	18.612000
1569009458	18.611000
1569009588	18.615000
1569009638	18.611000
1569009765	18.622000
1569009819	18.622000
1569009882	18.676000
1569009943	18.676000
1569009997	18.676000
1569010059	18.675000
1569010118	18.614000
1569010178	18.614000
1569010238	18.675000
1569010362	18.675000
1569010419	18.660000
1569010478	18.660000
1569010539	18.655000
1569010598	18.655000
1569010661	18.644000
1569010719	18.640000
1569010784	18.640000
1569010848	18.645000
1569010897	18.574000
1569010958	18.602000
1569011080	18.645000
1569011138	18.602000
1569011261	18.590000
1569011320	18.602000
1569011378	18.611000
1569011438	18.611000
1569011498	18.619000
1569011561	18.619000
1569011618	18.619000
1569011744	18.619000
1569011799	18.732000
1569011858	18.578000
1569011919	18.608000
1569012049	18.578000
1569012104	18.598000
1569012161	18.578000
1569012218	18.598000
1569012278	18.598000
1569012413	18.598000
1569012460	18.606000
1569012518	18.700000
1569012643	18.633000
1569012697	18.700000
1569012759	18.685000
1569012819	18.685000
1569012879	18.664000
1569012939	18.664000
1569012998	18.636000
1569013058	18.636000
1569013118	18.636000
1569013178	18.627000
1569013238	18.627000
1569013375	18.639000
1569013419	18.627000
1569013482	18.656000
1569013543	18.656000
1569013597	18.576000
1569013658	18.576000
1569013718	18.592000
1569013842	18.592000
1569013900	18.616000
1569014020	18.616000
1569014078	18.604000
1569014138	18.616000
1569014198	18.632000
1569014260	18.632000
1569014319	18.632000
1569014383	18.708000
1569014444	18.708000
1569014499	18.665000
1569014558	18.595000
1569014681	18.665000
1569014739	18.606000
1569014800	18.606000
1569014858	18.602000
1569014918	18.602000
1569014978	18.602000
1569015038	18.602000
1569015175	18.639000
1569015219	18.639000
1569015344	19.784000
1569015398	19.784000
1569015521	18.932000
1569015579	18.666000
1569015638	18.666000
1569015698	18.570000
1569015758	18.570000
1569015818	18.570000
1569015878	18.653000
1569016013	18.693000
1569016061	18.693000
1569016120	18.653000
1569016185	18.737000
1569016244	18.659000
1569016299	18.576000
1569016360	18.659000
1569016483	18.695000
1569016539	18.668000
1569016599	18.695000
1569016658	18.718000
1569016780	18.718000
1569016839	18.668000
1569016898	18.719000
1569017018	18.585000
1569017083	18.585000
1569017143	19.206000
1569017198	19.206000
1569017258	18.587000
1569017380	18.620000
1569017438	18.592000
1569017499	18.587000
1569017558	18.592000
1569017618	18.620000
1569017678	18.609000
1569017801	18.716000
1569017860	18.716000
1569017919	18.609000
1569018047	18.609000
1569018102	18.585000
1569018168	18.585000
1569018218	18.603000
1569018278	18.603000
1569018338	18.597000
1569018398	18.603000
1569018458	18.603000
1569018518	18.618000
1569018578	18.618000
1569018638	18.644000
1569018762	18.618000
1569018819	18.603000
1569018943	18.546000
1569019000	18.564000
1569019059	18.564000
1569019119	18.603000
1569019178	18.565000
1569019238	18.621000
1569019361	18.624000
1569019419	18.621000
1569019478	18.622000
1569019538	18.641000
1569019674	18.622000
1569019718	18.583000
1569019845	18.622000
1569019903	18.659000
1569019958	18.644000
1569020018	18.644000
1569020140	18.659000
1569020198	18.644000
1569020258	18.644000
1569020318	18.646000
1569020378	18.646000
1569020500	18.646000
1569020561	18.646000
1569020625	18.646000
1569020742	18.662000
1569020798	18.662000
1569020920	18.662000
1569020979	18.662000
1569021038	18.662000
1569021098	18.709000
1569021158	18.709000
1569021218	18.641000
1569021341	18.709000
1569021400	18.808000
1569021460	18.641000
1569021519	18.631000
1569021583	18.808000
1569021644	18.635000
1569021702	18.627000
1569021758	18.627000
1569021881	18.627000
1569021939	18.627000
1569021998	18.627000
1569022120	18.635000
1569022178	18.648000
1569022301	18.671000
1569022365	18.648000
1569022425	18.648000
1569022486	20.843000
1569022545	20.843000
1569022599	18.566000
1569022658	18.591000
1569022718	18.591000
1569022778	18.591000
1569022901	18.591000
1569022959	18.641000
1569023020	18.692000
1569023140	18.641000
1569023199	18.622000
1569023260	18.622000
1569023319	18.621000
1569023383	18.621000
1569023444	18.622000
1569023499	18.623000
1569023558	18.623000
1569023618	18.626000
1569023742	18.626000
1569023799	18.626000
1569023859	18.623000
1569023918	18.652000
1569023979	18.601000
1569024100	18.601000
1569024160	18.601000
1569024218	18.652000
1569024282	19.315000
1569024342	19.315000
1569024401	18.664000
1569024459	18.699000
1569024518	18.699000
1569024578	18.699000
1569024638	18.699000
1569024761	18.699000
1569024819	18.694000
1569024878	18.642000
1569024939	18.642000
1569025006	18.642000
1569025119	18.638000
1569025244	18.647000
1569025299	18.647000
1569025358	18.647000
1569025418	18.618000
1569025479	18.618000
1569025539	18.618000
1569025598	18.618000
1569025659	18.618000
1569025781	18.618000
1569025840	18.583000
1569025899	18.667000
1569026020	18.667000
1569026079	18.586000
1569026139	18.586000
1569026198	18.586000
1569026258	18.586000
1569026393	18.626000
1569026439	18.626000
1569026499	18.655000
1569026559	18.655000
1569026618	18.594000
1569026680	18.587000
1569026739	18.587000
1569026802	18.587000
1569026918	18.587000
1569026983	18.587000
1569027042	18.573000
1569027097	18.704000
1569027158	18.702000
1569027218	18.702000
1569027278	18.585000
1569027413	18.653000
1569027459	18.585000
1569027519	18.585000
1569027578	18.585000
1569027639	18.582000
1569027698	18.582000
1569027776	18.555000
1569027819	18.555000
1569027883	18.638000
1569027942	18.638000
1569027999	18.680000
1569028059	18.680000
1569028119	18.599000
1569028178	18.599000
1569028239	18.680000
1569028373	18.630000
1569028422	18.630000
1569028540	18.630000
1569028598	18.620000
1569028661	18.588000
1569028719	18.573000
1569028784	18.573000
1569028842	18.573000
1569028898	18.543000
1569029020	18.631000
1569029078	18.656000
1569029201	18.631000
1569029259	18.556000
1569029319	18.556000
1569029379	18.555000
1569029501	18.555000
1569029560	18.546000
1569029619	18.546000
1569029681	18.555000
1569029743	18.542000
1569029799	18.542000
1569029859	18.598000
1569029919	18.598000
1569029979	18.552000
1569030038	18.552000
1569030164	18.552000
1569030220	18.552000
1569030278	18.577000
1569030413	18.614000
1569030460	18.620000
1569030518	18.672000
1569030644	18.672000
1569030698	18.672000
1569030821	18.630000
1569030878	18.596000
1569030947	18.584000
1569031060	18.584000
1569031118	18.584000
1569031253	18.566000
1569031299	18.566000
1569031418	18.566000
1569031481	19.053000
1569031545	19.053000
1569031601	19.053000
1569031659	18.518000
1569031718	18.518000
1569031778	18.518000
1569031838	18.542000
1569031898	18.542000
1569032021	18.542000
1569032079	18.542000
1569032139	18.534000
1569032199	18.534000
1569032260	18.520000
1569032319	18.504000
1569032383	18.504000
1569032444	18.545000
1569032499	18.545000
1569032558	18.545000
1569032619	18.596000
1569032678	18.596000
1569032740	18.622000
1569032861	18.596000
1569032919	18.596000
1569032979	18.589000
1569033038	18.581000
1569033098	18.581000
1569033161	18.547000
1569033219	18.547000
1569033286	18.639000
1569033344	18.639000
1569033399	18.566000
1569033459	18.592000
1569033524	18.566000
1569033641	18.558000
1569033698	18.566000
1569033758	18.558000
1569033818	18.558000
1569033941	18.591000
1569033999	18.627000
1569034060	18.591000
1569034119	18.591000
1569034183	18.627000
1569034243	18.588000
1569034300	18.574000
1569034359	18.574000
1569034419	18.574000
1569034540	18.574000
1569034598	18.574000
1569034745	18.521000
1569034779	18.558000
1569034838	18.558000
1569034898	18.558000
1569034962	18.550000
1569035019	18.550000
1569035085	18.550000
1569035143	18.631000
1569035198	18.571000
1569035260	18.631000
1569035381	18.631000
1569035438	18.582000
1569035498	18.571000
1569035558	18.543000
1569035681	18.543000
1569035739	18.545000
1569035798	18.545000
1569035918	18.545000
1569035983	18.612000
1569036043	18.612000
1569036097	18.519000
1569036159	18.519000
1569036219	18.519000
1569036278	18.519000
1569036338	18.560000
1569036461	18.587000
1569036519	18.604000
1569036579	18.604000
1569036638	18.604000
1569036698	18.604000
1569036760	18.570000
1569036818	18.570000
1569036883	18.629000
1569036950	18.649000
1569037006	18.631000
1569037121	18.649000
1569037179	18.649000
1569037239	18.631000
1569037299	18.581000
1569037358	18.554000
1569037418	18.554000
1569037541	18.559000
1569037599	18.519000
1569037660	18.559000
1569037719	18.559000
1569037784	18.559000
1569037847	18.559000
1569037902	18.645000
1569037960	18.559000
1569038018	18.668000
1569038079	18.606000
1569038200	18.606000
1569038259	18.584000
1569038380	18.584000
1569038440	18.584000
1569038499	18.584000
1569038619	18.584000
1569038684	18.597000
1569038743	18.751000
1569038799	18.751000
1569038859	18.682000
1569038919	18.682000
1569038979	18.588000
1569039038	18.588000
1569039099	18.600000
1569039234	18.588000
1569039279	18.566000
1569039400	18.600000
1569039459	18.552000
1569039520	18.539000
1569039591	18.539000
1569039649	18.577000
1569039699	18.571000
1569039759	18.571000
1569039818	18.577000
1569039878	18.571000
1569040002	18.571000
1569040059	18.568000
1569040119	18.552000
1569040179	18.552000
1569040300	18.557000
1569040360	18.552000
1569040421	18.557000
1569040482	18.581000
1569040543	18.581000
1569040603	18.506000
1569040658	18.506000
1569040719	18.506000
1569040840	18.506000
1569040898	18.594000
1569041021	18.594000
1569041079	18.594000
1569041138	18.561000
1569041199	18.561000
1569041319	18.561000
1569041384	18.914000
1569041445	18.914000
1569041499	19.121000
1569041558	19.597000
1569041619	19.121000
1569041679	18.602000
1569041739	18.602000
1569041799	18.567000
1569041858	18.567000
1569041918	18.567000
1569041979	18.587000
1569042039	18.587000
1569042177	18.587000
1569042219	18.587000
1569042340	18.542000
1569042400	18.539000
1569042458	18.539000
1569042518	18.567000
1569042641	18.567000
1569042700	18.567000
1569042759	18.567000
1569042818	18.557000
1569042879	18.499000
1569042939	18.499000
1569043000	18.499000
1569043068	18.534000
1569043119	18.560000
1569043244	18.576000
1569043299	18.576000
1569043359	18.570000
1569043418	18.570000
1569043479	18.570000
1569043601	18.552000
1569043659	18.555000
1569043787	18.555000
1569043843	18.555000
1569043899	18.561000
1569043960	18.561000
1569044019	18.561000
1569044084	18.561000
1569044140	18.648000
1569044198	18.545000
1569044321	18.545000
1569044379	18.545000
1569044438	18.506000
1569044499	18.506000
1569044559	18.506000
1569044618	18.529000
1569044679	18.533000
1569044801	18.539000
1569044861	18.533000
1569044918	18.529000
1569044983	18.533000
1569045043	18.509000
1569045098	18.505000
1569045159	18.509000
1569045219	18.545000
1569045278	18.545000
1569045338	18.568000
1569045398	18.583000
1569045535	18.583000
1569045578	18.583000
1569045640	18.542000
1569045698	18.542000
1569045761	18.536000
1569045819	18.542000
1569045943	18.602000
1569045997	18.606000
1569046059	18.606000
1569046119	18.613000
1569046179	18.606000
1569046239	18.608000
1569046298	18.618000
1569046361	18.608000
1569046481	18.598000
1569046539	18.599000
1569046599	18.599000
1569046662	18.598000
1569046718	18.573000
1569046784	18.599000
1569046843	18.586000
1569046898	18.573000
1569046959	18.586000
1569047019	18.586000
1569047079	18.586000
1569047138	18.610000
1569047262	18.610000
1569047319	18.585000
1569047378	18.585000
1569047500	18.585000
1569047560	18.532000
1569047619	18.565000
1569047684	18.565000
1569047743	18.565000
1569047802	18.562000
1569047859	18.565000
1569047918	18.608000
1569047979	18.562000
1569048102	18.608000
1569048160	18.608000
1569048220	18.608000
1569048278	18.611000
1569048338	18.624000
1569048476	18.611000
1569048519	18.611000
1569048584	18.624000
1569048644	18.594000
1569048699	18.594000
1569048759	18.614000
1569048819	18.614000
1569048878	18.594000
1569048946	18.614000
1569049001	18.571000
1569049121	18.571000
1569049179	18.571000
1569049239	18.584000
1569049298	18.584000
1569049362	18.626000
1569049419	18.584000
1569049484	19.913000
1569049542	19.913000
1569049597	18.624000
1569049659	18.582000
1569049720	18.606000
1569049779	18.598000
1569049902	18.590000
1569049958	18.598000
1569050081	18.602000
1569050139	18.602000
1569050199	18.603000
1569050260	18.603000
1569050319	18.602000
1569050443	18.603000
1569050499	18.538000
1569050559	18.538000
1569050620	18.641000
1569050744	18.641000
1569050799	18.626000
1569050859	18.626000
1569050919	18.609000
1569050979	18.578000
1569051038	18.537000
1569051175	18.537000
1569051219	18.537000
1569051285	18.578000
1569051344	18.584000
1569051398	18.611000
1569051522	18.621000
1569051580	18.621000
1569051639	18.618000
1569051761	18.611000
1569051819	18.590000
1569051879	18.590000
1569051939	18.618000
1569051998	18.655000
1569052119	18.670000
1569052182	18.817000
1569052244	18.817000
1569052299	18.817000
1569052361	18.641000
1569052420	18.641000
1569052480	18.641000
1569052539	18.664000
1569052661	18.664000
1569052719	18.664000
1569052842	18.620000
1569052899	18.620000
1569052962	18.573000
1569053020	18.550000
1569053084	18.620000
1569053144	18.554000
1569053202	18.554000
1569053259	18.554000
1569053319	18.637000
1569053441	18.637000
1569053498	18.637000
1569053558	18.586000
1569053681	18.637000
1569053739	18.624000
1569053799	18.624000
1569053919	18.624000
1569053983	18.727000
1569054043	18.624000
1569054098	18.592000
1569054159	18.552000
1569054280	18.592000
1569054338	18.583000
1569054399	18.592000
1569054459	18.589000
1569054580	18.589000
1569054638	18.583000
1569054699	18.589000
1569054819	18.589000
1569054883	18.622000
1569054944	18.622000
1569055001	18.628000
1569055060	18.622000
1569055181	18.628000
1569055238	18.628000
1569055361	18.685000
1569055419	18.685000
1569055478	18.716000
1569055543	18.716000
1569055599	18.716000
1569055720	18.668000
1569055785	18.915000
1569055846	18.601000
1569055901	18.564000
1569055959	18.564000
1569056019	18.596000
1569056078	18.596000
1569056201	18.616000
1569056259	18.616000
1569056319	18.627000
1569056378	18.627000
1569056501	18.629000
1569056563	18.629000
1569056619	18.629000
1569056681	18.640000
1569056743	18.673000
1569056799	18.596000
1569056921	18.596000
1569056978	18.596000
1569057101	18.596000
1569057159	18.596000
1569057219	18.589000
1569057279	18.628000
1569057338	18.628000
1569057463	18.569000
1569057520	18.569000
1569057587	18.652000
1569057644	18.586000
1569057702	18.595000
1569057759	18.595000
1569057819	18.595000
1569057879	18.586000
1569057939	18.584000
1569058061	18.584000
1569058119	18.584000
1569058179	18.584000
1569058239	18.627000
1569058375	18.627000
1569058427	18.627000
1569058487	18.803000
1569058545	18.627000
1569058600	18.598000
1569058658	18.598000
1569058781	18.574000
1569058839	18.574000
1569058899	18.574000
1569058959	18.574000
1569059019	18.641000
1569059142	18.641000
1569059200	18.641000
1569059262	18.542000
1569059319	18.527000
1569059381	18.527000
1569059443	18.567000
1569059501	18.567000
1569059559	18.610000
1569059618	18.620000
1569059678	18.610000
1569059739	18.620000
1569059799	18.620000
1569059859	18.613000
1569059982	18.613000
1569060039	18.613000
1569060098	18.613000
1569060163	18.662000
1569060219	18.669000
1569060283	18.669000
1569060341	18.677000
1569060401	18.669000
1569060459	18.669000
1569060581	18.657000
1569060639	18.657000
1569060699	18.601000
1569060821	18.657000
1569060879	18.604000
1569060945	18.670000
1569061000	18.674000
1569061061	18.675000
1569061119	18.675000
1569061184	18.701000
1569061245	18.701000
1569061299	18.627000
1569061422	18.627000
1569061479	18.627000
1569061539	18.622000
1569061599	18.620000
1569061659	18.620000
1569061781	18.605000
1569061839	18.567000
1569061899	18.567000
1569061960	18.535000
1569062019	18.567000
1569062082	19.367000
1569062143	19.367000
1569062198	18.658000
1569062321	18.658000
1569062379	18.598000
1569062439	18.598000
1569062499	18.598000
1569062559	18.595000
1569062683	18.617000
1569062740	18.654000
1569062800	18.654000
1569062919	18.617000
1569062984	18.654000
1569063043	18.654000
1569063098	18.611000
1569063159	18.611000
1569063220	18.611000
1569063279	18.611000
1569063338	18.611000
1569063399	18.593000
1569063521	18.572000
1569063579	18.593000
1569063639	18.584000
1569063699	18.584000
1569063820	18.612000
1569063880	18.619000
1569063943	18.617000
1569064000	18.617000
1569064059	18.612000
1569064181	18.585000
1569064239	18.568000
1569064300	18.565000
1569064359	18.565000
1569064484	18.565000
1569064539	18.570000
1569064598	18.617000
1569064662	18.617000
1569064719	18.654000
1569064784	18.757000
1569064844	18.654000
1569064899	18.644000
1569064959	18.644000
1569065019	18.608000
1569065141	18.608000
1569065198	18.608000
1569065268	18.623000
1569065393	18.625000
1569065440	18.636000
1569065499	18.625000
1569065619	18.647000
1569065683	18.697000
1569065745	18.697000
1569065801	18.619000
1569065859	18.619000
1569065919	18.582000
1569065979	18.572000
1569066113	18.572000
1569066160	18.582000
1569066219	18.654000
1569066282	18.698000
1569066339	18.698000
1569066399	18.654000
1569066519	18.600000
1569066584	18.600000
1569066643	18.596000
1569066699	18.599000
1569066759	18.600000
1569066818	18.606000
1569066942	18.599000
1569067000	18.606000
1569067121	18.610000
1569067179	18.610000
1569067239	18.610000
1569067299	18.612000
1569067362	18.610000
1569067419	18.573000
1569067485	18.612000
1569067545	18.592000
1569067600	18.539000
1569067722	18.592000
1569067779	18.775000
1569067839	18.640000
1569067900	18.652000
1569068022	18.775000
1569068079	18.652000
1569068138	18.640000
1569068288	18.625000
1569068319	18.609000
1569068385	18.609000
1569068444	18.584000
1569068500	18.584000
1569068559	18.560000
1569068620	18.560000
1569068679	18.560000
1569068739	18.592000
1569068861	18.589000
1569068919	18.589000
1569069042	18.589000
1569069100	18.589000
1569069160	18.567000
1569069219	18.535000
1569069284	18.535000
1569069342	18.528000
1569069398	18.528000
1569069521	18.528000
1569069579	18.536000
1569069703	18.525000
1569069760	18.536000
1569069894	18.536000
1569069939	18.559000
1569069999	18.576000
1569070120	18.632000
1569070183	18.651000
1569070244	18.651000
1569070299	18.655000
1569070421	18.651000
1569070483	18.625000
1569070539	18.592000
1569070600	18.589000
1569070659	18.581000
1569070781	18.581000
1569070839	18.589000
1569070899	18.589000
1569071019	18.621000
1569071084	18.626000
1569071144	18.626000
1569071199	18.798000
1569071260	18.670000
1569071319	18.680000
1569071442	18.670000
1569071500	18.670000
1569071559	18.656000
1569071681	18.583000
1569071739	18.583000
1569071799	18.617000
1569071919	18.656000
1569071983	19.628000
1569072045	19.628000
1569072102	19.628000
1569072159	19.701000
1569072219	18.574000
1569072279	18.574000
1569072339	18.727000
1569072399	18.727000
1569072521	18.583000
1569072579	18.590000
1569072639	18.583000
1569072699	18.583000
1569072819	18.590000
1569072883	18.785000
1569072946	18.785000
1569073001	18.785000
1569073059	18.619000
1569073119	18.585000
1569073179	18.539000
1569073239	18.543000
1569073300	18.543000
1569073363	18.543000
1569073482	18.543000
1569073539	18.618000
1569073676	18.624000
1569073720	18.649000
1569073782	18.683000
1569073845	18.683000
1569073900	18.624000
1569073959	18.554000
1569074019	18.554000
1569074079	18.554000
1569074139	18.572000
1569074199	18.612000
1569074259	18.617000
1569074319	18.617000
1569074379	18.617000
1569074439	18.612000
1569074499	18.678000
1569074563	18.653000
1569074619	18.653000
1569074745	18.606000
1569074799	18.653000
1569074859	18.653000
1569074982	18.682000
1569075040	18.682000
1569075175	18.682000
1569075220	18.649000
1569075280	18.546000
1569075401	18.546000
1569075461	18.594000
1569075520	18.527000
1569075583	18.594000
1569075647	18.594000
1569075699	18.574000
1569075759	18.574000
1569075819	18.616000
1569075941	18.613000
1569075999	18.613000
1569076059	18.616000
1569076119	18.613000
1569076180	18.594000
1569076302	18.594000
1569076362	18.594000
1569076420	18.594000
1569076487	18.594000
1569076544	18.594000
1569076601	18.571000
1569076660	18.594000
1569076719	18.571000
1569076854	18.565000
1569076900	18.557000
1569076959	18.565000
1569077019	18.565000
1569077080	18.582000
1569077140	18.597000
1569077275	18.597000
1569077320	18.597000
1569077383	18.597000
1569077445	18.560000
1569077500	18.560000
1569077559	18.621000
1569077619	18.621000
1569077679	18.607000
1569077739	18.607000
1569077861	18.607000
1569077919	18.587000
1569077979	18.576000
1569078048	18.587000
1569078106	18.672000
1569078166	18.615000
1569078220	18.742000
1569078284	18.769000
1569078343	18.769000
1569078401	18.626000
1569078460	18.626000
1569078519	18.598000
1569078642	18.595000
1569078699	18.592000
1569078821	18.592000
1569078879	18.577000
1569078939	18.577000
1569079005	18.590000
1569079062	18.590000
1569079120	18.567000
1569079244	18.559000
1569079299	18.559000
1569079360	18.559000
1569079419	18.559000
1569079480	18.592000
1569079539	18.624000
1569079662	18.638000
1569079720	18.592000
1569079779	18.592000
1569079839	18.612000
1569079900	18.612000
1569080020	18.612000
1569080086	18.964000
1569080144	18.964000
1569080201	18.964000
1569080259	18.624000
1569080382	18.624000
1569080440	18.618000
1569080500	18.618000
1569080560	18.618000
1569080619	18.604000
1569080679	18.569000
1569080739	18.569000
1569080800	18.676000
1569080927	18.676000
1569081045	18.676000
1569081099	18.676000
1569081221	18.602000
1569081279	18.602000
1569081340	18.602000
1569081399	18.602000
1569081459	18.602000
1569081519	18.643000
1569081579	18.602000
1569081701	18.643000
1569081762	18.590000
1569081820	18.590000
1569081941	18.590000
1569082000	18.536000
1569082060	18.536000
1569082182	18.578000
1569082240	18.606000
1569082362	18.607000
1569082419	18.652000
1569082480	18.652000
1569082539	18.654000
1569082677	18.716000
1569082720	18.652000
1569082845	18.606000
1569082900	18.606000
1569082960	18.564000
1569083019	18.564000
1569083142	18.564000
1569083199	18.579000
1569083259	18.598000
1569083319	18.599000
1569083380	18.599000
1569083440	18.599000
1569083576	18.589000
1569083620	18.585000
1569083681	18.585000
1569083745	18.585000
1569083801	18.591000
1569083861	18.657000
1569083994	18.657000
1569084040	18.620000
1569084162	18.620000
1569084220	18.601000
1569084280	18.577000
1569084340	18.567000
1569084469	18.567000
1569084520	18.601000
1569084582	18.645000
1569084644	18.645000
1569084699	18.672000
1569084760	18.645000
1569084882	18.593000
1569084939	18.593000
1569085062	18.593000
1569085120	18.590000
1569085179	18.593000
1569085302	18.621000
1569085363	18.621000
1569085420	18.621000
1569085545	18.621000
1569085600	18.641000
1569085660	18.613000
1569085782	18.581000
1569085840	18.605000
1569085962	18.613000
1569086020	18.605000
1569086080	18.586000
1569086139	18.586000
1569086276	18.564000
1569086319	18.562000
1569086385	18.562000
1569086443	18.562000
1569086500	18.598000
1569086559	18.646000
1569086619	18.646000
1569086679	18.610000
1569086740	18.598000
1569086799	18.610000
1569086921	18.610000
1569086979	18.660000
1569087039	18.660000
1569087099	18.689000
1569087220	18.689000
1569087283	18.689000
1569087343	18.612000
1569087399	18.615000
1569087459	18.615000
1569087519	18.615000
1569087646	18.615000
1569087699	18.647000
1569087759	18.647000
1569087882	18.647000
1569087940	18.647000
1569088000	18.653000
1569088061	18.626000
1569088120	18.626000
1569088184	18.626000
1569088244	18.587000
1569088300	18.587000
1569088359	18.587000
1569088427	18.596000
1569088545	18.596000
1569088600	18.630000
1569088659	18.630000
1569088781	18.651000
1569088839	18.662000
1569088900	18.663000
1569089020	18.662000
1569089079	18.662000
1569089139	18.647000
1569089199	18.647000
1569089260	18.647000
1569089319	18.647000
1569089380	18.626000
1569089440	18.655000
1569089562	18.648000
1569089620	18.648000
1569089679	18.648000
1569089740	18.648000
1569089800	18.648000
1569089920	18.632000
1569089983	18.632000
1569090043	18.632000
1569090100	18.606000
1569090159	18.551000
1569090220	18.551000
1569090342	18.551000
1569090400	18.583000
1569090459	18.583000
1569090519	18.595000
1569090579	18.613000
1569090701	18.613000
1569090820	18.595000
1569090883	18.613000
1569090944	18.613000
1569090999	18.609000
1569091122	18.606000
1569091182	18.606000
1569091242	18.606000
1569091301	18.606000
1569091359	18.608000
1569091420	18.634000
1569091479	18.649000
1569091540	18.634000
1569091599	18.651000
1569091720	18.634000
1569091783	18.732000
1569091844	18.609000
1569091899	18.677000
1569092038	18.677000
1569092115	18.677000
1569092202	18.646000
1569092260	18.646000
1569092382	18.646000
1569092439	18.589000
1569092525	18.646000
1569092563	18.648000
1569092620	18.648000
1569092744	18.589000
1569092799	18.641000
1569092859	18.641000
1569092919	18.641000
1569092979	18.641000
1569093040	18.653000
1569093101	18.702000
1569093233	18.738000
1569093279	18.738000
1569093339	18.738000
1569093399	18.914000
1569093479	18.728000
1569093520	18.660000
1569093586	18.685000
1569093641	18.660000
1569093700	18.640000
1569093759	18.612000
1569093820	18.612000
1569093879	18.590000
1569094002	18.612000
1569094059	18.612000
1569094120	18.671000
1569094180	18.630000
1569094240	18.630000
1569094299	18.630000
1569094419	18.641000
1569094485	18.641000
1569094546	18.641000
1569094601	18.641000
1569094660	18.636000
1569094720	18.592000
1569094780	18.592000
1569094840	18.592000
1569094900	18.549000
1569094960	18.549000
1569095082	18.554000
1569095140	18.554000
1569095200	18.563000
1569095320	18.610000
1569095384	18.638000
1569095445	18.638000
1569095499	18.638000
1569095560	18.611000
1569095619	18.609000
1569095680	18.609000
1569095802	18.609000
1569095860	18.609000
1569095981	18.603000
1569096039	18.603000
1569096099	18.603000
1569096219	18.603000
1569096283	18.698000
1569096345	18.698000
1569096400	18.589000
1569096459	18.589000
1569096519	18.589000
1569096579	18.589000
1569096639	18.578000
1569096699	18.590000
1569096761	18.590000
1569096821	18.637000
1569096954	18.637000
1569097000	18.667000
1569097120	18.637000
1569097185	18.637000
1569097244	18.582000
1569097300	18.629000
1569097422	18.629000
1569097480	18.629000
1569097540	18.586000
1569097676	18.615000
1569097720	18.586000
1569097780	18.562000
1569097902	18.562000
1569097961	18.610000
1569098020	18.610000
1569098084	18.631000
1569098145	18.631000
1569098200	18.610000
1569098322	18.599000
1569098380	18.599000
1569098440	18.599000
1569098499	18.599000
1569098559	18.609000
1569098620	18.630000
1569098680	18.630000
1569098802	18.640000
1569098862	18.640000
1569098920	18.603000
1569098983	18.603000
1569099045	18.603000
1569099100	18.603000
1569099222	18.589000
1569099280	18.589000
1569099340	18.589000
1569099401	18.560000
1569099460	18.545000
1569099521	18.560000
1569099580	18.560000
1569099640	18.560000
1569099700	18.564000
1569099820	18.600000
1569099884	18.600000
1569099943	18.659000
1569100000	18.659000
1569100122	18.633000
1569100179	18.633000
1569100240	18.584000
1569100299	18.584000
1569100422	18.584000
1569100480	18.593000
1569100539	18.593000
1569100599	18.641000
1569100662	18.593000
1569100720	18.593000
1569100783	18.665000
1569100844	18.665000
1569100900	18.737000
1569101022	18.737000
1569101080	18.737000
1569101140	18.663000
1569101200	18.684000
1569101259	18.663000
1569101321	18.663000
1569101381	18.628000
1569101447	18.599000
1569101577	18.587000
1569101620	18.587000
1569101686	18.628000
1569101749	18.587000
1569101800	18.742000
1569101859	18.742000
1569101981	18.615000
1569102039	18.590000
1569102099	18.615000
1569102159	18.615000
1569102220	18.816000
1569102281	18.816000
1569102403	19.091000
1569102462	19.091000
1569102520	18.621000
1569102584	18.621000
1569102644	18.544000
1569102699	18.544000
1569102761	18.570000
1569102821	18.670000
1569102880	18.580000
1569102940	18.670000
1569103000	18.586000
1569103060	18.640000
1569103120	18.586000
1569103180	18.586000
1569103240	18.586000
1569103301	18.586000
1569103420	18.583000
1569103485	18.586000
1569103543	18.761000
1569103599	18.761000
1569103659	18.689000
1569103720	18.689000
1569103780	18.550000
1569103914	18.550000
1569103960	18.532000
1569104019	18.550000
1569104087	18.558000
1569104202	18.640000
1569104262	18.673000
1569104320	18.673000
1569104385	18.731000
1569104445	18.731000
1569104500	18.582000
1569104622	18.582000
1569104680	18.582000
1569104802	18.582000
1569104860	18.600000
1569104919	18.604000
1569105042	18.600000
1569105100	18.610000
1569105161	18.612000
1569105220	18.612000
1569105344	18.599000
1569105399	18.599000
1569105534	18.585000
1569105579	18.556000
1569105640	18.552000
1569105786	18.556000
1569105820	18.556000
1569105944	18.592000
1569106002	18.600000
1569106121	18.629000
1569106185	20.118000
1569106246	20.118000
1569106302	20.118000
1569106360	18.614000
1569106420	18.587000
1569106480	18.553000
1569106539	18.587000
1569106600	18.587000
1569106660	18.600000
1569106720	18.600000
1569106780	18.600000
1569106840	18.638000
1569106900	18.638000
1569107020	18.604000
1569107086	19.634000
1569107144	19.634000
1569107199	18.809000
1569107260	18.809000
1569107382	18.809000
1569107440	18.691000
1569107500	18.666000
1569107559	18.641000
1569107694	18.641000
1569107739	18.653000
1569107800	18.653000
1569107920	18.754000
1569107984	18.798000
1569108044	18.798000
1569108102	18.798000
1569108160	18.673000
1569108220	18.673000
1569108280	18.673000
1569108340	18.673000
1569108462	18.600000
1569108520	18.600000
1569108646	18.600000
1569108701	18.600000
1569108820	18.605000
1569108885	18.633000
1569108942	18.633000
1569108999	18.633000
1569109134	18.633000
1569109180	18.572000
1569109240	18.572000
1569109300	18.674000
1569109360	18.674000
1569109420	18.591000
1569109480	18.597000
1569109603	18.597000
1569109662	18.591000
1569109720	18.591000
1569109785	18.597000
1569109845	18.621000
1569109900	18.621000
1569109960	18.621000
1569110019	18.621000
1569110080	18.621000
1569110139	18.612000
1569110200	18.557000
1569110322	18.576000
1569110380	18.553000
1569110440	18.553000
1569110501	18.576000
1569110622	18.576000
1569110687	18.609000
1569110742	18.609000
1569110800	18.618000
1569110860	18.575000
1569110920	18.618000
1569110980	18.555000
1569111040	18.569000
1569111100	18.569000
1569111160	18.608000
1569111220	18.569000
1569111281	18.569000
1569111403	18.596000
1569111520	18.596000
1569111585	18.596000
1569111645	18.605000
1569111700	18.605000
1569111760	18.656000
1569111820	18.656000
1569111880	18.656000
1569111940	18.581000
1569112000	18.581000
1569112060	18.581000
1569112119	18.642000
1569112180	18.642000
1569112302	18.695000
1569112424	18.695000
1569112480	18.853000
1569112602	18.853000
1569112660	18.648000
1569112720	18.648000
1569112780	18.648000
1569112902	18.648000
1569112960	18.648000
1569113020	18.554000
1569113079	18.534000
1569113202	18.554000
1569113261	18.534000
1569113321	18.554000
1569113447	18.513000
1569113501	18.557000
1569113560	18.557000
1569113620	18.561000
1569113680	18.557000
1569113740	18.561000
1569113800	18.561000
1569113860	18.528000
1569113920	18.528000
1569113980	18.543000
1569114040	18.543000
1569114100	18.584000
1569114220	18.627000
1569114286	18.635000
1569114343	18.635000
1569114401	18.627000
1569114460	18.577000
1569114520	18.561000
1569114642	18.561000
1569114700	18.572000
1569114822	18.577000
1569114880	18.625000
1569114940	18.625000
1569115000	18.625000
1569115120	18.635000
1569115183	18.658000
1569115245	18.658000
1569115303	18.658000
1569115360	18.658000
1569115420	18.605000
1569115480	18.557000
1569115540	18.557000
1569115599	18.557000
1569115660	18.557000
1569115794	18.556000
1569115840	18.560000
1569115900	18.568000
1569116020	18.568000
1569116084	18.754000
1569116146	18.754000
1569116204	18.754000
1569116261	18.662000
1569116382	18.560000
1569116440	18.560000
1569116562	18.560000
1569116620	18.515000
1569116680	18.515000
1569116740	18.515000
1569116800	18.515000
1569116920	18.514000
1569117043	18.494000
1569117102	18.616000
1569117160	18.560000
1569117282	18.545000
1569117340	18.557000
1569117474	18.557000
1569117520	18.557000
1569117581	18.545000
1569117640	18.557000
1569117700	18.570000
1569117762	18.570000
1569117820	18.570000
1569117887	18.586000
1569117945	18.592000
1569118002	18.586000
1569118060	18.586000
1569118120	18.574000
1569118180	18.570000
1569118240	18.570000
1569118300	18.570000
1569118422	18.542000
1569118479	18.542000
1569118540	18.542000
1569118688	18.521000
1569118720	18.521000
1569118850	18.521000
1569118907	18.576000
1569118960	18.603000
1569119020	18.603000
1569119080	18.588000
1569119140	18.588000
1569119200	18.588000
1569119260	18.584000
1569119320	18.584000
1569119380	18.565000
1569119502	18.565000
1569119620	18.677000
1569119685	18.836000
1569119745	18.677000
1569119799	18.677000
1569119922	18.595000
1569119980	18.595000
1569120103	18.545000
1569120160	18.545000
1569120220	18.552000
1569120280	18.552000
1569120402	18.552000
1569120521	18.593000
1569120580	18.593000
1569120641	18.590000
1569120762	18.600000
1569120820	18.590000
1569120943	18.586000
1569121000	18.586000
1569121060	18.586000
1569121182	18.577000
1569121240	18.521000
1569121300	18.521000
1569121364	18.518000
1569121420	18.518000
1569121545	18.526000
1569121601	18.591000
1569121660	18.591000
1569121719	18.591000
1569121780	18.575000
1569121902	18.575000
1569121960	18.555000
1569122094	18.553000
1569122140	18.480000
1569122265	18.480000
1569122320	18.478000
1569122384	18.480000
1569122449	18.478000
1569122507	18.488000
1569122563	18.489000
1569122620	18.578000
1569122742	18.538000
1569122800	18.538000
1569122922	18.578000
1569122980	18.578000
1569123040	18.538000
1569123176	18.583000
1569123220	18.585000
1569123345	18.585000
1569123402	18.563000
1569123461	18.563000
1569123520	18.563000
1569123643	18.563000
1569123700	18.563000
1569123759	18.549000
1569123820	18.549000
1569123942	18.527000
1569124000	18.527000
1569124121	18.530000
1569124180	18.530000
1569124240	18.530000
1569124301	18.573000
1569124361	18.530000
1569124421	18.520000
1569124542	18.516000
1569124600	18.520000
1569124660	18.516000
1569124719	18.520000
1569124780	18.535000
1569124902	18.558000
1569124963	18.558000
1569125020	18.569000
1569125144	18.606000
1569125198	18.569000
1569125260	18.545000
1569125320	18.560000
1569125380	18.560000
1569125439	18.560000
1569125500	18.560000
1569125559	18.570000
1569125620	18.570000
1569125742	18.561000
1569125799	18.561000
1569125861	18.561000
1569125920	18.548000
1569125984	18.548000
1569126044	18.514000
1569126100	18.504000
1569126161	18.514000
1569126220	18.566000
1569126280	18.535000
1569126340	18.535000
1569126399	18.535000
1569126460	18.535000
1569126582	18.500000
1569126639	18.500000
1569126777	18.528000
1569126820	18.540000
1569126887	18.540000
1569126943	18.540000
1569127004	18.540000
1569127060	18.576000
1569127120	18.536000
1569127242	18.536000
1569127301	18.567000
1569127360	18.576000
1569127481	18.567000
1569127540	18.578000
1569127665	18.567000
1569127728	18.578000
1569127785	18.578000
1569127844	18.578000
1569127900	18.522000
1569127960	18.522000
1569128019	18.522000
1569128080	18.522000
1569128202	18.573000
1569128260	18.606000
1569128320	18.606000
1569128380	18.573000
1569128502	18.606000
1569128562	18.538000
1569128621	18.511000
1569128683	18.538000
1569128746	18.512000
1569128803	18.512000
1569128859	18.512000
1569128919	18.548000
1569128980	18.548000
1569129101	18.571000
1569129160	18.571000
1569129282	18.571000
1569129340	18.571000
1569129400	18.571000
1569129462	18.568000
1569129520	18.543000
1569129586	18.568000
1569129644	18.543000
1569129699	18.543000
1569129760	18.575000
1569129820	18.575000
1569129942	18.575000
1569130001	18.575000
1569130121	18.575000
1569130180	18.568000
1569130310	18.606000
1569130422	18.568000
1569130479	18.562000
1569130540	18.561000
1569130661	18.559000
1569130720	18.549000
1569130780	18.537000
1569130902	18.521000
1569130959	18.521000
1569131020	18.509000
1569131147	18.509000
1569131202	18.509000
1569131320	18.566000
1569131383	19.830000
1569131445	19.830000
1569131504	19.830000
1569131560	18.592000
1569131619	18.587000
1569131679	18.519000
1569131740	18.587000
1569131862	18.513000
1569131920	18.513000
1569131979	18.507000
1569132040	18.531000
1569132164	18.507000
1569132220	18.531000
1569132283	18.531000
1569132341	18.531000
1569132400	18.542000
1569132460	18.558000
1569132581	18.552000
1569132639	18.542000
1569132762	18.552000
1569132820	18.558000
1569132880	18.552000
1569132940	18.530000
1569133076	18.581000
1569133119	18.564000
1569133245	18.564000
1569133299	18.581000
1569133359	18.594000
1569133420	18.581000
1569133542	18.649000
1569133600	18.649000
1569133659	18.596000
1569133784	18.539000
1569133841	18.573000
1569133899	18.573000
1569134020	18.573000
1569134084	18.573000
1569134145	18.573000
1569134200	18.571000
1569134334	18.571000
1569134380	18.571000
1569134440	18.571000
1569134500	18.571000
1569134560	18.607000
1569134620	18.589000
1569134741	18.617000
1569134799	18.617000
1569134920	18.645000
1569134985	18.710000
1569135043	18.710000
1569135100	18.710000
1569135222	18.647000
1569135280	18.647000
1569135403	18.604000
1569135460	18.647000
1569135520	18.647000
1569135641	18.624000
1569135700	18.624000
1569135820	18.624000
1569135884	18.624000
1569135945	18.655000
1569136000	18.861000
1569136060	18.655000
1569136119	18.655000
1569136244	18.655000
1569136302	18.644000
1569136361	18.582000
1569136419	18.629000
1569136542	18.544000
1569136600	18.544000
1569136661	18.544000
1569136720	18.582000
1569136785	18.582000
1569136842	18.582000
1569136900	18.582000
1569136960	18.645000
1569137082	18.645000
1569137140	18.645000
1569137200	18.645000
1569137322	18.625000
1569137380	18.599000
1569137439	18.599000
1569137499	18.599000
1569137562	18.575000
1569137622	18.575000
1569137685	18.575000
1569137744	18.576000
1569137800	18.570000
1569137859	18.576000
1569137927	18.605000
1569137983	18.576000
1569138102	18.605000
1569138159	18.605000
1569138220	18.578000
1569138341	18.578000
1569138399	18.578000
1569138520	18.578000
1569138644	18.588000
1569138700	18.588000
1569138835	18.588000
1569138887	18.588000
1569138939	18.620000
1569139001	18.573000
1569139060	18.620000
1569139120	18.620000
1569139242	18.620000
1569139301	18.663000
1569139420	18.663000
1569139485	18.663000
1569139544	18.607000
1569139600	18.578000
1569139662	18.578000
1569139721	18.589000
1569139854	18.564000
1569139900	18.564000
1569139960	18.589000
1569140082	18.617000
1569140140	18.617000
1569140200	18.652000
1569140320	18.853000
1569140444	18.853000
1569140500	18.853000
1569140560	19.373000
1569140621	19.373000
1569140680	18.677000
1569140802	18.677000
1569140860	18.578000
1569140920	18.544000
1569140980	18.555000
1569141041	18.555000
1569141099	18.555000
1569141161	18.551000
1569141221	18.555000
1569141283	18.613000
1569141346	18.613000
1569141407	18.561000
1569141465	18.561000
1569141520	18.561000
1569141642	18.561000
1569141700	18.637000
1569141760	18.653000
1569141894	18.707000
1569141939	18.707000
1569142000	18.696000
1569142063	18.653000
1569142121	18.642000
1569142184	18.642000
1569142244	18.642000
1569142300	18.610000
1569142360	18.610000
1569142420	18.679000
1569142543	18.610000
1569142600	18.600000
1569142661	18.661000
1569142720	18.621000
1569142780	18.600000
1569142840	18.600000
1569142900	18.621000
1569142963	18.621000
1569143020	18.620000
1569143148	18.620000
1569143203	18.626000
1569143260	18.620000
1569143320	18.601000
1569143453	18.601000
1569143499	18.601000
1569143622	18.601000
1569143680	18.601000
1569143740	18.601000
1569143801	18.694000
1569143922	18.739000
1569143988	19.049000
1569144043	19.049000
1569144103	19.049000
1569144160	18.579000
1569144219	18.579000
1569144342	18.579000
1569144400	18.579000
1569144460	18.583000
1569144519	18.621000
1569144579	18.583000
1569144640	18.611000
1569144701	18.621000
1569144821	18.621000
1569144886	18.621000
1569144943	18.642000
1569145001	18.757000
1569145064	18.642000
1569145120	18.642000
1569145180	18.602000
1569145240	18.584000
1569145301	18.584000
1569145422	18.582000
1569145480	18.582000
1569145540	18.616000
1569145601	18.660000
1569145721	18.660000
1569145786	18.666000
1569145845	18.666000
1569145899	18.713000
1569146022	18.882000
1569146080	18.882000
1569146140	18.713000
1569146199	18.611000
1569146259	18.573000
1569146406	18.560000
1569146440	18.573000
1569146501	18.611000
1569146566	18.661000
1569146622	18.675000
1569146742	18.675000
1569146801	18.675000
1569146859	18.624000
1569146919	18.624000
1569146980	18.614000
1569147102	18.596000
1569147159	18.614000
1569147221	18.649000
1569147345	18.649000
1569147400	18.710000
1569147520	18.710000
1569147585	18.710000
1569147647	18.850000
1569147701	18.850000
1569147760	18.673000
1569147821	18.635000
1569147880	18.632000
1569147939	18.632000
1569148000	18.613000
1569148060	18.604000
1569148120	18.604000
1569148180	18.611000
1569148305	18.611000
1569148420	18.651000
1569148481	18.684000
1569148545	18.651000
1569148601	18.658000
1569148660	18.651000
1569148782	18.658000
1569148840	18.658000
1569148900	18.665000
1569148960	18.722000
1569149020	18.722000
1569149081	18.665000
1569149202	18.665000
1569149321	18.657000
1569149380	18.657000
1569149440	18.651000
1569149500	18.642000
1569149622	18.615000
1569149679	18.579000
1569149802	18.579000
1569149860	18.579000
1569149921	18.579000
1569149981	18.561000
1569150039	18.542000
1569150178	18.517000
1569150220	18.490000
1569150284	18.490000
1569150343	18.517000
1569150399	18.573000
1569150461	18.573000
1569150520	18.588000
1569150580	18.584000
1569150640	18.588000
1569150700	18.588000
1569150836	18.588000
1569150880	18.619000
1569150941	18.619000
1569151000	18.619000
1569151121	18.582000
1569151186	18.637000
1569151243	18.582000
1569151299	18.582000
1569151360	18.582000
1569151420	18.634000
1569151480	18.582000
1569151545	18.634000
1569151662	18.634000
1569151720	18.592000
1569151780	18.592000
1569151902	18.767000
1569151961	18.634000
1569152020	18.634000
