time ms
1568844516	1.058000
1568844574	1.050500
1568844633	1.043000
1568844695	1.050500
1568844816	1.055000
1568844874	1.050000
1568844934	1.055000
1568844994	1.055000
1568845058	1.050000
1568845113	1.050000
1568845178	1.058000
1568845238	1.052000
1568845294	1.052000
1568845353	1.052000
1568845414	1.008000
1568845474	1.008000
1568845533	1.008000
1568845594	1.064000
1568845654	7.970000
1568845713	7.970000
1568845773	7.970000
1568845833	1.068000
1568845958	1.068000
1568846014	1.068000
1568846077	1.068000
1568846138	1.068000
1568846194	1.047000
1568846254	1.047000
1568846314	1.031000
1568846448	1.022000
1568846493	1.031000
1568846627	1.031000
1568846673	1.031000
1568846734	1.072000
1568846794	1.077000
1568846854	1.077000
1568846915	1.088000
1568847038	1.088000
1568847092	1.088000
1568847153	1.080000
1568847216	1.012000
1568847335	1.012000
1568847393	1.012000
1568847453	1.075000
1568847575	1.075000
1568847634	1.075000
1568847693	1.045000
1568847755	1.029000
1568847814	1.029000
1568847878	1.045000
1568847937	1.309000
1568847995	1.309000
1568848058	1.309000
1568848119	1.022000
1568848175	1.008000
1568848233	1.008000
1568848293	1.016000
1568848353	1.016000
1568848475	1.016000
1568848533	1.016000
1568848593	1.016000
1568848661	0.999000
1568848714	1.039000
1568848838	1.039000
1568848893	1.048000
1568848953	2.024000
1568849013	4.959000
1568849073	4.959000
1568849133	4.959000
1568849255	1.043000
1568849314	1.043000
1568849373	1.031000
1568849433	1.031000
1568849569	1.031000
1568849613	1.044000
1568849738	1.031000
1568849793	1.044000
1568849855	0.977000
1568849915	1.051000
1568849974	1.014000
1568850033	1.031000
1568850093	1.014000
1568850153	1.031000
1568850276	1.014000
1568850333	1.014000
1568850393	1.014000
1568850455	1.014000
1568850514	1.014000
1568850637	1.041000
1568850692	2.373000
1568850815	2.373000
1568850873	2.373000
1568850933	1.054000
1568850993	1.050000
1568851115	1.038000
1568851173	1.038000
1568851233	1.014000
1568851292	1.010000
1568851413	1.014000
1568851477	1.014000
1568851538	1.029000
1568851594	1.029000
1568851653	1.090000
1568851713	1.029000
1568851773	1.014000
1568851833	1.014000
1568851967	1.049000
1568852013	1.014000
1568852073	1.001000
1568852133	1.049000
1568852192	1.052000
1568852258	0.967000
1568852313	1.079000
1568852374	1.080000
1568852437	2.398000
1568852495	2.398000
1568852552	2.398000
1568852675	1.052000
1568852733	1.034000
1568852793	1.034000
1568852853	1.031000
1568852913	1.031000
1568853035	1.031000
1568853093	1.031000
1568853155	1.031000
1568853213	1.072000
1568853280	1.305000
1568853335	7.271000
1568853393	7.271000
1568853515	1.305000
1568853573	1.068000
1568853632	1.055000
1568853694	1.055000
1568853815	1.040000
1568853873	1.055000
1568853932	1.055000
1568854068	1.078000
1568854114	1.083000
1568854177	1.247000
1568854233	9.225000
1568854294	9.225000
1568854352	1.247000
1568854475	1.031000
1568854533	1.029000
1568854592	1.024000
1568854714	1.024000
1568854773	1.029000
1568854832	1.024000
1568854893	1.036000
1568855012	1.086000
1568855076	1.378000
1568855137	1.378000
1568855192	1.378000
1568855314	1.067000
1568855373	1.067000
1568855432	1.049000
1568855492	1.049000
1568855553	1.049000
1568855612	1.049000
1568855678	1.037000
1568855795	1.037000
1568855855	1.037000
1568855913	1.069000
1568855977	1.208000
1568856035	1.996000
1568856094	1.208000
1568856152	1.208000
1568856275	1.093000
1568856333	1.054000
1568856392	1.010000
1568856453	0.989000
1568856512	0.989000
1568856581	0.989000
1568856637	1.014000
1568856692	1.014000
1568856812	1.014000
1568856875	1.014000
1568856936	1.014000
1568856993	1.007000
1568857052	1.050000
1568857112	1.050000
1568857172	1.017000
1568857232	1.017000
1568857294	1.050000
1568857438	1.072000
1568857472	1.090000
1568857532	1.090000
1568857592	1.072000
1568857712	2.123000
1568857777	1.032000
1568857836	1.029000
1568857893	1.028000
1568857953	1.028000
1568858012	1.028000
1568858072	1.018000
1568858132	1.018000
1568858254	1.018000
1568858312	1.074000
1568858434	1.074000
1568858492	1.074000
1568858554	1.051000
1568858612	1.051000
1568858737	1.050000
1568858792	1.051000
1568858853	1.058000
1568858913	1.058000
1568858974	1.050000
1568859032	1.016000
1568859155	1.012000
1568859213	1.012000
1568859272	1.016000
1568859406	1.033000
1568859456	1.033000
1568859513	1.064000
1568859576	1.065000
1568859638	1.053000
1568859692	1.053000
1568859814	1.053000
1568859872	1.053000
1568859931	1.053000
1568860066	1.035000
1568860112	1.035000
1568860171	1.035000
1568860231	1.023000
1568860292	1.023000
1568860412	1.001000
1568860475	1.023000
1568860534	1.050000
1568860595	1.050000
1568860651	1.050000
1568860712	1.097000
1568860772	1.097000
1568860832	1.097000
1568860891	6.957000
1568861014	6.957000
1568861072	6.957000
1568861132	0.991000
1568861192	0.991000
1568861312	0.991000
1568861379	1.027000
1568861435	1.029000
1568861493	1.062000
1568861551	1.062000
1568861679	1.029000
1568861735	1.029000
1568861791	1.038000
1568861914	1.038000
1568861972	1.038000
1568862093	1.038000
1568862154	1.038000
1568862212	1.043000
1568862276	1.043000
1568862335	1.071000
1568862393	1.071000
1568862452	1.071000
1568862511	1.071000
1568862571	1.071000
1568862693	1.074000
1568862751	1.090000
1568862885	1.092000
1568862933	1.090000
1568862991	1.090000
1568863054	1.090000
1568863111	1.092000
1568863177	1.099000
1568863236	1.099000
1568863292	1.038000
1568863352	1.278000
1568863412	1.030000
1568863545	1.024000
1568863592	1.024000
1568863651	1.045000
1568863711	1.045000
1568863772	1.045000
1568863893	1.045000
1568863953	1.009000
1568864012	1.009000
1568864076	1.009000
1568864137	1.030000
1568864192	1.030000
1568864251	1.158000
1568864311	1.158000
1568864371	1.099000
1568864431	1.099000
1568864491	1.099000
1568864552	1.078000
1568864673	1.056000
1568864731	1.034000
1568864857	1.034000
1568864912	1.034000
1568864977	1.102000
1568865036	1.102000
1568865091	1.102000
1568865151	1.136000
1568865273	1.055000
1568865331	1.047000
1568865453	1.055000
1568865512	1.056000
1568865571	1.055000
1568865693	1.047000
1568865811	1.056000
1568865884	1.058000
1568865933	1.229000
1568865991	1.656000
1568866051	1.656000
1568866111	1.229000
1568866245	1.059000
1568866291	1.058000
1568866425	1.036000
1568866471	1.054000
1568866531	1.036000
1568866669	1.005000
1568866712	1.036000
1568866774	1.054000
1568866836	1.005000
1568866893	1.091000
1568866951	1.091000
1568867011	1.066000
1568867132	1.043000
1568867191	1.043000
1568867251	1.018000
1568867372	1.009000
1568867431	1.009000
1568867491	1.016000
1568867612	1.018000
1568867679	1.035000
1568867733	1.448000
1568867792	1.448000
1568867851	1.448000
1568867911	1.064000
1568868045	1.024000
1568868091	1.024000
1568868151	1.034000
1568868211	1.024000
1568868344	1.034000
1568868391	1.034000
1568868512	1.034000
1568868635	1.031000
1568868690	1.057000
1568868750	1.031000
1568868885	1.031000
1568868931	1.020000
1568868991	1.020000
1568869051	1.004000
1568869185	1.004000
1568869231	1.004000
1568869291	1.055000
1568869410	1.055000
1568869476	1.305000
1568869535	1.305000
1568869590	1.305000
1568869652	1.068000
1568869711	1.039000
1568869770	1.027000
1568869831	1.023000
1568869891	1.008000
1568870013	1.001000
1568870071	1.000000
1568870133	1.000000
1568870269	1.000000
1568870311	1.052000
1568870375	1.139000
1568870432	1.309000
1568870491	1.309000
1568870551	1.139000
1568870611	1.114000
1568870670	1.071000
1568870793	1.058000
1568870851	1.020000
1568870911	1.020000
1568870970	1.058000
1568871032	1.013000
1568871098	1.021000
1568871152	1.060000
1568871210	1.140000
1568871275	1.140000
1568871334	1.140000
1568871390	1.140000
1568871525	1.122000
1568871571	1.084000
1568871630	1.076000
1568871752	1.045000
1568871810	1.020000
1568871871	1.003000
1568871992	1.003000
1568872110	1.020000
1568872171	1.034000
1568872235	1.038000
1568872294	1.038000
1568872350	1.046000
1568872411	1.060000
1568872472	1.046000
1568872530	1.046000
1568872591	1.052000
1568872651	1.052000
1568872710	1.052000
1568872771	1.071000
1568872831	4.557000
1568872890	4.557000
1568873010	4.557000
1568873076	1.931000
1568873136	1.165000
1568873191	1.061000
1568873312	1.061000
1568873370	1.037000
1568873493	1.018000
1568873550	1.037000
1568873610	1.037000
1568873670	15.439000
1568873792	15.439000
1568873911	15.439000
1568873970	1.091000
1568874092	1.039000
1568874150	1.039000
1568874210	1.044000
1568874274	1.049000
1568874392	1.049000
1568874450	1.092000
1568874510	34.834000
1568874570	34.834000
1568874630	34.834000
1568874754	1.094000
1568874811	1.094000
1568874876	1.094000
1568874932	1.142000
1568874990	1.142000
1568875050	1.142000
1568875110	1.010000
1568875236	1.010000
1568875291	0.991000
1568875349	1.010000
1568875472	1.027000
1568875531	1.052000
1568875590	1.027000
1568875711	1.052000
1568875776	1.027000
1568875832	1.052000
1568875889	1.019000
1568875950	1.019000
1568876010	0.981000
1568876070	0.981000
1568876132	0.981000
1568876252	1.033000
1568876310	1.051000
1568876370	1.091000
1568876430	1.091000
1568876490	1.051000
1568876610	1.091000
1568876676	1.101000
1568876734	1.101000
1568876791	1.072000
1568876850	1.072000
1568876911	1.044000
1568876970	1.021000
1568877091	1.003000
1568877149	1.003000
1568877284	0.989000
1568877330	1.003000
1568877390	1.030000
1568877451	1.066000
1568877510	1.067000
1568877574	1.068000
1568877634	1.067000
1568877691	1.067000
1568877750	0.990000
1568877809	0.990000
1568877932	0.980000
1568877989	0.990000
1568878112	1.029000
1568878170	1.029000
1568878230	1.016000
1568878289	1.016000
1568878352	1.009000
1568878410	1.009000
1568878474	1.009000
1568878533	1.073000
1568878588	1.073000
1568878651	1.073000
1568878710	1.067000
1568878770	1.067000
1568878830	1.054000
1568878890	1.055000
1568879011	1.055000
1568879070	1.052000
1568879129	1.033000
1568879264	1.033000
1568879310	1.033000
1568879434	0.996000
1568879490	0.996000
1568879611	2.647000
1568879669	2.647000
1568879729	1.061000
1568879789	1.061000
1568879912	1.052000
1568879970	1.052000
1568880029	1.052000
1568880165	1.065000
1568880209	1.084000
1568880275	1.436000
1568880333	1.436000
1568880389	2.416000
1568880512	1.436000
1568880570	1.052000
1568880630	1.029000
1568880689	1.035000
1568880749	1.029000
1568880885	1.019000
1568880929	1.019000
1568880990	1.019000
1568881110	1.019000
1568881175	1.061000
1568881234	1.076000
1568881290	2.502000
1568881349	3.687000
1568881409	3.687000
1568881532	3.687000
1568881590	1.046000
1568881649	1.046000
1568881710	1.046000
1568881831	1.023000
1568881889	1.054000
1568881952	1.054000
1568882009	1.068000
1568882082	1.081000
1568882133	1.223000
1568882189	6.939000
1568882250	6.939000
1568882309	6.939000
1568882369	1.077000
1568882491	1.070000
1568882550	1.063000
1568882609	1.059000
1568882730	1.028000
1568882789	1.063000
1568882909	1.063000
1568882973	1.082000
1568883034	1.082000
1568883091	1.090000
1568883150	1.090000
1568883209	1.077000
1568883269	1.071000
1568883329	1.071000
1568883451	1.053000
1568883508	1.053000
1568883569	1.004000
1568883691	1.053000
1568883750	1.057000
1568883814	1.061000
1568883872	1.063000
1568883930	1.257000
1568883989	1.257000
1568884049	1.257000
1568884109	1.057000
1568884169	1.053000
1568884290	1.048000
1568884348	1.048000
1568884471	1.048000
1568884529	1.048000
1568884725	1.048000
1568884793	1.049000
1568884856	1.016000
1568884917	0.996000
1568884930	0.994000
1568884949	0.994000
1568885072	0.982000
1568885129	0.982000
1568885251	1.007000
1568885310	1.032000
1568885369	1.007000
1568885491	1.007000
1568885551	0.964000
1568885611	0.964000
1568885672	0.964000
1568885730	1.015000
1568885791	1.032000
1568885850	1.044000
1568885910	1.044000
1568885969	1.057000
1568886029	1.044000
1568886151	1.057000
1568886208	1.057000
1568886268	1.042000
1568886329	1.032000
1568886464	1.042000
1568886508	1.042000
1568886632	1.178000
1568886690	1.178000
1568886748	1.178000
1568886809	1.010000
1568886930	1.010000
1568886988	1.010000
1568887123	1.054000
1568887169	1.065000
1568887229	1.065000
1568887289	1.066000
1568887408	1.081000
1568887473	1.495000
1568887533	1.495000
1568887589	1.495000
1568887649	1.046000
1568887708	1.046000
1568887768	1.028000
1568887829	1.046000
1568887889	1.060000
1568887948	1.060000
1568888008	1.006000
1568888131	1.006000
1568888189	1.006000
1568888252	1.006000
1568888309	27.689000
1568888375	27.689000
1568888433	27.689000
1568888488	1.355000
1568888611	1.101000
1568888669	1.076000
1568888729	1.038000
1568888850	1.038000
1568888908	1.038000
1568888968	1.038000
1568889090	1.036000
1568889150	1.043000
1568889209	1.069000
1568889271	1.247000
1568889329	1.247000
1568889388	1.247000
1568889449	1.097000
1568889570	1.057000
1568889628	1.020000
1568889688	1.015000
1568889748	1.015000
1568889870	1.020000
1568889935	1.048000
1568889994	1.048000
1568890050	1.048000
1568890109	1.048000
1568890172	1.048000
1568890233	1.052000
1568890287	1.052000
1568890350	1.055000
1568890408	1.052000
1568890468	1.026000
1568890528	1.026000
1568890588	1.030000
1568890711	0.999000
1568890768	0.999000
1568890828	1.030000
1568890952	0.986000
1568891008	0.986000
1568891073	1.152000
1568891132	1.293000
1568891189	1.152000
1568891248	1.152000
1568891370	1.062000
1568891428	1.062000
1568891488	1.050000
1568891611	1.062000
1568891669	1.089000
1568891790	1.089000
1568891852	1.050000
1568891908	1.210000
1568892030	1.047000
1568892088	1.041000
1568892148	1.041000
1568892208	1.041000
1568892268	1.033000
1568892328	1.030000
1568892451	1.022000
1568892508	1.022000
1568892568	1.033000
1568892628	1.058000
1568892764	1.058000
1568892807	1.188000
1568892873	1.108000
1568892931	1.058000
1568892989	1.056000
1568893047	1.056000
1568893170	1.048000
1568893228	1.011000
1568893361	0.991000
1568893415	0.991000
1568893530	0.991000
1568893588	1.050000
1568893651	1.053000
1568893708	1.062000
1568893775	1.062000
1568893832	1.062000
1568893888	1.053000
1568893948	1.004000
1568894008	1.004000
1568894068	0.993000
1568894128	1.004000
1568894254	1.004000
1568894308	1.030000
1568894368	1.030000
1568894428	1.030000
1568894487	1.030000
1568894549	1.045000
1568894608	1.064000
1568894672	1.069000
1568894730	1.069000
1568894788	1.069000
1568894848	1.081000
1568894908	1.073000
1568894967	1.042000
1568895103	1.073000
1568895148	1.081000
1568895269	1.073000
1568895327	1.043000
1568895388	1.043000
1568895507	1.043000
1568895572	1.043000
1568895632	1.060000
1568895687	1.060000
1568895748	1.060000
1568895808	1.053000
1568895868	1.053000
1568896002	1.045000
1568896047	1.032000
1568896108	1.030000
1568896167	1.045000
1568896227	1.045000
1568896287	1.071000
1568896407	1.071000
1568896473	1.071000
1568896532	1.071000
1568896587	1.071000
1568896648	1.064000
1568896707	1.009000
1568896769	1.003000
1568896890	1.009000
1568896948	1.039000
1568897007	1.039000
1568897068	1.039000
1568897189	1.039000
1568897308	0.999000
1568897367	0.999000
1568897427	0.999000
1568897550	0.999000
1568897607	1.019000
1568897742	1.052000
1568897788	1.052000
1568897848	1.037000
1568897907	1.052000
1568897967	1.052000
1568898027	1.037000
1568898162	1.032000
1568898208	1.032000
1568898271	1.032000
1568898329	1.032000
1568898393	1.034000
1568898453	1.034000
1568898514	1.034000
1568898567	1.019000
1568898628	1.019000
1568898687	1.010000
1568898809	1.010000
1568898867	1.030000
1568898927	1.030000
1568898987	1.037000
1568899107	1.039000
1568899170	1.049000
1568899232	1.037000
1568899290	1.037000
1568899409	1.076000
1568899467	1.062000
1568899526	1.009000
1568899587	1.011000
1568899647	1.011000
1568899781	1.011000
1568899827	1.011000
1568899887	1.011000
1568899949	1.015000
1568900007	1.032000
1568900072	1.058000
1568900130	1.019000
1568900188	1.182000
1568900247	1.306000
1568900307	1.182000
1568900367	1.065000
1568900427	1.090000
1568900549	1.065000
1568900607	1.065000
1568900667	1.088000
1568900727	1.088000
1568900787	1.045000
1568900908	1.088000
1568900971	1.095000
1568901032	1.045000
1568901088	1.004000
1568901209	1.002000
1568901267	1.002000
1568901327	1.002000
1568901449	1.005000
1568901507	1.010000
1568901567	1.084000
1568901627	1.084000
1568901686	1.084000
1568901750	1.057000
1568901808	1.057000
1568901872	1.057000
1568901932	1.361000
1568901987	1.361000
1568902046	1.361000
1568902106	1.071000
1568902228	1.020000
1568902287	1.020000
1568902408	1.025000
1568902466	1.025000
1568902527	1.055000
1568902586	1.055000
1568902648	1.055000
1568902707	1.067000
1568902769	1.070000
1568902828	1.338000
1568902888	1.338000
1568902947	1.338000
1568903007	1.000000
1568903067	1.000000
1568903188	0.999000
1568903250	0.999000
1568903306	1.072000
1568903429	1.072000
1568903487	1.024000
1568903608	1.072000
1568903672	1.072000
1568903730	7.091000
1568903790	7.091000
1568903846	7.091000
1568903907	1.089000
1568904029	1.071000
1568904086	1.037000
1568904147	1.037000
1568904268	1.027000
1568904326	1.037000
1568904464	1.038000
1568904507	1.066000
1568904572	22.289000
1568904631	22.289000
1568904686	22.289000
1568904746	1.054000
1568904806	1.054000
1568904866	1.036000
1568905000	1.054000
1568905046	1.065000
1568905169	1.065000
1568905226	1.043000
1568905353	1.043000
1568905412	1.043000
1568905471	1.043000
1568905529	1.170000
1568905590	1.170000
1568905647	1.170000
1568905710	1.063000
1568905829	1.060000
1568905887	1.016000
1568905947	1.016000
1568906006	1.016000
1568906066	1.016000
1568906190	1.016000
1568906250	1.030000
1568906307	11.027000
1568906427	26.444000
1568906487	26.444000
1568906546	26.444000
1568906606	1.088000
1568906666	1.084000
1568906788	1.046000
1568906846	1.084000
1568906906	1.084000
1568906967	1.084000
1568907026	1.092000
1568907156	1.092000
1568907206	1.106000
1568907327	1.422000
1568907388	1.422000
1568907447	1.026000
1568907506	1.026000
1568907566	1.001000
1568907688	1.001000
1568907746	1.026000
1568907868	1.007000
1568907927	1.034000
1568907987	1.052000
1568908106	1.335000
1568908171	1.357000
1568908230	1.357000
1568908286	1.335000
1568908346	1.118000
1568908468	1.055000
1568908526	1.040000
1568908586	1.040000
1568908646	1.022000
1568908768	1.022000
1568908835	1.036000
1568908893	1.036000
1568908948	1.021000
1568909006	1.036000
1568909068	1.036000
1568909128	1.082000
1568909186	1.082000
1568909245	1.082000
1568909306	1.039000
1568909367	1.036000
1568909425	1.036000
1568909486	1.036000
1568909546	1.041000
1568909605	1.041000
1568909666	1.041000
1568909726	1.048000
1568909863	1.017000
1568909907	1.017000
1568909971	1.329000
1568910031	1.329000
1568910086	1.031000
1568910208	1.031000
1568910266	1.010000
1568910326	1.010000
1568910448	1.010000
1568910506	0.992000
1568910567	0.977000
1568910626	0.977000
1568910762	0.977000
1568910806	0.977000
1568910871	1.000000
1568910931	1.021000
1568910987	1.021000
1568911046	1.043000
1568911167	1.043000
1568911225	1.021000
1568911286	1.010000
1568911346	1.030000
1568911405	1.030000
1568911465	1.030000
1568911587	1.072000
1568911647	1.072000
1568911706	1.414000
1568911770	1.244000
1568911827	1.244000
1568911888	1.244000
1568911945	1.244000
1568912006	1.078000
1568912127	1.052000
1568912185	1.020000
1568912246	1.010000
1568912306	0.963000
1568912365	0.963000
1568912426	0.963000
1568912560	0.941000
1568912606	1.013000
1568912730	1.025000
1568912784	1.041000
1568912846	1.041000
1568912906	1.076000
1568912966	1.076000
1568913026	1.041000
1568913086	1.076000
1568913146	1.079000
1568913206	14.983000
1568913265	14.983000
1568913387	14.983000
1568913450	1.014000
1568913506	1.014000
1568913626	1.014000
1568913687	1.074000
1568913745	1.074000
1568913868	1.074000
1568913925	1.074000
1568914053	1.042000
1568914106	1.042000
1568914165	1.027000
1568914225	1.086000
1568914379	1.020000
1568914505	1.086000
1568914622	0.984000
1568914676	1.076000
1568914799	0.995000
1568914858	0.995000
1568914918	0.977000
1568914979	0.995000
1568915038	0.995000
1568915106	0.974000
1568915162	0.984000
1568915279	1.005000
1568915339	1.025000
1568915402	7.562000
1568915462	7.562000
1568915519	7.562000
1568915578	1.041000
1568915618	1.029000
1568915666	1.029000
1568915725	1.029000
1568915846	1.009000
1568915905	0.996000
1568916026	0.996000
1568916085	0.978000
1568916148	0.978000
1568916206	0.924000
1568916270	0.924000
1568916327	0.924000
1568916386	1.016000
1568916445	1.017000
1568916505	1.017000
1568916565	1.016000
1568916625	1.016000
1568916759	1.012000
1568916805	0.992000
1568916865	1.012000
1568916925	1.020000
1568917062	0.990000
1568917106	1.055000
1568917170	1.065000
1568917230	1.065000
1568917285	1.024000
1568917345	1.036000
1568917405	1.036000
1568917539	1.024000
1568917586	1.024000
1568917645	1.019000
1568917767	0.989000
1568917829	0.989000
1568917891	0.989000
1568918006	1.019000
1568918066	1.037000
1568918128	1.052000
1568918189	1.052000
1568918245	1.052000
1568918305	1.052000
1568918365	1.046000
1568918425	1.019000
1568918547	1.019000
1568918605	1.019000
1568918665	1.019000
1568918725	1.012000
1568918785	1.012000
1568918846	1.012000
1568918905	1.043000
1568918969	1.229000
1568919029	1.229000
1568919083	1.043000
1568919145	1.047000
1568919266	1.020000
1568919325	1.020000
1568919446	0.998000
1568919505	1.015000
1568919626	1.015000
1568919685	1.037000
1568919746	1.026000
1568919804	3.922000
1568919871	3.922000
1568919928	1.253000
1568919985	1.054000
1568920118	1.054000
1568920165	1.023000
1568920224	1.022000
1568920285	1.009000
1568920345	1.009000
1568920466	1.009000
1568920524	1.050000
1568920662	1.050000
1568920705	1.059000
1568920771	1.150000
1568920830	1.150000
1568920885	1.069000
1568920944	1.069000
1568921004	1.055000
1568921127	1.055000
1568921185	1.049000
1568921244	1.049000
1568921304	1.068000
1568921364	50.062000
1568921424	50.062000
1568921484	50.062000
1568921604	1.164000
1568921668	1.073000
1568921726	1.068000
1568921783	1.022000
1568921845	1.011000
1568921905	1.011000
1568921965	1.013000
1568922024	1.013000
1568922147	1.013000
1568922205	1.013000
1568922264	1.005000
1568922324	1.005000
1568922384	1.005000
1568922504	1.016000
1568922569	1.073000
1568922626	1.390000
1568922686	1.390000
1568922744	1.390000
1568922804	1.070000
1568922864	1.033000
1568922986	1.033000
1568923044	1.070000
1568923105	30.328000
1568923164	30.328000
1568923224	30.328000
1568923361	1.035000
1568923405	1.035000
1568923530	1.034000
1568923585	1.013000
1568923644	1.013000
1568923766	1.052000
1568923829	1.052000
1568923884	1.052000
1568923944	1.052000
1568924004	1.026000
1568924065	1.026000
1568924186	1.026000
1568924305	1.010000
1568924364	1.032000
1568924424	1.032000
1568924484	1.032000
1568924606	1.014000
1568924664	1.032000
1568924730	1.014000
1568924787	1.014000
1568924844	1.014000
1568924966	1.045000
1568925024	1.004000
1568925084	1.005000
1568925145	1.028000
1568925204	1.028000
1568925267	1.028000
1568925328	1.031000
1568925383	1.051000
1568925444	1.062000
1568925504	1.062000
1568925564	1.062000
1568925623	1.100000
1568925684	1.100000
1568925744	1.036000
1568925878	1.036000
1568925924	1.036000
1568925984	1.022000
1568926104	1.022000
1568926168	1.036000
1568926227	1.022000
1568926283	1.022000
1568926344	1.476000
1568926404	1.476000
1568926538	0.991000
1568926584	0.991000
1568926717	1.010000
1568926763	0.991000
1568926886	0.991000
1568926945	1.010000
1568927004	1.023000
1568927129	1.081000
1568927183	1.081000
1568927305	1.081000
1568927363	1.084000
1568927423	1.081000
1568927484	1.039000
1568927544	1.039000
1568927603	1.031000
1568927726	1.022000
1568927784	0.990000
1568927847	0.990000
1568927904	1.016000
1568927966	1.016000
1568928028	1.016000
1568928084	1.378000
1568928145	1.378000
1568928265	1.089000
1568928323	1.059000
1568928383	1.059000
1568928506	1.047000
1568928564	1.047000
1568928623	1.047000
1568928683	1.047000
1568928804	1.047000
1568928864	1.061000
1568928924	1.102000
1568928984	1.478000
1568929044	11.132000
1568929103	11.132000
1568929238	11.132000
1568929284	1.063000
1568929344	1.061000
1568929404	1.039000
1568929464	1.024000
1568929523	1.022000
1568929583	1.024000
1568929704	1.039000
1568929772	1.052000
1568929832	1.058000
1568929887	1.058000
1568929943	1.058000
1568930003	1.043000
1568930138	1.033000
1568930184	1.033000
1568930244	1.033000
1568930310	1.033000
1568930369	1.005000
1568930426	0.995000
1568930483	0.995000
1568930545	1.000000
1568930604	1.000000
1568930668	1.014000
1568930728	1.046000
1568930786	28.433000
1568930843	28.433000
1568930904	28.433000
1568930963	1.058000
1568931085	1.056000
1568931143	1.056000
1568931203	1.056000
1568931263	1.033000
1568931323	1.023000
1568931460	1.001000
1568931503	1.001000
1568931571	1.001000
1568931630	1.006000
1568931683	1.074000
1568931743	1.074000
1568931865	1.026000
1568931923	1.026000
1568932046	1.026000
1568932103	0.979000
1568932163	1.026000
1568932223	1.051000
1568932283	1.017000
1568932403	1.051000
1568932467	1.108000
1568932525	1.129000
1568932585	1.129000
1568932643	1.129000
1568932703	1.102000
1568932825	1.076000
1568932883	1.069000
1568933006	1.050000
1568933063	1.034000
1568933123	1.040000
1568933183	1.031000
1568933244	1.031000
1568933304	1.040000
1568933366	44.812000
1568933424	54.650000
1568933485	54.650000
1568933543	54.650000
1568933602	1.098000
1568933663	1.055000
1568933723	1.021000
1568933783	1.021000
1568933905	1.021000
1568933964	1.055000
1568934023	0.998000
1568934160	1.071000
1568934204	1.075000
1568934269	1.169000
1568934326	1.169000
1568934383	1.169000
1568934443	1.024000
1568934503	1.024000
1568934562	1.024000
1568934622	1.020000
1568934683	1.054000
1568934805	1.054000
1568934863	1.020000
1568934922	1.020000
1568935059	1.083000
1568935103	1.270000
1568935169	1.270000
1568935225	12.001000
1568935283	1.270000
1568935343	1.047000
1568935403	1.026000
1568935524	1.039000
1568935582	1.039000
1568935643	1.026000
1568935764	1.039000
1568935823	1.042000
1568935883	23.561000
1568935944	23.561000
1568936003	23.561000
1568936066	1.594000
1568936126	1.136000
1568936183	1.048000
1568936242	1.057000
1568936302	1.057000
1568936425	1.048000
1568936484	1.048000
1568936543	1.031000
1568936602	1.021000
1568936662	1.021000
1568936723	1.031000
1568936782	1.073000
1568936845	1.073000
1568936904	2.133000
1568937024	2.133000
1568937084	1.073000
1568937143	1.046000
1568937276	1.052000
1568937322	1.049000
1568937445	1.046000
1568937503	1.049000
1568937563	1.052000
1568937622	1.049000
1568937683	1.018000
1568937743	1.018000
1568937802	1.018000
1568937925	1.018000
1568937983	1.023000
1568938042	1.023000
1568938102	1.040000
1568938236	1.040000
1568938283	1.044000
1568938346	1.044000
1568938465	1.063000
1568938523	1.063000
1568938582	1.063000
1568938703	1.063000
1568938766	1.063000
1568938826	1.034000
1568938883	1.087000
1568939004	1.087000
1568939062	1.040000
1568939184	1.040000
1568939243	1.087000
1568939302	1.040000
1568939362	1.040000
1568939484	1.035000
1568939603	1.035000
1568939666	1.034000
1568939722	1.035000
1568939782	1.035000
1568939842	1.034000
1568939903	1.027000
1568939961	1.027000
1568940022	1.027000
1568940144	1.027000
1568940202	1.032000
1568940266	1.052000
1568940323	1.032000
1568940459	1.027000
1568940503	1.032000
1568940568	1.052000
1568940627	1.027000
1568940682	1.017000
1568940816	1.502000
1568940862	1.017000
1568940996	1.017000
1568941042	1.043000
1568941102	1.043000
1568941162	1.043000
1568941222	1.043000
1568941346	1.024000
1568941403	1.024000
1568941467	1.063000
1568941527	1.024000
1568941581	1.069000
1568941642	1.069000
1568941702	1.069000
1568941763	1.069000
1568941884	1.087000
1568941942	1.087000
1568942002	1.087000
1568942062	1.066000
1568942122	1.060000
1568942259	1.049000
1568942302	1.049000
1568942369	1.060000
1568942426	1.088000
1568942483	1.088000
1568942541	2.145000
1568942602	9.747000
1568942724	9.747000
1568942782	1.088000
1568942842	1.088000
1568942902	1.080000
1568943024	1.065000
1568943082	1.032000
1568943143	1.032000
1568943202	1.032000
1568943323	1.065000
1568943385	1.059000
1568943446	1.059000
1568943502	1.067000
1568943562	1.059000
1568943695	1.001000
1568943741	0.984000
1568943864	0.984000
1568943922	0.984000
1568943982	0.984000
1568944043	1.020000
1568944102	1.034000
1568944164	1.038000
1568944224	1.183000
1568944282	1.504000
1568944349	1.504000
1568944402	1.504000
1568944523	1.053000
1568944581	1.039000
1568944642	1.036000
1568944763	1.032000
1568944821	1.032000
1568944881	1.023000
1568945003	1.023000
1568945067	1.102000
1568945123	1.102000
1568945181	1.023000
1568945303	0.965000
1568945366	0.965000
1568945422	0.965000
1568945543	1.036000
1568945601	1.045000
1568945661	1.045000
1568945721	1.045000
1568945783	1.045000
1568945846	1.051000
1568945902	1.051000
1568945964	1.088000
1568946026	1.051000
1568946083	1.051000
1568946141	1.025000
1568946202	1.019000
1568946261	0.980000
1568946321	0.998000
1568946381	0.998000
1568946441	1.001000
1568946563	0.999000
1568946621	1.001000
1568946745	1.001000
1568946802	1.001000
1568946927	1.026000
1568946983	1.026000
1568947041	1.017000
1568947101	1.020000
1568947161	1.017000
1568947221	1.009000
1568947281	1.009000
1568947341	1.020000
1568947463	1.037000
1568947522	1.044000
1568947581	1.044000
1568947642	1.044000
1568947701	1.092000
1568947765	20.379000
1568947822	44.854000
1568947884	44.854000
1568947942	20.379000
1568948063	1.086000
1568948121	1.022000
1568948243	1.018000
1568948301	1.018000
1568948361	1.022000
1568948421	1.018000
1568948487	1.001000
1568948556	1.001000
1568948601	1.043000
1568948664	1.668000
1568948726	1.668000
1568948782	1.668000
1568948841	1.076000
1568948901	1.032000
1568949035	1.010000
1568949081	1.010000
1568949204	1.010000
1568949260	1.010000
1568949395	1.024000
1568949502	1.024000
1568949561	1.063000
1568949620	1.063000
1568949743	1.063000
1568949801	0.997000
1568949861	0.996000
1568949921	0.996000
1568949980	0.997000
1568950041	0.997000
1568950101	1.008000
1568950167	1.015000
1568950222	1.008000
1568950281	1.008000
1568950402	1.015000
1568950465	1.015000
1568950524	1.009000
1568950581	1.029000
1568950702	1.053000
1568950760	1.052000
1568950820	1.052000
1568950881	1.052000
1568950941	1.052000
1568951000	1.052000
1568951068	1.047000
1568951183	1.009000
1568951243	1.009000
1568951301	1.034000
1568951367	1.034000
1568951426	1.038000
1568951480	1.038000
1568951545	1.038000
1568951601	1.038000
1568951722	1.018000
1568951781	1.017000
1568951903	1.017000
1568951961	1.072000
1568952021	1.017000
1568952080	1.021000
1568952201	1.123000
1568952263	1.123000
1568952326	1.075000
1568952381	1.075000
1568952441	1.075000
1568952562	1.036000
1568952622	1.036000
1568952680	0.999000
1568952741	0.999000
1568952801	0.999000
1568952861	0.993000
1568952921	0.993000
1568952980	1.015000
1568953101	1.015000
1568953165	1.025000
1568953224	1.068000
1568953280	1.068000
1568953403	1.080000
1568953461	1.068000
1568953520	1.042000
1568953581	1.042000
1568953641	1.033000
1568953763	1.033000
1568953821	1.019000
1568953881	0.989000
1568954000	0.989000
1568954067	1.067000
1568954125	1.672000
1568954182	1.672000
1568954240	1.672000
1568954301	1.040000
1568954360	1.040000
1568954420	1.040000
1568954554	1.040000
1568954600	1.045000
1568954660	1.071000
1568954782	1.045000
1568954842	1.045000
1568954900	1.071000
1568954965	1.123000
1568955024	1.123000
1568955080	1.123000
1568955202	1.038000
1568955265	1.038000
1568955321	1.010000
1568955380	1.038000
1568955502	1.038000
1568955560	1.038000
1568955620	1.038000
1568955680	1.042000
1568955743	1.048000
1568955801	1.050000
1568955865	1.077000
1568955925	1.077000
1568955980	1.077000
1568956102	1.234000
1568956160	1.234000
1568956220	3.766000
1568956280	3.766000
1568956403	3.766000
1568956460	1.056000
1568956520	1.056000
1568956580	1.056000
1568956701	1.060000
1568956767	1.060000
1568956825	1.060000
1568956879	1.049000
1568957003	1.049000
1568957061	1.049000
1568957182	1.049000
1568957240	1.070000
1568957300	1.070000
1568957360	1.067000
1568957420	1.067000
1568957480	1.067000
1568957541	1.058000
1568957600	1.058000
1568957661	1.058000
1568957721	1.039000
1568957780	1.026000
1568957841	1.039000
1568957900	1.026000
1568958022	1.026000
1568958080	1.082000
1568958140	1.082000
1568958261	1.041000
1568958320	1.055000
1568958443	1.041000
1568958500	1.041000
1568958562	1.055000
1568958623	1.055000
1568958680	1.364000
1568958741	1.395000
1568958862	1.364000
1568958920	1.088000
1568958979	1.088000
1568959039	1.054000
1568959166	1.035000
1568959220	1.038000
1568959280	1.036000
1568959341	1.036000
1568959400	1.038000
1568959465	1.095000
1568959524	1.095000
1568959580	1.221000
1568959641	1.513000
1568959699	1.221000
1568959833	1.063000
1568959880	1.043000
1568959939	1.043000
1568960000	1.043000
1568960122	1.043000
1568960180	1.049000
1568960241	1.049000
1568960300	1.049000
1568960363	1.053000
1568960421	1.053000
1568960480	1.030000
1568960602	0.963000
1568960660	0.963000
1568960720	0.963000
1568960780	1.028000
1568960840	1.028000
1568960900	1.058000
1568960959	1.028000
1568961019	1.021000
1568961156	1.021000
1568961199	1.034000
1568961325	1.021000
1568961380	1.034000
1568961514	1.034000
1568961560	1.061000
1568961619	1.057000
1568961679	1.061000
1568961802	1.061000
1568961860	1.061000
1568961920	1.057000
1568961980	1.049000
1568962041	1.011000
1568962099	1.011000
1568962163	1.011000
1568962222	44.306000
1568962281	44.306000
1568962339	44.306000
1568962399	1.079000
1568962521	1.050000
1568962579	1.038000
1568962702	1.016000
1568962760	1.016000
1568962819	1.027000
1568962879	1.027000
1568962940	1.027000
1568963000	1.041000
1568963064	1.041000
1568963123	1.041000
1568963179	1.029000
1568963239	1.061000
1568963361	1.029000
1568963419	1.029000
1568963479	1.047000
1568963539	1.047000
1568963599	1.047000
1568963721	1.047000
1568963780	1.054000
1568963849	1.032000
1568963900	1.054000
1568964023	1.032000
1568964079	1.040000
1568964201	1.038000
1568964260	1.038000
1568964319	1.038000
1568964379	1.040000
1568964439	1.038000
1568964561	1.039000
1568964619	1.039000
1568964679	1.039000
1568964801	1.039000
1568964860	1.039000
1568964920	1.702000
1568964979	1.702000
1568965039	0.987000
1568965099	0.987000
1568965159	1.056000
1568965281	0.985000
1568965339	1.018000
1568965399	1.018000
1568965459	1.006000
1568965593	1.006000
1568965641	1.018000
1568965700	1.027000
1568965761	1.423000
1568965819	1.529000
1568965879	1.423000
1568965939	1.423000
1568966073	1.067000
1568966119	1.048000
1568966180	1.029000
1568966301	1.048000
1568966359	1.048000
1568966481	1.048000
1568966540	1.057000
1568966599	1.077000
1568966661	1.121000
1568966723	1.121000
1568966778	1.091000
1568966901	1.091000
1568966959	1.070000
1568967019	1.070000
1568967142	1.070000
1568967199	1.079000
1568967265	1.079000
1568967324	1.087000
1568967378	1.087000
1568967499	1.114000
1568967562	1.045000
1568967622	1.045000
1568967679	1.041000
1568967738	1.045000
1568967799	1.043000
1568967920	1.043000
1568967978	1.043000
1568968039	1.043000
1568968099	0.941000
1568968159	0.941000
1568968219	0.941000
1568968279	0.965000
1568968400	1.037000
1568968462	1.039000
1568968522	1.039000
1568968579	1.039000
1568968639	1.062000
1568968703	1.039000
1568968833	1.031000
1568968879	1.031000
1568969014	1.041000
1568969060	1.031000
1568969181	1.031000
1568969241	1.033000
1568969299	1.033000
1568969363	1.033000
1568969423	1.033000
1568969477	1.033000
1568969539	1.030000
1568969672	1.030000
1568969718	1.030000
1568969778	1.030000
1568969840	0.990000
1568969960	1.050000
1568970018	0.968000
1568970079	0.968000
1568970199	1.024000
1568970261	1.061000
1568970320	1.068000
1568970381	1.068000
1568970439	1.042000
1568970498	1.042000
1568970559	1.042000
1568970680	1.042000
1568970738	1.045000
1568970860	1.050000
1568970918	1.073000
1568970978	1.073000
1568971042	1.050000
1568971098	1.050000
1568971161	1.033000
1568971224	1.033000
1568971279	1.049000
1568971338	1.049000
1568971399	1.049000
1568971520	1.068000
1568971586	1.049000
1568971643	1.054000
1568971699	1.054000
1568971821	1.054000
1568971878	1.044000
1568971999	1.054000
1568972061	1.064000
1568972123	1.081000
1568972182	1.064000
1568972239	1.064000
1568972298	1.056000
1568972422	1.056000
1568972479	1.056000
1568972539	1.056000
1568972660	1.018000
1568972718	1.030000
1568972778	1.018000
1568972898	1.018000
1568972961	1.018000
1568973020	1.010000
1568973078	1.010000
1568973201	1.025000
1568973258	1.025000
1568973318	1.050000
1568973378	1.052000
1568973438	1.052000
1568973498	1.052000
1568973620	1.030000
1568973678	1.030000
1568973740	1.030000
1568973798	1.066000
1568973923	1.066000
1568973978	1.066000
1568974038	1.066000
1568974184	1.075000
1568974218	1.075000
1568974278	1.075000
1568974400	1.075000
1568974459	1.103000
1568974518	1.069000
1568974578	1.063000
1568974699	1.069000
1568974762	1.103000
1568974821	1.128000
1568974880	1.128000
1568974938	1.128000
1568974998	1.376000
1568975059	10.405000
1568975119	1.070000
1568975178	1.022000
1568975312	1.083000
1568975357	1.031000
1568975418	1.027000
1568975478	1.027000
1568975539	1.031000
1568975598	1.031000
1568975662	1.046000
1568975720	1.084000
1568975777	1.084000
1568975842	1.084000
1568975898	1.084000
1568975958	1.084000
1568976017	1.073000
1568976078	1.073000
1568976212	1.073000
1568976258	1.073000
1568976318	1.063000
1568976442	1.046000
1568976498	1.063000
1568976563	1.075000
1568976623	1.056000
1568976677	1.244000
1568976812	1.244000
1568976857	1.056000
1568976917	1.056000
1568977039	1.057000
1568977098	1.057000
1568977158	1.057000
1568977217	1.061000
1568977277	1.068000
1568977398	1.068000
1568977462	1.102000
1568977523	1.102000
1568977578	1.206000
1568977638	1.206000
1568977760	0.986000
1568977818	0.986000
1568977878	1.016000
1568977938	1.016000
1568977997	1.017000
1568978120	1.042000
1568978178	1.042000
1568978241	1.058000
1568978299	1.062000
1568978361	1.079000
1568978422	1.079000
1568978478	1.079000
1568978538	1.227000
1568978598	1.073000
1568978658	1.062000
1568978717	1.012000
1568978777	1.062000
1568978900	1.002000
1568978957	1.002000
1568979018	1.002000
1568979077	1.002000
1568979198	1.002000
1568979262	1.032000
1568979322	0.991000
1568979378	0.984000
1568979438	1.059000
1568979498	1.004000
1568979561	0.993000
1568979617	0.993000
1568979677	1.004000
1568979737	1.004000
1568979797	1.011000
1568979920	1.011000
1568979978	1.011000
1568980039	1.026000
1568980097	1.026000
1568980161	1.026000
1568980222	1.627000
1568980279	42.852000
1568980337	42.852000
1568980471	42.852000
1568980518	1.060000
1568980577	1.018000
1568980637	1.018000
1568980760	1.017000
1568980817	1.018000
1568980878	1.027000
1568980938	1.046000
1568980998	1.048000
1568981066	1.081000
1568981119	17.169000
1568981177	17.169000
1568981237	17.169000
1568981359	1.117000
1568981417	1.029000
1568981477	1.018000
1568981599	1.018000
1568981657	1.013000
1568981717	1.013000
1568981777	1.034000
1568981842	1.034000
1568981898	1.034000
1568981960	1.100000
1568982022	4.722000
1568982078	4.722000
1568982137	4.722000
1568982259	1.043000
1568982316	1.011000
1568982439	1.011000
1568982497	1.029000
1568982557	1.034000
1568982617	1.029000
1568982677	1.034000
1568982798	1.034000
1568982857	1.034000
1568982918	2.523000
1568982979	2.523000
1568983037	2.523000
1568983097	1.041000
1568983219	1.016000
1568983277	1.010000
1568983338	1.010000
1568983397	1.016000
1568983519	1.024000
1568983577	1.053000
1568983639	1.053000
1568983697	1.073000
1568983761	1.247000
1568983819	1.247000
1568983876	1.247000
1568983937	1.034000
1568983999	1.013000
1568984057	1.013000
1568984117	1.013000
1568984239	1.046000
1568984298	1.046000
1568984357	1.055000
1568984479	1.046000
1568984539	1.055000
1568984597	1.070000
1568984662	1.599000
1568984720	1.599000
1568984776	1.599000
1568984837	1.066000
1568984896	1.063000
1568984957	1.059000
1568985079	1.036000
1568985137	1.036000
1568985197	1.036000
1568985318	1.051000
1568985376	1.051000
1568985496	4.044000
1568985560	4.044000
1568985619	4.044000
1568985677	1.488000
1568985736	1.081000
1568985858	1.081000
1568985917	1.076000
1568985976	1.047000
1568986036	1.075000
1568986171	1.075000
1568986218	1.075000
1568986278	1.075000
1568986339	1.075000
1568986397	1.609000
1568986461	1.385000
1568986521	1.023000
1568986577	1.023000
1568986636	1.023000
1568986697	1.023000
1568986819	1.015000
1568986877	1.015000
1568986937	1.024000
1568986996	1.033000
1568987057	1.033000
1568987178	1.061000
1568987297	1.033000
1568987356	1.035000
1568987479	1.054000
1568987537	1.054000
1568987597	1.051000
1568987718	1.054000
1568987776	1.061000
1568987840	1.061000
1568987958	1.070000
1568988017	1.072000
1568988076	1.070000
1568988196	1.072000
1568988262	1.072000
1568988320	1.050000
1568988376	1.050000
1568988436	1.062000
1568988496	1.036000
1568988630	1.036000
1568988676	1.036000
1568988798	1.036000
1568988856	1.035000
1568988916	1.035000
1568988976	1.037000
1568989040	1.062000
1568989097	1.062000
1568989161	1.070000
1568989222	1.070000
1568989276	1.064000
1568989336	1.064000
1568989396	1.051000
1568989531	1.024000
1568989577	1.024000
1568989637	1.024000
1568989758	1.024000
1568989816	0.988000
1568989940	1.027000
1568989997	1.027000
1568990060	1.027000
1568990119	1.044000
1568990176	1.044000
1568990236	1.044000
1568990370	1.044000
1568990423	1.024000
1568990480	1.024000
1568990537	1.024000
1568990596	1.026000
1568990656	1.026000
1568990716	1.026000
1568990840	1.026000
1568990897	1.050000
1568990961	1.050000
1568991020	1.050000
1568991074	1.043000
1568991137	1.043000
1568991196	1.028000
1568991256	0.993000
1568991316	0.993000
1568991438	0.993000
1568991495	1.028000
1568991556	1.028000
1568991616	1.058000
1568991675	1.051000
1568991738	1.028000
1568991796	1.051000
1568991860	1.058000
1568991920	1.051000
1568991974	1.074000
1568992037	1.074000
1568992096	1.015000
1568992155	1.015000
1568992216	1.074000
1568992350	1.015000
1568992395	1.035000
1568992456	1.035000
1568992578	1.015000
1568992640	1.013000
1568992696	1.015000
1568992820	1.015000
1568992875	1.017000
1568992935	1.017000
1568993058	1.017000
1568993116	1.017000
1568993237	1.017000
1568993296	1.020000
1568993355	1.043000
1568993415	1.043000
1568993476	1.020000
1568993597	1.020000
1568993658	1.043000
1568993719	1.046000
1568993779	1.046000
1568993836	20.004000
1568993896	48.622000
1568993959	48.622000
1568994016	1.037000
1568994137	1.048000
1568994195	1.032000
1568994256	1.032000
1568994316	1.041000
1568994375	1.041000
1568994437	1.032000
1568994495	1.041000
1568994559	1.041000
1568994617	1.044000
1568994682	1.044000
1568994800	1.044000
1568994856	1.025000
1568994977	1.012000
1568995035	1.012000
1568995158	1.025000
1568995216	1.019000
1568995275	1.044000
1568995395	1.046000
1568995461	1.053000
1568995520	1.044000
1568995575	1.160000
1568995636	3.073000
1568995696	32.459000
1568995755	32.459000
1568995815	32.459000
1568995938	1.050000
1568995996	1.036000
1568996055	1.036000
1568996116	1.026000
1568996240	1.025000
1568996295	1.026000
1568996358	1.054000
1568996420	1.063000
1568996475	1.322000
1568996598	1.322000
1568996656	1.063000
1568996715	1.058000
1568996775	1.056000
1568996836	1.054000
1568996958	1.026000
1568997016	1.038000
1568997076	1.026000
1568997137	1.022000
1568997195	1.022000
1568997321	1.004000
1568997376	0.975000
1568997497	0.950000
1568997555	0.950000
1568997678	0.950000
1568997735	0.994000
1568997795	1.024000
1568997855	1.024000
1568997988	1.024000
1568998036	0.994000
1568998095	1.024000
1568998159	1.197000
1568998222	1.197000
1568998278	2.313000
1568998335	2.313000
1568998394	1.063000
1568998517	1.048000
1568998575	1.063000
1568998635	1.052000
1568998696	1.048000
1568998754	1.048000
1568998877	1.022000
1568998937	1.004000
1568998999	1.004000
1568999120	1.021000
1568999175	1.022000
1568999235	1.066000
1568999294	1.066000
1568999355	1.054000
1568999415	1.066000
1568999475	1.054000
1568999535	1.033000
1568999657	1.036000
1568999715	1.033000
1568999775	1.033000
1568999895	1.036000
1568999957	1.054000
1569000018	1.149000
1569000076	1.149000
1569000135	1.149000
1569000195	1.099000
1569000255	1.059000
1569000314	1.034000
1569000437	1.019000
1569000495	1.034000
1569000554	1.041000
1569000614	1.041000
1569000755	1.041000
1569000796	1.047000
1569000857	1.062000
1569000919	20.932000
1569000976	20.932000
1569001034	20.932000
1569001095	1.033000
1569001155	1.031000
1569001215	1.031000
1569001337	1.033000
1569001395	1.031000
1569001456	1.025000
1569001515	1.025000
1569001639	1.016000
1569001695	1.016000
1569001760	1.025000
1569001821	1.037000
1569001874	1.037000
1569001935	1.076000
1569001995	1.054000
1569002055	1.037000
1569002176	1.029000
1569002234	1.018000
1569002357	1.018000
1569002415	1.018000
1569002552	1.055000
1569002595	2.912000
1569002658	2.912000
1569002720	2.912000
1569002774	1.215000
1569002897	1.053000
1569002955	1.009000
1569003014	1.009000
1569003076	0.999000
1569003196	1.009000
1569003254	1.009000
1569003314	1.054000
1569003453	0.999000
1569003494	1.054000
1569003559	1.373000
1569003619	1.373000
1569003673	1.073000
1569003735	1.073000
1569003794	1.073000
1569003854	1.065000
1569003914	1.031000
1569003974	1.031000
1569004034	1.028000
1569004095	1.028000
1569004154	1.036000
1569004214	1.078000
1569004278	1.078000
1569004395	1.237000
1569004458	1.237000
1569004519	1.102000
1569004574	1.088000
1569004635	1.088000
1569004694	1.088000
1569004754	1.077000
1569004814	1.037000
1569004875	1.037000
1569004996	1.011000
1569005055	0.983000
1569005114	0.958000
1569005249	0.958000
1569005294	0.958000
1569005356	1.065000
1569005419	1.065000
1569005474	1.088000
1569005534	1.065000
1569005594	1.052000
1569005654	1.041000
1569005714	1.015000
1569005849	1.015000
1569005894	1.041000
1569005954	1.061000
1569006014	1.818000
1569006151	1.818000
1569006194	2.170000
1569006318	2.170000
1569006373	1.052000
1569006434	1.050000
1569006494	1.050000
1569006554	1.050000
1569006613	1.052000
1569006675	1.014000
1569006734	1.062000
1569006862	1.062000
1569006914	1.048000
1569007040	1.014000
1569007094	1.048000
1569007158	1.047000
1569007219	1.047000
1569007273	1.047000
1569007335	1.047000
1569007394	1.043000
1569007454	1.043000
1569007514	1.020000
1569007637	1.020000
1569007695	0.995000
1569007754	0.992000
1569007815	0.992000
1569007874	0.992000
1569007937	1.003000
1569007994	1.021000
1569008059	1.054000
1569008124	1.021000
1569008173	1.021000
1569008234	1.021000
1569008355	0.982000
1569008414	0.982000
1569008535	1.021000
1569008594	1.038000
1569008654	1.038000
1569008713	1.054000
1569008773	1.054000
1569008837	1.040000
1569008894	1.040000
1569009018	1.054000
1569009074	1.073000
1569009134	1.073000
1569009194	1.073000
1569009324	1.011000
1569009380	0.999000
1569009437	0.999000
1569009493	1.005000
1569009553	1.005000
1569009676	1.003000
1569009735	1.005000
1569009794	1.042000
1569009918	1.042000
1569009972	1.042000
1569010034	1.042000
1569010094	1.063000
1569010154	1.038000
1569010214	1.020000
1569010274	0.894000
1569010334	0.894000
1569010393	0.894000
1569010453	1.014000
1569010514	1.014000
1569010650	1.014000
1569010694	1.014000
1569010758	1.014000
1569010819	0.996000
1569010873	1.080000
1569010933	1.098000
1569010994	1.080000
1569011116	1.080000
1569011174	1.098000
1569011295	1.098000
1569011354	1.063000
1569011413	1.063000
1569011473	1.063000
1569011535	1.060000
1569011594	1.063000
1569011658	1.067000
1569011718	1.067000
1569011774	1.060000
1569011833	1.051000
1569011956	1.044000
1569012014	1.044000
1569012075	1.050000
1569012134	1.044000
1569012193	1.044000
1569012253	1.050000
1569012313	1.049000
1569012450	1.009000
1569012494	1.049000
1569012619	1.057000
1569012673	1.049000
1569012795	1.070000
1569012854	4.636000
1569012913	1.070000
1569012973	1.031000
1569013033	1.081000
1569013093	1.031000
1569013153	1.031000
1569013287	1.016000
1569013335	1.016000
1569013394	1.016000
1569013460	1.094000
1569013518	1.046000
1569013574	1.046000
1569013634	1.140000
1569013758	1.046000
1569013813	1.046000
1569013874	1.044000
1569013933	0.995000
1569014055	0.995000
1569014114	0.995000
1569014173	0.995000
1569014293	1.021000
1569014358	1.054000
1569014418	1.054000
1569014473	1.684000
1569014533	5.416000
1569014654	1.684000
1569014712	1.051000
1569014773	1.045000
1569014833	1.039000
1569014893	1.039000
1569014953	1.023000
1569015075	0.989000
1569015135	0.989000
1569015193	1.023000
1569015318	1.023000
1569015373	1.152000
1569015442	1.152000
1569015493	1.152000
1569015553	1.060000
1569015612	1.060000
1569015672	1.056000
1569015733	1.056000
1569015793	1.041000
1569015853	1.002000
1569015912	0.996000
1569016036	1.002000
1569016093	1.002000
1569016217	0.996000
1569016275	0.996000
1569016333	1.006000
1569016393	0.992000
1569016453	0.992000
1569016513	1.024000
1569016636	1.024000
1569016693	1.029000
1569016753	1.033000
1569016813	1.033000
1569016948	1.033000
1569016993	1.053000
1569017117	1.583000
1569017177	1.657000
1569017232	1.657000
1569017292	1.583000
1569017415	1.006000
1569017473	1.006000
1569017532	1.006000
1569017592	1.014000
1569017653	1.014000
1569017774	1.014000
1569017835	1.024000
1569017899	1.024000
1569018016	0.995000
1569018072	1.012000
1569018195	1.024000
1569018253	1.049000
1569018313	1.049000
1569018373	1.049000
1569018432	1.049000
1569018492	1.048000
1569018615	1.045000
1569018674	1.039000
1569018734	1.036000
1569018793	1.039000
1569018857	1.039000
1569018916	1.100000
1569018976	1.100000
1569019032	1.100000
1569019155	1.038000
1569019213	1.037000
1569019273	1.037000
1569019394	1.034000
1569019452	1.038000
1569019574	1.046000
1569019639	1.046000
1569019699	1.031000
1569019760	1.046000
1569019819	1.031000
1569019873	1.014000
1569019932	1.014000
1569019992	1.022000
1569020052	1.014000
1569020174	1.022000
1569020233	1.051000
1569020294	1.022000
1569020414	1.001000
1569020473	1.001000
1569020534	0.967000
1569020593	0.967000
1569020657	0.967000
1569020717	0.970000
1569020773	0.997000
1569020832	1.056000
1569020892	1.038000
1569021015	1.029000
1569021073	1.029000
1569021133	1.029000
1569021192	1.029000
1569021253	1.027000
1569021374	1.027000
1569021433	1.062000
1569021492	37.245000
1569021556	37.245000
1569021614	46.604000
1569021675	46.604000
1569021733	1.581000
1569021792	1.021000
1569021852	1.021000
1569021912	1.021000
1569022034	1.041000
1569022093	1.041000
1569022152	1.041000
1569022212	1.041000
1569022275	1.041000
1569022393	1.063000
1569022518	1.063000
1569022573	1.063000
1569022632	1.016000
1569022692	1.016000
1569022752	1.016000
1569022812	1.016000
1569022872	1.016000
1569022932	1.016000
1569023054	0.986000
1569023113	0.962000
1569023173	0.954000
1569023293	0.962000
1569023352	0.962000
1569023412	0.989000
1569023472	0.989000
1569023532	1.004000
1569023666	1.019000
1569023712	1.004000
1569023772	0.996000
1569023832	1.034000
1569023892	0.996000
1569023952	0.996000
1569024013	0.988000
1569024076	1.049000
1569024192	1.089000
1569024256	1.262000
1569024315	1.089000
1569024371	1.089000
1569024432	1.029000
1569024491	1.017000
1569024551	1.016000
1569024686	1.016000
1569024732	1.029000
1569024792	1.062000
1569024852	1.089000
1569024911	20.888000
1569024971	20.888000
1569025049	20.888000
1569025092	1.879000
1569025157	1.304000
1569025215	1.027000
1569025272	1.027000
1569025332	1.027000
1569025392	1.022000
1569025452	1.022000
1569025512	1.006000
1569025646	1.006000
1569025696	1.001000
1569025813	1.001000
1569025871	1.001000
1569025935	1.004000
1569025992	1.004000
1569026057	1.017000
1569026116	1.023000
1569026171	1.064000
1569026293	1.064000
1569026351	1.023000
1569026474	1.022000
1569026532	1.022000
1569026591	1.022000
1569026652	0.997000
1569026774	1.041000
1569026834	1.084000
1569026892	1.084000
1569026954	1.084000
1569027016	1.084000
1569027072	1.084000
1569027132	1.063000
1569027192	1.014000
1569027252	1.014000
1569027311	1.055000
1569027436	1.055000
1569027492	1.066000
1569027551	1.066000
1569027674	1.066000
1569027733	1.022000
1569027791	1.022000
1569027917	1.015000
1569027971	1.015000
1569028093	1.015000
1569028151	1.016000
1569028220	1.015000
1569028333	0.991000
1569028391	1.004000
1569028526	1.004000
1569028571	1.004000
1569028691	1.023000
1569028753	1.034000
1569028816	1.044000
1569028874	1.044000
1569028932	1.070000
1569028991	1.070000
1569029051	1.056000
1569029111	0.980000
1569029171	0.973000
1569029293	0.973000
1569029352	0.973000
1569029411	0.996000
1569029471	1.056000
1569029533	1.056000
1569029592	1.056000
1569029655	1.056000
1569029717	1.056000
1569029772	1.035000
1569029831	1.035000
1569029892	1.027000
1569029951	1.027000
1569030012	1.035000
1569030134	1.082000
1569030191	1.082000
1569030251	1.082000
1569030311	1.036000
1569030371	1.029000
1569030434	1.017000
1569030492	1.029000
1569030558	1.029000
1569030616	1.056000
1569030671	1.056000
1569030731	1.056000
1569030796	1.040000
1569030913	1.040000
1569030971	1.040000
1569031031	1.040000
1569031091	1.040000
1569031213	1.002000
1569031271	0.977000
1569031332	0.977000
1569031391	1.002000
1569031456	1.022000
1569031516	1.076000
1569031572	1.076000
1569031632	1.076000
1569031691	1.076000
1569031813	1.042000
1569031871	1.034000
1569032017	1.042000
1569032051	1.064000
1569032111	1.064000
1569032171	1.064000
1569032235	1.064000
1569032292	1.064000
1569032357	1.102000
1569032415	1.062000
1569032470	1.062000
1569032531	1.345000
1569032653	1.062000
1569032711	1.035000
1569032771	1.035000
1569032830	1.079000
1569032953	1.067000
1569033011	1.067000
1569033071	1.067000
1569033190	1.067000
1569033256	1.065000
1569033315	1.065000
1569033370	1.070000
1569033431	1.731000
1569033490	13.349000
1569033551	13.349000
1569033610	13.349000
1569033733	1.026000
1569033791	1.026000
1569033851	1.026000
1569033911	1.060000
1569033970	1.060000
1569034032	1.064000
1569034090	1.064000
1569034156	1.082000
1569034215	1.084000
1569034272	1.084000
1569034393	1.084000
1569034451	1.072000
1569034511	1.056000
1569034571	1.056000
1569034631	1.039000
1569034691	1.039000
1569034813	1.036000
1569034871	1.002000
1569034932	1.002000
1569034991	1.006000
1569035056	1.036000
1569035118	1.281000
1569035173	1.281000
1569035232	1.281000
1569035290	0.969000
1569035351	0.969000
1569035472	0.969000
1569035531	0.996000
1569035652	0.996000
1569035711	0.998000
1569035771	0.998000
1569035891	1.021000
1569035955	1.023000
1569036015	1.042000
1569036071	1.261000
1569036131	1.261000
1569036191	1.087000
1569036251	1.068000
1569036310	1.068000
1569036371	1.068000
1569036505	1.068000
1569036551	1.061000
1569036672	1.056000
1569036731	1.055000
1569036790	1.055000
1569036861	1.055000
1569036915	32.995000
1569036970	32.995000
1569037030	32.995000
1569037090	1.036000
1569037150	1.036000
1569037273	1.036000
1569037331	1.052000
1569037391	1.052000
1569037450	1.055000
1569037572	1.052000
1569037632	1.012000
1569037692	1.012000
1569037754	1.069000
1569037813	1.578000
1569037874	1.578000
1569037930	1.578000
1569037990	1.069000
1569038112	1.006000
1569038170	1.006000
1569038292	1.006000
1569038350	1.012000
1569038410	0.996000
1569038470	1.012000
1569038590	1.033000
1569038656	1.034000
1569038715	1.065000
1569038771	1.065000
1569038830	1.065000
1569038890	1.039000
1569038950	1.000000
1569039010	1.000000
1569039070	0.999000
1569039130	0.990000
1569039190	0.990000
1569039251	0.999000
1569039310	0.999000
1569039448	0.990000
1569039490	1.034000
1569039611	1.063000
1569039671	1.092000
1569039730	1.092000
1569039790	1.092000
1569039912	1.049000
1569039971	1.024000
1569040030	1.014000
1569040089	1.014000
1569040150	1.024000
1569040210	1.027000
1569040270	1.053000
1569040334	1.053000
1569040390	2.296000
1569040515	2.296000
1569040570	1.104000
1569040630	1.076000
1569040690	1.076000
1569040750	1.031000
1569040872	1.031000
1569040930	1.031000
1569041058	1.031000
1569041114	1.031000
1569041170	0.986000
1569041231	0.986000
1569041290	1.034000
1569041355	1.034000
1569041411	1.038000
1569041469	1.038000
1569041592	1.085000
1569041650	1.038000
1569041709	1.038000
1569041770	1.024000
1569041830	1.080000
1569041889	1.024000
1569041950	1.024000
1569042072	0.999000
1569042132	0.999000
1569042189	0.999000
1569042254	1.025000
1569042314	1.060000
1569042369	1.060000
1569042431	1.060000
1569042489	1.060000
1569042549	1.037000
1569042609	1.037000
1569042670	1.043000
1569042804	1.067000
1569042849	1.067000
1569042910	17.457000
1569042969	17.457000
1569043032	17.457000
1569043090	1.386000
1569043214	1.009000
1569043268	1.009000
1569043330	1.009000
1569043390	1.028000
1569043450	1.028000
1569043510	1.030000
1569043569	1.030000
1569043632	1.047000
1569043751	1.052000
1569043809	1.030000
1569043869	1.035000
1569043932	1.052000
1569043989	1.083000
1569044054	1.035000
1569044114	1.048000
1569044169	1.057000
1569044230	1.048000
1569044289	1.034000
1569044349	1.048000
1569044409	1.048000
1569044532	1.048000
1569044590	1.068000
1569044649	1.068000
1569044771	1.110000
1569044830	1.110000
1569044889	1.110000
1569044955	1.110000
1569045014	1.110000
1569045073	1.052000
1569045129	1.052000
1569045189	1.045000
1569045250	1.022000
1569045372	1.022000
1569045430	1.022000
1569045489	13.684000
1569045549	13.684000
1569045609	13.684000
1569045746	1.094000
1569045790	1.094000
1569045855	1.094000
1569045913	1.073000
1569045969	1.049000
1569046029	1.049000
1569046090	1.049000
1569046149	1.045000
1569046216	1.045000
1569046272	1.020000
1569046391	1.020000
1569046450	1.020000
1569046509	1.060000
1569046569	1.071000
1569046632	1.071000
1569046690	1.071000
1569046755	1.079000
1569046813	1.071000
1569046868	1.045000
1569046929	1.072000
1569046990	1.045000
1569047049	1.045000
1569047172	1.072000
1569047229	1.072000
1569047351	1.056000
1569047409	1.075000
1569047469	1.075000
1569047530	1.061000
1569047589	1.075000
1569047713	1.075000
1569047769	1.069000
1569047829	1.061000
1569047889	1.069000
1569048014	1.036000
1569048070	1.029000
1569048129	1.036000
1569048189	1.036000
1569048249	1.027000
1569048309	1.027000
1569048445	0.995000
1569048489	0.995000
1569048556	0.998000
1569048615	1.060000
1569048668	1.019000
1569048791	1.075000
1569048849	1.075000
1569048909	1.093000
1569049031	1.093000
1569049089	1.093000
1569049149	1.050000
1569049209	1.049000
1569049268	1.001000
1569049389	1.001000
1569049452	1.049000
1569049513	1.049000
1569049569	1.067000
1569049630	1.753000
1569049689	1.753000
1569049749	1.067000
1569049809	1.067000
1569049930	1.071000
1569049989	1.044000
1569050111	1.039000
1569050169	1.039000
1569050232	1.039000
1569050290	1.039000
1569050354	1.039000
1569050414	1.038000
1569050472	1.014000
1569050529	1.014000
1569050589	1.014000
1569050711	1.014000
1569050768	1.051000
1569050828	1.051000
1569050951	1.051000
1569051009	0.999000
1569051069	0.999000
1569051189	0.999000
1569051253	1.015000
1569051312	1.503000
1569051368	1.967000
1569051428	11.053000
1569051550	11.053000
1569051608	11.053000
1569051668	1.065000
1569051728	1.036000
1569051850	0.991000
1569051908	0.991000
1569051969	0.991000
1569052088	1.004000
1569052153	1.014000
1569052213	1.167000
1569052270	1.167000
1569052330	1.167000
1569052450	1.070000
1569052508	1.006000
1569052630	1.006000
1569052689	1.006000
1569052748	1.070000
1569052812	1.028000
1569052868	1.085000
1569052989	1.092000
1569053054	1.095000
1569053116	1.085000
1569053171	1.085000
1569053228	0.997000
1569053288	0.997000
1569053348	0.997000
1569053470	0.997000
1569053528	1.051000
1569053588	1.058000
1569053648	1.051000
1569053770	1.041000
1569053832	1.058000
1569053888	1.066000
1569053951	1.089000
1569054012	1.089000
1569054068	1.089000
1569054190	1.071000
1569054248	1.071000
1569054370	1.042000
1569054428	1.044000
1569054488	1.046000
1569054548	1.044000
1569054608	1.044000
1569054732	1.044000
1569054788	1.046000
1569054855	1.060000
1569054911	17.764000
1569054971	17.764000
1569055028	17.764000
1569055088	1.085000
1569055148	1.073000
1569055208	1.051000
1569055330	1.017000
1569055388	1.014000
1569055449	1.014000
1569055508	1.014000
1569055644	1.024000
1569055696	1.064000
1569055756	1.064000
1569055813	1.064000
1569055869	1.070000
1569055928	1.053000
1569056050	1.045000
1569056108	1.045000
1569056168	1.043000
1569056228	1.018000
1569056288	1.018000
1569056411	1.001000
1569056468	1.043000
1569056530	1.085000
1569056588	16.972000
1569056650	16.972000
1569056711	29.331000
1569056770	29.331000
1569056828	1.246000
1569056887	1.044000
1569056947	1.037000
1569057008	1.006000
1569057068	1.006000
1569057128	1.030000
1569057250	1.030000
1569057308	1.033000
1569057367	1.037000
1569057431	1.037000
1569057488	27.097000
1569057552	27.097000
1569057608	33.571000
1569057670	27.097000
1569057728	1.394000
1569057850	1.078000
1569057908	1.058000
1569057968	1.058000
1569058090	1.058000
1569058148	1.058000
1569058214	1.057000
1569058269	1.057000
1569058330	1.057000
1569058388	1.076000
1569058453	1.510000
1569058514	1.510000
1569058568	1.510000
1569058690	1.013000
1569058748	1.013000
1569058808	1.003000
1569058868	1.013000
1569058928	1.013000
1569059050	1.003000
1569059108	0.993000
1569059168	0.993000
1569059229	0.993000
1569059288	1.010000
1569059351	1.261000
1569059412	1.261000
1569059467	1.035000
1569059589	1.068000
1569059648	1.035000
1569059708	1.000000
1569059767	1.035000
1569059828	1.059000
1569059950	1.059000
1569060008	1.091000
1569060068	1.091000
1569060187	1.396000
1569060253	1.396000
1569060312	1.315000
1569060367	1.093000
1569060428	1.093000
1569060488	1.081000
1569060547	1.046000
1569060607	1.046000
1569060667	1.046000
1569060789	1.056000
1569060848	1.102000
1569060907	16.224000
1569060967	16.224000
1569061088	16.224000
1569061149	1.920000
1569061212	1.786000
1569061268	1.078000
1569061327	1.078000
1569061450	1.068000
1569061508	1.068000
1569061568	1.065000
1569061628	1.065000
1569061749	1.075000
1569061807	1.075000
1569061867	1.014000
1569061930	1.053000
1569061988	1.053000
1569062052	1.053000
1569062112	1.084000
1569062167	1.084000
1569062227	1.084000
1569062287	1.066000
1569062409	1.027000
1569062467	1.027000
1569062536	1.005000
1569062661	1.005000
1569062708	1.021000
1569062767	1.044000
1569062887	1.021000
1569062950	1.055000
1569063012	1.063000
1569063069	1.055000
1569063127	0.986000
1569063187	1.033000
1569063247	0.986000
1569063381	0.986000
1569063428	0.971000
1569063487	1.027000
1569063551	0.971000
1569063607	0.995000
1569063667	0.995000
1569063787	1.027000
1569063852	1.045000
1569063911	1.045000
1569063967	1.065000
1569064027	1.075000
1569064087	1.065000
1569064209	1.065000
1569064267	1.075000
1569064389	1.075000
1569064447	1.040000
1569064507	1.058000
1569064567	1.040000
1569064630	1.034000
1569064687	1.034000
1569064753	1.049000
1569064813	1.049000
1569064868	1.049000
1569064990	1.049000
1569065047	1.023000
1569065107	1.023000
1569065168	1.023000
1569065290	1.023000
1569065347	1.044000
1569065406	1.044000
1569065555	1.044000
1569065587	1.044000
1569065653	1.249000
1569065712	1.249000
1569065768	1.249000
1569065827	1.095000
1569065888	1.095000
1569065947	1.052000
1569066007	1.095000
1569066128	1.052000
1569066187	1.052000
1569066309	1.037000
1569066368	1.037000
1569066428	1.032000
1569066487	1.032000
1569066551	1.037000
1569066609	1.032000
1569066666	1.071000
1569066789	1.071000
1569066847	1.071000
1569066969	1.071000
1569067027	1.089000
1569067161	1.089000
1569067207	1.089000
1569067267	1.024000
1569067387	1.024000
1569067451	1.024000
1569067511	1.079000
1569067567	1.079000
1569067689	1.087000
1569067751	1.079000
1569067807	1.079000
1569067867	1.087000
1569067927	1.087000
1569068049	1.028000
1569068107	1.099000
1569068167	1.028000
1569068287	1.028000
1569068351	1.099000
1569068412	1.099000
1569068466	1.074000
1569068527	1.081000
1569068586	1.074000
1569068709	1.050000
1569068767	1.013000
1569068827	1.005000
1569068948	1.005000
1569069007	0.972000
1569069067	0.982000
1569069187	1.005000
1569069249	1.035000
1569069312	1.048000
1569069369	1.048000
1569069426	1.061000
1569069486	1.061000
1569069546	1.018000
1569069606	1.018000
1569069666	1.061000
1569069788	1.059000
1569069846	1.059000
1569069906	1.059000
1569069967	1.059000
1569070086	1.059000
1569070149	1.061000
1569070212	1.067000
1569070268	1.069000
1569070326	1.069000
1569070386	1.069000
1569070446	1.029000
1569070506	1.029000
1569070566	1.029000
1569070626	21.380000
1569070749	21.380000
1569070807	21.380000
1569070943	1.084000
1569070987	1.084000
1569071049	1.084000
1569071111	1.084000
1569071167	1.070000
1569071226	1.130000
1569071286	1.070000
1569071346	1.023000
1569071406	1.018000
1569071466	1.023000
1569071527	1.023000
1569071586	1.064000
1569071646	1.064000
1569071706	1.064000
1569071766	1.016000
1569071830	1.015000
1569071886	1.015000
1569072012	1.016000
1569072067	1.016000
1569072126	1.029000
1569072248	1.029000
1569072307	1.029000
1569072442	1.046000
1569072487	1.069000
1569072546	27.746000
1569072668	27.746000
1569072728	27.746000
1569072787	1.434000
1569072850	1.045000
1569072914	1.045000
1569072966	1.048000
1569073026	1.082000
1569073086	1.048000
1569073208	1.068000
1569073266	1.068000
1569073326	1.067000
1569073386	1.067000
1569073446	1.068000
1569073569	1.067000
1569073629	1.067000
1569073686	2.168000
1569073754	1.563000
1569073810	1.563000
1569073868	1.563000
1569073926	1.563000
1569073986	1.086000
1569074108	1.036000
1569074166	1.025000
1569074226	1.019000
1569074286	1.025000
1569074346	1.025000
1569074406	1.027000
1569074541	1.027000
1569074586	2.193000
1569074650	2.262000
1569074712	2.193000
1569074767	1.059000
1569074826	1.059000
1569074886	1.050000
1569074946	1.050000
1569075006	1.027000
1569075128	1.035000
1569075186	1.030000
1569075246	1.035000
1569075306	1.035000
1569075373	1.035000
1569075432	1.036000
1569075486	1.042000
1569075550	2.567000
1569075608	2.567000
1569075668	2.567000
1569075726	2.567000
1569075786	1.059000
1569075908	0.981000
1569075966	0.981000
1569076088	0.981000
1569076146	0.999000
1569076206	1.020000
1569076272	1.020000
1569076328	1.020000
1569076386	1.056000
1569076509	1.056000
1569076566	1.154000
1569076626	1.154000
1569076686	1.154000
1569076746	1.002000
1569076806	1.002000
1569076929	1.002000
1569076986	1.034000
1569077046	1.034000
1569077106	1.039000
1569077166	1.039000
1569077286	1.039000
1569077352	1.039000
1569077408	6.028000
1569077467	6.028000
1569077525	6.028000
1569077648	1.041000
1569077706	1.036000
1569077766	1.023000
1569077827	1.036000
1569077886	1.036000
1569077946	1.018000
1569078006	0.997000
1569078066	0.997000
1569078193	0.997000
1569078311	1.019000
1569078366	1.066000
1569078487	1.066000
1569078546	1.066000
1569078606	1.066000
1569078666	1.063000
1569078725	1.063000
1569078786	1.083000
1569078845	1.083000
1569078967	1.039000
1569079028	1.063000
1569079086	1.063000
1569079207	1.063000
1569079266	1.243000
1569079326	1.243000
1569079448	1.243000
1569079506	1.055000
1569079627	1.031000
1569079685	1.031000
1569079746	1.031000
1569079805	1.067000
1569079943	1.067000
1569079986	1.072000
1569080111	1.072000
1569080166	1.039000
1569080226	1.039000
1569080285	1.039000
1569080407	1.039000
1569080465	1.061000
1569080525	1.061000
1569080585	1.061000
1569080646	1.061000
1569080706	1.028000
1569080841	1.028000
1569080886	1.028000
1569080947	1.028000
1569081010	1.028000
1569081065	1.262000
1569081126	1.581000
1569081259	1.262000
1569081305	1.087000
1569081427	1.087000
1569081485	1.019000
1569081546	1.006000
1569081605	1.006000
1569081734	1.009000
1569081786	1.019000
1569081848	1.049000
1569081910	1.049000
1569081965	1.009000
1569082025	0.982000
1569082147	0.982000
1569082205	0.982000
1569082328	1.028000
1569082386	1.028000
1569082445	1.042000
1569082568	1.063000
1569082628	1.042000
1569082685	1.042000
1569082811	1.063000
1569082865	1.063000
1569082925	0.973000
1569083047	0.973000
1569083106	0.973000
1569083227	0.973000
1569083286	0.979000
1569083345	1.054000
1569083405	1.054000
1569083541	1.054000
1569083585	1.062000
1569083651	1.096000
1569083709	1.096000
1569083765	1.096000
1569083825	1.053000
1569083885	1.035000
1569083945	1.035000
1569084005	1.053000
1569084065	1.090000
1569084187	1.090000
1569084245	1.090000
1569084305	1.054000
1569084365	1.054000
1569084485	1.054000
1569084548	1.055000
1569084608	1.055000
1569084665	1.106000
1569084724	1.106000
1569084784	1.106000
1569084906	1.106000
1569084964	1.106000
1569085024	1.057000
1569085147	1.057000
1569085205	1.046000
1569085265	1.022000
1569085327	1.021000
1569085385	1.021000
1569085449	1.022000
1569085509	1.022000
1569085565	1.021000
1569085624	1.016000
1569085686	1.016000
1569085810	1.016000
1569085865	1.028000
1569085924	1.048000
1569086046	1.048000
1569086105	1.048000
1569086165	1.048000
1569086285	1.029000
1569086344	1.029000
1569086404	1.029000
1569086464	1.023000
1569086525	1.029000
1569086585	1.014000
1569086645	1.014000
1569086704	1.044000
1569086827	1.044000
1569086885	1.044000
1569086945	1.046000
1569087005	1.046000
1569087065	1.046000
1569087185	1.058000
1569087248	1.059000
1569087308	1.059000
1569087365	1.058000
1569087424	1.053000
1569087485	1.019000
1569087607	1.013000
1569087665	1.013000
1569087724	1.013000
1569087784	1.027000
1569087844	1.050000
1569087966	1.051000
1569088084	1.051000
1569088148	1.074000
1569088209	1.074000
1569088264	1.074000
1569088387	1.044000
1569088445	1.044000
1569088506	1.044000
1569088565	16.746000
1569088624	16.746000
1569088684	16.746000
1569088744	1.090000
1569088804	1.046000
1569088864	1.046000
1569088984	1.055000
1569089048	1.055000
1569089108	1.055000
1569089164	1.055000
1569089303	1.048000
1569089379	1.024000
1569089466	1.023000
1569089524	1.004000
1569089646	1.004000
1569089704	1.004000
1569089789	1.018000
1569089828	1.086000
1569089884	1.098000
1569090009	1.098000
1569090064	1.098000
1569090124	1.061000
1569090184	1.050000
1569090244	1.045000
1569090304	1.050000
1569090365	1.061000
1569090497	1.073000
1569090544	1.073000
1569090604	1.073000
1569090664	1.071000
1569090744	1.071000
1569090784	1.071000
1569090850	1.071000
1569090906	2.181000
1569090964	2.181000
1569091024	2.181000
1569091084	1.056000
1569091144	1.056000
1569091266	1.056000
1569091324	1.068000
1569091384	1.068000
1569091444	1.068000
1569091504	1.066000
1569091564	1.042000
1569091684	1.037000
1569091747	1.037000
1569091808	1.042000
1569091866	1.042000
1569091925	1.038000
1569091984	1.038000
1569092044	1.032000
1569092104	1.021000
1569092164	1.021000
1569092224	1.032000
1569092346	1.032000
1569092404	1.024000
1569092464	1.024000
1569092584	1.024000
1569092648	1.024000
1569092709	1.066000
1569092763	1.066000
1569092824	1.069000
1569092883	1.069000
1569092944	1.066000
1569093065	1.069000
1569093124	1.078000
1569093245	1.084000
1569093303	1.084000
1569093363	1.090000
1569093484	1.090000
1569093547	1.090000
1569093609	1.090000
1569093664	1.090000
1569093724	1.021000
1569093784	1.015000
1569093843	1.015000
1569093903	1.021000
1569093964	1.015000
1569094024	1.037000
1569094084	1.037000
1569094217	1.037000
1569094264	1.044000
1569094384	1.104000
1569094449	1.104000
1569094508	1.104000
1569094564	1.048000
1569094686	1.048000
1569094744	1.048000
1569094804	1.020000
1569094939	1.048000
1569094984	1.072000
1569095044	36.911000
1569095166	36.911000
1569095225	36.911000
1569095284	4.951000
1569095348	1.372000
1569095409	1.113000
1569095463	1.113000
1569095585	1.073000
1569095643	1.049000
1569095704	1.034000
1569095763	1.034000
1569095823	1.023000
1569095883	1.023000
1569095943	1.023000
1569096065	1.032000
1569096126	1.032000
1569096184	1.290000
1569096247	1.290000
1569096309	1.032000
1569096364	1.082000
1569096486	1.082000
1569096544	1.028000
1569096604	1.024000
1569096664	1.028000
1569096724	1.028000
1569096784	1.028000
1569096843	1.024000
1569096903	1.025000
1569096963	1.025000
1569097083	1.025000
1569097147	1.072000
1569097206	1.088000
1569097263	1.088000
1569097385	1.088000
1569097443	1.063000
1569097504	1.054000
1569097563	1.035000
1569097686	1.035000
1569097744	1.054000
1569097803	6.787000
1569097863	6.787000
1569097925	6.787000
1569097984	2.415000
1569098046	1.907000
1569098108	1.041000
1569098163	1.067000
1569098285	1.067000
1569098343	1.067000
1569098403	1.067000
1569098463	1.067000
1569098523	1.067000
1569098583	1.076000
1569098643	1.079000
1569098709	1.103000
1569098841	1.103000
1569098883	2.040000
1569098949	1.454000
1569099013	1.103000
1569099063	1.005000
1569099123	0.989000
1569099245	0.989000
1569099303	0.989000
1569099363	1.015000
1569099423	1.032000
1569099483	1.032000
1569099543	1.038000
1569099666	1.038000
1569099725	1.038000
1569099783	1.091000
1569099847	1.157000
1569099907	1.091000
1569099962	1.126000
1569100024	1.126000
1569100084	1.071000
1569100143	0.994000
1569100203	0.998000
1569100263	0.994000
1569100323	0.994000
1569100383	0.998000
1569100443	1.008000
1569100503	1.068000
1569100563	20.302000
1569100683	20.302000
1569100748	20.302000
1569100806	3.564000
1569100862	1.716000
1569100923	1.058000
1569100983	0.972000
1569101043	0.972000
1569101177	0.991000
1569101223	0.985000
1569101282	0.991000
1569101349	1.026000
1569101465	1.036000
1569101525	1.042000
1569101583	1.044000
1569101648	1.047000
1569101708	1.047000
1569101763	1.057000
1569101885	1.057000
1569101943	1.050000
1569102065	1.042000
1569102123	1.042000
1569102182	1.042000
1569102305	0.996000
1569102363	0.996000
1569102424	0.996000
1569102483	1.040000
1569102607	0.998000
1569102662	1.040000
1569102784	1.076000
1569102842	1.076000
1569102903	1.023000
1569103049	1.064000
1569103083	1.023000
1569103205	1.023000
1569103264	1.064000
1569103384	1.064000
1569103446	19.526000
1569103507	29.843000
1569103564	19.526000
1569103623	1.054000
1569103682	1.054000
1569103743	1.054000
1569103802	1.019000
1569103863	1.019000
1569103922	1.025000
1569103982	1.031000
1569104042	1.025000
1569104102	1.031000
1569104162	1.042000
1569104283	2.609000
1569104348	2.609000
1569104406	2.609000
1569104462	1.252000
1569104522	1.086000
1569104644	1.059000
1569104702	1.001000
1569104763	1.001000
1569104822	0.997000
1569104956	0.997000
1569105002	0.997000
1569105062	1.027000
1569105182	1.075000
1569105245	1.080000
1569105305	34.731000
1569105364	34.731000
1569105423	1.075000
1569105482	1.026000
1569105542	1.026000
1569105602	1.023000
1569105724	1.023000
1569105782	1.026000
1569105908	1.023000
1569105964	1.007000
1569106083	1.007000
1569106148	1.063000
1569106204	1.277000
1569106262	1.277000
1569106384	1.277000
1569106442	1.078000
1569106502	1.055000
1569106562	1.054000
1569106622	1.054000
1569106682	1.036000
1569106742	0.978000
1569106864	0.978000
1569106923	1.036000
1569106982	2.043000
1569107048	2.043000
1569107106	2.043000
1569107162	1.140000
1569107222	1.050000
1569107282	1.047000
1569107342	1.047000
1569107401	1.047000
1569107462	1.033000
1569107584	1.047000
1569107642	1.047000
1569107702	1.047000
1569107762	1.047000
1569107883	1.074000
1569107950	2.369000
1569108004	2.776000
1569108062	2.776000
1569108122	2.369000
1569108182	1.046000
1569108242	1.038000
1569108302	1.018000
1569108362	1.007000
1569108422	1.007000
1569108482	1.000000
1569108543	1.000000
1569108665	1.014000
1569108782	1.015000
1569108847	1.020000
1569108907	1.048000
1569108962	1.062000
1569109022	1.080000
1569109082	1.062000
1569109142	1.048000
1569109202	1.056000
1569109262	1.056000
1569109322	1.044000
1569109381	1.044000
1569109442	1.056000
1569109564	1.074000
1569109682	1.083000
1569109742	1.083000
1569109864	1.083000
1569109922	1.078000
1569109982	1.051000
1569110042	1.009000
1569110164	1.009000
1569110222	1.009000
1569110282	1.009000
1569110341	1.010000
1569110463	1.010000
1569110523	1.010000
1569110583	1.056000
1569110707	1.056000
1569110763	1.066000
1569110822	1.066000
1569110881	1.066000
1569110942	1.066000
1569111002	1.059000
1569111062	1.049000
1569111122	1.049000
1569111182	1.049000
1569111242	1.042000
1569111301	1.025000
1569111361	1.024000
1569111482	1.024000
1569111547	1.042000
1569111603	1.322000
1569111663	1.322000
1569111722	1.322000
1569111781	1.055000
1569111904	1.027000
1569111961	1.027000
1569112083	1.027000
1569112141	1.020000
1569112201	1.017000
1569112261	1.019000
1569112381	1.019000
1569112445	1.019000
1569112503	1.448000
1569112564	1.448000
1569112621	1.448000
1569112681	1.060000
1569112741	1.008000
1569112802	1.008000
1569112861	1.008000
1569112922	1.008000
1569113055	1.053000
1569113102	1.053000
1569113162	1.028000
1569113282	1.053000
1569113345	1.111000
1569113406	2.376000
1569113465	2.376000
1569113522	2.376000
1569113643	1.061000
1569113702	1.061000
1569113823	1.045000
1569113882	1.060000
1569113941	1.045000
1569114001	1.043000
1569114061	1.043000
1569114181	1.060000
1569114302	1.080000
1569114364	1.080000
1569114421	1.080000
1569114543	1.089000
1569114601	1.070000
1569114735	1.058000
1569114781	1.038000
1569114842	1.028000
1569114901	1.028000
1569114961	1.028000
1569115023	1.038000
1569115081	1.048000
1569115147	1.064000
1569115204	1.341000
1569115262	39.349000
1569115321	39.349000
1569115381	39.349000
1569115441	1.053000
1569115502	1.053000
1569115561	1.053000
1569115683	1.053000
1569115741	1.053000
1569115801	1.035000
1569115949	0.998000
1569115981	0.998000
1569116111	1.035000
1569116168	1.035000
1569116221	1.038000
1569116281	1.055000
1569116341	1.055000
1569116401	1.038000
1569116461	1.038000
1569116521	1.022000
1569116581	1.022000
1569116641	1.022000
1569116763	1.038000
1569116881	1.040000
1569116946	1.111000
1569117006	1.111000
1569117060	1.111000
1569117183	1.092000
1569117241	1.026000
1569117364	1.007000
1569117421	1.016000
1569117481	1.026000
1569117541	1.026000
1569117663	1.016000
1569117781	1.026000
1569117841	1.026000
1569117901	1.026000
1569118023	1.035000
1569118081	1.062000
1569118203	1.062000
1569118261	1.065000
1569118321	1.065000
1569118443	1.076000
1569118500	1.076000
1569118561	1.089000
1569118625	1.089000
1569118681	1.089000
1569118805	1.089000
1569118861	1.798000
1569118921	2.091000
1569118980	2.091000
1569119041	2.091000
1569119163	1.010000
1569119221	1.010000
1569119343	1.010000
1569119401	1.010000
1569119525	1.013000
1569119581	1.039000
1569119644	1.056000
1569119708	1.064000
1569119767	1.072000
1569119824	1.072000
1569119880	1.064000
1569120002	1.064000
1569120060	1.056000
1569120182	1.050000
1569120240	0.987000
1569120300	1.047000
1569120437	0.987000
1569120481	0.987000
1569120605	1.035000
1569120662	1.047000
1569120721	1.035000
1569120781	1.060000
1569120903	1.051000
1569120961	1.051000
1569121020	1.002000
1569121080	1.051000
1569121202	1.002000
1569121261	1.002000
1569121381	1.005000
1569121440	1.066000
1569121500	1.066000
1569121560	1.077000
1569121621	1.079000
1569121681	4.893000
1569121802	4.893000
1569121860	4.893000
1569121920	1.072000
1569121980	1.037000
1569122040	1.037000
1569122162	1.037000
1569122224	1.001000
1569122280	1.037000
1569122404	1.057000
1569122459	1.067000
1569122520	1.419000
1569122580	1.419000
1569122640	1.067000
1569122700	1.041000
1569122760	1.041000
1569122820	1.033000
1569122880	1.033000
1569123001	1.030000
1569123059	1.036000
1569123121	1.030000
1569123180	1.036000
1569123244	1.060000
1569123304	1.060000
1569123361	0.995000
1569123421	1.076000
1569123480	0.943000
1569123540	0.943000
1569123600	0.998000
1569123660	1.019000
1569123720	1.009000
1569123842	1.019000
1569123899	1.021000
1569124037	1.019000
1569124080	1.026000
1569124146	1.068000
1569124201	1.327000
1569124263	48.219000
1569124319	48.219000
1569124380	48.219000
1569124502	1.052000
1569124561	1.035000
1569124620	1.010000
1569124741	1.010000
1569124799	1.035000
1569124924	1.035000
1569124988	1.030000
1569125045	1.036000
1569125104	1.030000
1569125160	1.030000
1569125220	1.042000
1569125279	1.042000
1569125340	1.042000
1569125462	1.042000
1569125520	1.042000
1569125580	1.009000
1569125639	1.000000
1569125762	1.000000
1569125822	1.000000
1569125881	1.000000
1569125943	1.034000
1569126002	1.386000
1569126062	1.386000
1569126119	1.386000
1569126179	1.075000
1569126240	1.027000
1569126361	1.027000
1569126420	1.042000
1569126541	1.027000
1569126599	1.040000
1569126660	1.040000
1569126721	1.040000
1569126779	1.040000
1569126845	25.127000
1569126903	25.127000
1569126959	25.127000
1569127019	1.044000
1569127080	1.044000
1569127201	1.028000
1569127259	0.995000
1569127381	1.044000
1569127439	1.071000
1569127569	1.082000
1569127682	1.082000
1569127739	1.082000
1569127799	1.057000
1569127921	1.029000
1569127979	1.008000
1569128039	1.008000
1569128161	0.975000
1569128219	0.975000
1569128279	0.991000
1569128407	1.011000
1569128462	0.991000
1569128579	1.011000
1569128641	1.033000
1569128704	1.047000
1569128763	1.033000
1569128819	1.036000
1569128879	1.049000
1569128939	1.036000
1569128999	1.036000
1569129121	1.036000
1569129179	1.025000
1569129239	1.025000
1569129298	1.038000
1569129423	1.025000
1569129479	2.133000
1569129542	2.133000
1569129600	2.133000
1569129660	1.779000
1569129719	1.779000
1569129840	1.074000
1569129899	1.068000
1569130021	1.051000
1569130079	1.051000
1569130140	0.998000
1569130199	0.952000
1569130335	0.952000
1569130378	0.952000
1569130504	1.026000
1569130558	1.082000
1569130619	1.082000
1569130679	1.044000
1569130801	1.044000
1569130859	1.044000
1569130919	1.035000
1569131042	1.035000
1569131100	1.035000
1569131159	1.022000
1569131279	1.035000
1569131343	1.274000
1569131404	1.015000
1569131459	1.018000
1569131593	1.018000
1569131639	1.013000
1569131699	1.002000
1569131759	0.970000
1569131818	0.970000
1569131878	1.002000
1569132000	1.012000
1569132058	1.053000
1569132179	1.876000
1569132244	1.160000
1569132302	1.053000
1569132359	1.053000
1569132480	1.049000
1569132538	1.044000
1569132662	0.995000
1569132719	0.984000
1569132779	1.044000
1569132900	0.985000
1569132959	0.985000
1569133079	1.009000
1569133143	1.052000
1569133204	1.021000
1569133259	1.086000
1569133318	1.086000
1569133378	1.058000
1569133501	1.058000
1569133560	1.086000
1569133619	18.628000
1569133678	18.628000
1569133801	18.628000
1569133859	1.080000
1569133920	1.080000
1569133979	1.080000
1569134043	1.133000
1569134101	1.133000
1569134158	1.133000
1569134218	1.092000
1569134340	1.041000
1569134399	1.041000
1569134459	1.092000
1569134580	1.041000
1569134638	1.025000
1569134698	1.005000
1569134758	1.005000
1569134821	1.005000
1569134880	1.053000
1569134943	1.095000
1569135002	1.095000
1569135059	1.095000
1569135118	1.057000
1569135186	1.038000
1569135242	1.000000
1569135360	1.026000
1569135418	1.038000
1569135478	1.038000
1569135600	1.026000
1569135658	1.026000
1569135778	1.057000
1569135902	1.057000
1569135959	0.972000
1569136093	1.047000
1569136138	1.070000
1569136198	1.053000
1569136259	1.050000
1569136318	1.050000
1569136378	1.050000
1569136500	1.050000
1569136559	1.034000
1569136678	1.034000
1569136743	1.034000
1569136802	1.061000
1569136858	1.061000
1569136919	1.061000
1569136979	1.021000
1569137112	0.995000
1569137158	0.995000
1569137218	0.968000
1569137340	0.995000
1569137399	1.029000
1569137458	1.043000
1569137578	1.043000
1569137701	1.130000
1569137758	2.387000
1569137818	19.459000
1569137879	41.470000
1569137938	41.470000
1569138060	41.470000
1569138118	1.063000
1569138178	1.049000
1569138238	1.041000
1569138299	1.041000
1569138358	1.008000
1569138419	1.008000
1569138478	1.008000
1569138541	1.025000
1569138601	1.387000
1569138665	1.387000
1569138723	1.387000
1569138778	1.063000
1569138900	1.063000
1569138958	1.050000
1569139018	1.050000
1569139152	1.048000
1569139197	1.048000
1569139257	1.029000
1569139321	1.031000
1569139379	1.048000
1569139443	1.080000
1569139502	1.031000
1569139558	1.031000
1569139618	1.058000
1569139678	1.058000
1569139800	1.057000
1569139858	1.057000
1569139919	1.058000
1569139978	1.067000
1569140038	1.067000
1569140098	1.067000
1569140158	1.067000
1569140221	1.063000
1569140278	1.063000
1569140403	1.063000
1569140460	1.063000
1569140517	1.103000
1569140578	1.103000
1569140711	1.054000
1569140757	1.054000
1569140879	1.068000
1569140938	1.054000
1569140997	1.054000
1569141058	1.068000
1569141178	1.068000
1569141245	1.072000
1569141298	31.514000
1569141361	31.514000
1569141417	31.514000
1569141477	1.093000
1569141599	0.999000
1569141658	0.999000
1569141717	1.065000
1569141777	0.999000
1569141837	1.021000
1569141897	1.021000
1569141958	1.004000
1569142078	1.004000
1569142144	1.021000
1569142199	10.824000
1569142259	10.824000
1569142322	10.824000
1569142378	1.070000
1569142438	1.069000
1569142497	1.065000
1569142558	1.065000
1569142680	1.049000
1569142738	1.029000
1569142798	1.028000
1569142857	1.028000
1569142978	1.029000
1569143043	1.187000
1569143102	1.187000
1569143157	1.187000
1569143279	1.160000
1569143337	1.048000
1569143397	1.045000
1569143457	1.036000
1569143517	1.026000
1569143651	1.011000
1569143697	1.011000
1569143758	1.036000
1569143822	1.011000
1569143878	1.056000
1569143998	17.473000
1569144058	17.473000
1569144117	1.053000
1569144177	1.053000
1569144237	1.050000
1569144359	0.983000
1569144417	1.050000
1569144478	1.050000
1569144602	1.050000
1569144657	1.050000
1569144777	1.068000
1569144842	1.080000
1569144902	1.050000
1569144958	0.994000
1569145018	0.995000
1569145078	0.995000
1569145137	0.995000
1569145197	1.024000
1569145257	1.024000
1569145317	1.026000
1569145377	1.024000
1569145437	1.024000
1569145562	1.043000
1569145677	1.045000
1569145738	1.231000
1569145801	1.762000
1569145858	1.231000
1569145917	1.231000
1569146039	1.097000
1569146097	1.049000
1569146157	1.048000
1569146217	1.021000
1569146277	1.021000
1569146337	1.049000
1569146459	1.068000
1569146578	1.089000
1569146637	1.089000
1569146697	1.073000
1569146757	1.072000
1569146878	1.072000
1569146936	1.069000
1569147059	1.069000
1569147117	1.069000
1569147177	1.069000
1569147237	25.826000
1569147296	25.826000
1569147434	25.826000
1569147477	1.382000
1569147541	1.260000
1569147599	1.092000
1569147656	1.061000
1569147717	1.061000
1569147777	1.019000
1569147837	1.017000
1569147897	1.017000
1569147956	1.017000
1569148092	1.010000
1569148137	0.996000
1569148197	1.010000
1569148257	1.010000
1569148377	1.016000
1569148443	1.092000
1569148500	1.092000
1569148556	1.053000
1569148617	1.053000
1569148677	1.045000
1569148736	1.036000
1569148802	1.036000
1569148918	1.036000
1569148976	1.034000
1569149037	1.021000
1569149158	1.042000
1569149218	1.009000
1569149277	1.009000
1569149342	1.042000
1569149399	1.042000
1569149457	1.012000
1569149516	1.012000
1569149576	1.012000
1569149698	1.012000
1569149757	1.072000
1569149878	1.082000
1569149936	1.082000
1569149996	1.082000
1569150056	1.025000
1569150119	1.019000
1569150177	1.019000
1569150242	1.025000
1569150435	1.008000
1569150491	1.024000
1569150598	1.024000
1569150656	1.024000
1569150778	1.024000
1569150837	1.024000
1569150896	1.008000
1569150956	1.026000
1569151077	1.057000
1569151142	1.069000
1569151199	1.069000
1569151257	1.069000
1569151316	1.024000
1569151376	1.024000
1569151498	0.996000
1569151556	1.024000
1569151616	1.024000
1569151676	1.011000
1569151798	1.011000
1569151856	1.011000
1569151917	1.011000
1569151976	1.020000
1569152041	1.036000
