time ms
1568844557	25.850000
1568844616	25.791500
1568844676	25.850000
1568844737	25.960000
1568844797	25.850000
1568844856	25.949000
1568844918	26.070000
1568844977	26.206000
1568845037	26.414000
1568845099	26.418000
1568845157	26.418000
1568845216	26.414000
1568845277	25.802000
1568845397	25.788000
1568845457	25.788000
1568845516	25.788000
1568845638	25.802000
1568845697	25.778000
1568845757	25.871000
1568845818	25.907000
1568845877	25.907000
1568845937	25.987000
1568845999	25.987000
1568846057	25.987000
1568846178	25.816000
1568846237	25.816000
1568846297	25.782000
1568846357	25.782000
1568846479	25.776000
1568846537	25.776000
1568846597	25.893000
1568846657	25.893000
1568846718	25.893000
1568846777	25.893000
1568846837	25.893000
1568846899	26.322000
1568846957	26.322000
1568847078	25.838000
1568847137	25.838000
1568847197	25.838000
1568847257	25.777000
1568847378	25.838000
1568847437	25.794000
1568847497	25.797000
1568847556	25.797000
1568847621	25.856000
1568847676	25.843000
1568847737	25.856000
1568847798	26.074000
1568847857	26.557000
1568847916	26.557000
1568847977	26.557000
1568848037	25.876000
1568848096	25.876000
1568848157	25.867000
1568848216	25.867000
1568848276	25.848000
1568848337	25.886000
1568848397	25.876000
1568848520	26.036000
1568848577	26.036000
1568848637	26.072000
1568848697	26.072000
1568848757	26.072000
1568848817	26.072000
1568848877	25.918000
1568849009	25.872000
1568849056	25.853000
1568849177	25.853000
1568849237	25.853000
1568849297	25.990000
1568849357	25.990000
1568849418	26.023000
1568849478	26.023000
1568849598	26.083000
1568849655	26.083000
1568849717	26.316000
1568849776	26.316000
1568849898	26.316000
1568849957	25.841000
1568850016	25.841000
1568850138	25.811000
1568850197	25.811000
1568850256	25.811000
1568850318	25.811000
1568850377	25.763000
1568850437	25.763000
1568850497	26.254000
1568850558	26.254000
1568850617	25.804000
1568850677	27.075000
1568850737	25.804000
1568850797	25.804000
1568850857	25.828000
1568850916	25.828000
1568851038	25.821000
1568851097	25.821000
1568851156	25.821000
1568851222	25.821000
1568851277	25.747000
1568851398	25.851000
1568851456	25.898000
1568851517	25.898000
1568851577	25.898000
1568851637	25.898000
1568851697	25.829000
1568851818	25.829000
1568851877	25.829000
1568851937	25.803000
1568851997	25.829000
1568852131	25.953000
1568852176	25.803000
1568852299	26.086000
1568852356	26.086000
1568852418	25.804000
1568852477	25.804000
1568852537	25.836000
1568852597	25.836000
1568852657	25.841000
1568852716	25.873000
1568852838	25.873000
1568852897	25.873000
1568852956	25.873000
1568853018	25.810000
1568853077	25.801000
1568853198	25.801000
1568853256	25.793000
1568853378	25.764000
1568853437	25.764000
1568853497	25.939000
1568853556	25.764000
1568853678	25.939000
1568853737	25.939000
1568853797	25.939000
1568853856	25.902000
1568853977	25.902000
1568854037	25.902000
1568854099	26.094000
1568854158	30.229000
1568854217	30.229000
1568854277	30.229000
1568854337	26.450000
1568854397	25.863000
1568854518	25.863000
1568854577	25.947000
1568854637	25.863000
1568854697	25.863000
1568854756	25.947000
1568854820	25.798000
1568854877	25.798000
1568854937	25.798000
1568854997	25.928000
1568855059	25.928000
1568855116	25.928000
1568855238	26.025000
1568855297	26.025000
1568855357	25.997000
1568855417	25.899000
1568855476	25.899000
1568855598	25.883000
1568855657	25.883000
1568855719	25.790000
1568855777	25.725000
1568855837	25.725000
1568855897	26.119000
1568855957	25.747000
1568856078	25.959000
1568856137	26.040000
1568856197	25.959000
1568856259	25.828000
1568856378	25.864000
1568856437	25.828000
1568856497	25.819000
1568856619	25.808000
1568856677	25.808000
1568856737	25.808000
1568856797	25.921000
1568856859	25.921000
1568856916	25.921000
1568857038	25.824000
1568857097	25.824000
1568857156	25.824000
1568857278	25.820000
1568857337	25.834000
1568857396	26.016000
1568857457	25.932000
1568857577	25.932000
1568857637	26.024000
1568857700	25.932000
1568857757	25.742000
1568857878	25.742000
1568857937	25.774000
1568857996	25.774000
1568858056	25.801000
1568858117	26.170000
1568858177	25.937000
1568858237	25.937000
1568858358	25.937000
1568858419	27.219000
1568858477	25.937000
1568858538	26.783000
1568858597	28.231000
1568858658	26.783000
1568858717	25.921000
1568858838	26.035000
1568858898	25.921000
1568858956	25.912000
1568859017	25.896000
1568859077	25.838000
1568859137	25.838000
1568859197	25.896000
1568859257	27.583000
1568859376	27.583000
1568859437	27.583000
1568859497	27.583000
1568859557	26.149000
1568859617	26.053000
1568859676	26.053000
1568859736	26.053000
1568859797	25.818000
1568859857	25.818000
1568859990	26.174000
1568860036	26.174000
1568860097	26.223000
1568860157	26.223000
1568860277	26.223000
1568860338	27.172000
1568860398	29.205000
1568860457	25.909000
1568860517	26.319000
1568860577	26.319000
1568860637	25.978000
1568860696	25.909000
1568860818	25.821000
1568860877	25.821000
1568860998	25.821000
1568861057	25.867000
1568861118	25.867000
1568861177	25.887000
1568861299	25.867000
1568861357	25.717000
1568861417	25.717000
1568861477	25.810000
1568861537	25.810000
1568861597	25.813000
1568861718	25.900000
1568861777	26.083000
1568861836	26.090000
1568861958	26.136000
1568862020	26.260000
1568862077	26.260000
1568862138	26.603000
1568862200	26.690000
1568862257	26.260000
1568862377	25.821000
1568862436	25.918000
1568862496	25.821000
1568862618	25.800000
1568862677	25.800000
1568862736	25.800000
1568862796	25.800000
1568862857	25.819000
1568862977	25.976000
1568863036	25.976000
1568863097	26.012000
1568863160	26.012000
1568863216	26.013000
1568863277	26.013000
1568863337	26.013000
1568863397	25.869000
1568863456	25.869000
1568863578	25.869000
1568863637	25.869000
1568863697	25.869000
1568863757	25.869000
1568863877	25.898000
1568863938	25.898000
1568863997	26.477000
1568864057	26.218000
1568864117	26.616000
1568864238	26.616000
1568864297	26.616000
1568864356	26.218000
1568864478	26.183000
1568864537	26.183000
1568864657	26.183000
1568864718	26.046000
1568864778	25.880000
1568864837	26.046000
1568864899	26.046000
1568864957	26.089000
1568865017	28.494000
1568865076	28.494000
1568865137	26.439000
1568865258	26.531000
1568865317	26.439000
1568865438	26.130000
1568865498	26.130000
1568865556	26.130000
1568865619	26.036000
1568865676	26.036000
1568865738	26.036000
1568865799	26.661000
1568865857	25.896000
1568865916	26.003000
1568865977	26.003000
1568866110	25.938000
1568866157	25.886000
1568866217	25.886000
1568866277	25.886000
1568866337	25.886000
1568866458	25.886000
1568866518	25.843000
1568866577	25.794000
1568866637	25.794000
1568866700	25.857000
1568866757	25.857000
1568866817	25.894000
1568866877	25.912000
1568866936	25.894000
1568866996	25.894000
1568867057	25.912000
1568867117	25.967000
1568867237	25.834000
1568867296	25.967000
1568867422	25.967000
1568867477	25.886000
1568867538	25.886000
1568867599	26.274000
1568867657	25.886000
1568867717	25.936000
1568867837	25.936000
1568867896	25.936000
1568868018	25.826000
1568868078	25.826000
1568868136	25.826000
1568868258	25.826000
1568868376	25.826000
1568868437	25.857000
1568868497	26.232000
1568868556	26.232000
1568868617	26.965000
1568868676	26.965000
1568868810	25.925000
1568868857	25.900000
1568868978	25.925000
1568869037	25.900000
1568869097	25.869000
1568869233	25.869000
1568869277	25.877000
1568869337	25.877000
1568869397	26.145000
1568869457	26.145000
1568869517	25.877000
1568869577	25.870000
1568869697	25.870000
1568869757	25.776000
1568869817	25.870000
1568869937	25.874000
1568869997	25.874000
1568870057	25.823000
1568870177	25.888000
1568870238	25.888000
1568870297	25.888000
1568870358	25.892000
1568870417	25.892000
1568870477	25.909000
1568870610	25.892000
1568870657	25.892000
1568870716	25.857000
1568870777	25.909000
1568870910	25.878000
1568870957	25.878000
1568871077	25.843000
1568871198	25.878000
1568871256	25.797000
1568871316	25.797000
1568871438	25.797000
1568871497	25.797000
1568871556	25.797000
1568871617	25.842000
1568871738	25.842000
1568871797	25.842000
1568871857	25.842000
1568871976	25.816000
1568872037	25.816000
1568872098	25.816000
1568872156	31.539000
1568872217	31.539000
1568872277	31.539000
1568872336	26.382000
1568872397	25.922000
1568872457	25.858000
1568872578	25.855000
1568872637	25.855000
1568872697	25.850000
1568872833	25.855000
1568872877	25.850000
1568872937	25.850000
1568872997	26.202000
1568873057	26.202000
1568873117	26.223000
1568873177	26.223000
1568873236	25.894000
1568873358	25.762000
1568873417	25.894000
1568873477	25.867000
1568873536	25.867000
1568873596	25.867000
1568873657	25.917000
1568873718	25.917000
1568873777	25.917000
1568873837	29.559000
1568873899	29.559000
1568873957	29.114000
1568874090	26.059000
1568874137	26.368000
1568874196	26.059000
1568874318	25.758000
1568874377	25.758000
1568874436	25.758000
1568874558	25.758000
1568874676	25.758000
1568874736	26.031000
1568874797	26.576000
1568874860	26.576000
1568874916	25.755000
1568874977	26.007000
1568875037	25.947000
1568875097	25.755000
1568875157	25.947000
1568875217	25.947000
1568875277	25.845000
1568875336	25.845000
1568875397	25.845000
1568875457	25.845000
1568875577	25.845000
1568875638	25.933000
1568875700	25.933000
1568875757	25.933000
1568875878	25.851000
1568875937	25.851000
1568876059	25.842000
1568876117	25.842000
1568876177	25.836000
1568876237	25.836000
1568876358	25.839000
1568876477	25.839000
1568876537	25.839000
1568876658	25.839000
1568876717	25.839000
1568876777	25.949000
1568876836	25.818000
1568876958	25.818000
1568877017	25.852000
1568877076	25.852000
1568877136	25.788000
1568877197	25.852000
1568877320	25.970000
1568877377	25.906000
1568877437	25.970000
1568877497	26.073000
1568877557	26.215000
1568877617	26.073000
1568877676	26.073000
1568877797	25.824000
1568877856	25.824000
1568877916	25.824000
1568878038	26.304000
1568878097	26.304000
1568878157	26.304000
1568878278	25.963000
1568878337	25.963000
1568878397	25.963000
1568878455	25.860000
1568878517	25.860000
1568878577	26.111000
1568878636	25.860000
1568878697	25.854000
1568878818	25.854000
1568878877	25.854000
1568878937	25.854000
1568878997	25.877000
1568879057	25.885000
1568879177	25.877000
1568879237	25.885000
1568879298	26.515000
1568879357	26.515000
1568879417	25.972000
1568879477	25.972000
1568879537	25.972000
1568879658	25.901000
1568879716	25.894000
1568879838	25.894000
1568879897	25.810000
1568879956	25.810000
1568880018	25.859000
1568880077	25.859000
1568880137	25.859000
1568880199	27.303000
1568880257	27.303000
1568880316	26.195000
1568880376	26.195000
1568880497	26.195000
1568880556	26.067000
1568880678	26.067000
1568880737	25.862000
1568880797	25.825000
1568880856	25.825000
1568880919	25.825000
1568880977	25.834000
1568881037	26.075000
1568881099	26.222000
1568881156	26.075000
1568881217	25.834000
1568881277	25.782000
1568881337	25.690000
1568881397	25.690000
1568881457	25.724000
1568881578	25.724000
1568881637	25.874000
1568881696	26.001000
1568881830	26.031000
1568881877	26.031000
1568881999	26.153000
1568882057	26.367000
1568882178	26.367000
1568882236	26.367000
1568882297	26.367000
1568882357	25.977000
1568882478	25.977000
1568882537	26.033000
1568882597	25.841000
1568882731	26.033000
1568882777	26.033000
1568882838	26.117000
1568882898	25.916000
1568882956	25.916000
1568883078	25.841000
1568883137	25.841000
1568883197	25.785000
1568883257	25.785000
1568883317	25.785000
1568883437	25.831000
1568883496	25.918000
1568883557	25.956000
1568883677	25.956000
1568883737	26.292000
1568883799	26.799000
1568883857	28.150000
1568883916	28.150000
1568883977	28.150000
1568884098	27.331000
1568884157	26.394000
1568884217	25.902000
1568884277	25.783000
1568884398	25.783000
1568884457	25.783000
1568884519	25.783000
1568884577	25.791000
1568884637	25.888000
1568884698	25.896000
1568884757	25.931000
1568884817	27.035000
1568884877	27.035000
1568884937	26.354000
1568885058	26.074000
1568885117	26.074000
1568885177	26.070000
1568885297	26.032000
1568885356	25.919000
1568885477	26.032000
1568885538	26.070000
1568885597	31.419000
1568885658	31.419000
1568885717	31.419000
1568885777	26.052000
1568885837	26.005000
1568885896	26.002000
1568886017	26.002000
1568886076	26.002000
1568886136	26.002000
1568886257	26.002000
1568886318	25.908000
1568886377	25.828000
1568886437	25.828000
1568886497	25.908000
1568886557	25.919000
1568886616	25.919000
1568886677	25.919000
1568886737	25.919000
1568886857	25.919000
1568886916	25.823000
1568887038	25.967000
1568887097	25.967000
1568887256	26.346000
1568887320	26.346000
1568887381	26.346000
1568887440	26.346000
1568887496	26.887000
1568887517	26.887000
1568887638	26.259000
1568887697	26.259000
1568887818	26.259000
1568887877	26.111000
1568887937	26.089000
1568888057	26.054000
1568888118	26.089000
1568888177	26.020000
1568888237	26.020000
1568888297	26.266000
1568888359	26.266000
1568888417	26.247000
1568888478	26.266000
1568888536	26.247000
1568888597	26.021000
1568888718	26.247000
1568888776	26.021000
1568888837	25.913000
1568888897	25.813000
1568889030	25.813000
1568889076	25.778000
1568889198	25.813000
1568889258	25.834000
1568889316	25.834000
1568889377	25.823000
1568889497	25.834000
1568889556	25.823000
1568889690	25.788000
1568889737	25.788000
1568889797	25.973000
1568889857	25.743000
1568889976	25.820000
1568890037	25.973000
1568890097	26.148000
1568890157	25.840000
1568890217	26.148000
1568890276	26.148000
1568890336	25.858000
1568890397	25.840000
1568890457	25.791000
1568890516	25.770000
1568890577	25.770000
1568890698	25.770000
1568890757	25.810000
1568890818	25.846000
1568890877	25.846000
1568890937	25.915000
1568890999	27.483000
1568891057	27.483000
1568891178	25.826000
1568891237	25.866000
1568891297	25.866000
1568891417	25.866000
1568891476	25.876000
1568891537	25.876000
1568891657	25.922000
1568891718	25.922000
1568891778	25.922000
1568891837	26.025000
1568891898	26.025000
1568891957	26.025000
1568892017	25.946000
1568892138	25.946000
1568892197	25.946000
1568892256	25.843000
1568892316	25.837000
1568892438	25.773000
1568892497	25.837000
1568892557	25.837000
1568892618	25.905000
1568892677	25.905000
1568892737	26.793000
1568892799	26.793000
1568892856	25.940000
1568892918	25.893000
1568892977	25.893000
1568893037	25.775000
1568893097	25.768000
1568893156	25.768000
1568893277	25.768000
1568893337	25.768000
1568893396	26.080000
1568893520	26.256000
1568893577	26.256000
1568893637	26.256000
1568893697	26.396000
1568893758	26.396000
1568893817	25.959000
1568893938	27.549000
1568893997	27.549000
1568894057	25.959000
1568894178	25.959000
1568894237	25.822000
1568894358	25.822000
1568894419	25.822000
1568894477	25.834000
1568894597	25.864000
1568894656	25.864000
1568894717	25.864000
1568894777	25.864000
1568894837	25.864000
1568894896	25.787000
1568895018	25.913000
1568895077	25.913000
1568895137	25.787000
1568895197	25.913000
1568895331	26.140000
1568895376	26.140000
1568895437	26.140000
1568895498	27.052000
1568895557	26.159000
1568895616	26.159000
1568895738	26.159000
1568895797	25.933000
1568895918	25.933000
1568895977	25.933000
1568896098	25.933000
1568896157	25.875000
1568896219	25.875000
1568896277	25.875000
1568896338	25.875000
1568896398	26.035000
1568896457	26.035000
1568896517	26.035000
1568896577	25.965000
1568896637	25.965000
1568896697	25.898000
1568896818	25.965000
1568896877	26.036000
1568896937	26.036000
1568896997	25.960000
1568897056	25.974000
1568897118	25.960000
1568897177	25.960000
1568897237	25.974000
1568897297	27.036000
1568897357	27.036000
1568897417	27.036000
1568897477	26.113000
1568897536	25.951000
1568897670	25.821000
1568897717	25.789000
1568897837	25.821000
1568897897	25.821000
1568897957	25.860000
1568898077	25.860000
1568898137	25.882000
1568898199	26.106000
1568898256	25.863000
1568898317	25.863000
1568898377	26.092000
1568898437	25.957000
1568898570	25.863000
1568898617	25.957000
1568898677	26.092000
1568898736	25.957000
1568898796	25.920000
1568898857	25.937000
1568898976	25.937000
1568899038	25.937000
1568899098	26.349000
1568899156	26.349000
1568899217	26.349000
1568899277	25.844000
1568899337	25.801000
1568899458	25.801000
1568899517	25.844000
1568899577	25.869000
1568899637	25.999000
1568899758	25.999000
1568899877	25.972000
1568899937	25.972000
1568899997	26.004000
1568900118	25.972000
1568900176	25.972000
1568900298	25.974000
1568900357	25.931000
1568900417	25.832000
1568900477	25.832000
1568900537	25.807000
1568900597	25.807000
1568900731	25.807000
1568900778	25.808000
1568900837	26.023000
1568900897	26.463000
1568900959	26.067000
1568901016	26.463000
1568901077	29.083000
1568901137	29.083000
1568901198	27.877000
1568901256	27.877000
1568901378	26.326000
1568901437	26.326000
1568901496	26.079000
1568901557	26.079000
1568901677	25.836000
1568901737	25.836000
1568901799	25.836000
1568901857	25.847000
1568901978	25.953000
1568902037	25.953000
1568902096	25.948000
1568902156	25.863000
1568902217	25.913000
1568902350	25.913000
1568902397	25.863000
1568902457	25.688000
1568902519	25.807000
1568902576	25.807000
1568902637	25.807000
1568902699	25.958000
1568902757	25.958000
1568902817	26.196000
1568902877	26.196000
1568902937	25.920000
1568902997	25.867000
1568903118	25.867000
1568903177	25.867000
1568903237	25.920000
1568903297	26.068000
1568903357	26.219000
1568903477	26.219000
1568903537	26.280000
1568903598	27.449000
1568903657	27.449000
1568903778	26.222000
1568903837	26.222000
1568903896	26.148000
1568904018	26.148000
1568904077	26.222000
1568904137	26.280000
1568904197	26.280000
1568904256	26.280000
1568904319	25.783000
1568904377	25.783000
1568904437	25.783000
1568904499	25.837000
1568904557	25.837000
1568904616	30.230000
1568904676	30.804000
1568904797	30.804000
1568904857	31.258000
1568904977	31.258000
1568905036	31.258000
1568905097	26.011000
1568905156	25.883000
1568905218	25.883000
1568905277	25.877000
1568905337	25.883000
1568905397	28.483000
1568905457	28.483000
1568905517	25.883000
1568905577	25.953000
1568905637	25.953000
1568905758	25.883000
1568905816	25.883000
1568905876	25.907000
1568905998	25.842000
1568906057	25.823000
1568906177	25.842000
1568906238	25.907000
1568906297	25.913000
1568906360	25.913000
1568906417	25.913000
1568906477	25.824000
1568906598	25.814000
1568906657	25.814000
1568906717	25.775000
1568906838	25.775000
1568906897	25.816000
1568907031	25.904000
1568907077	25.816000
1568907137	25.980000
1568907199	26.428000
1568907256	26.428000
1568907316	25.906000
1568907376	25.906000
1568907437	25.805000
1568907557	25.805000
1568907616	25.756000
1568907738	25.805000
1568907797	25.805000
1568907920	26.143000
1568907977	26.683000
1568908037	29.915000
1568908097	30.484000
1568908159	30.484000
1568908217	29.915000
1568908277	28.654000
1568908398	25.996000
1568908457	25.968000
1568908517	25.865000
1568908577	25.860000
1568908637	25.852000
1568908758	25.852000
1568908819	25.852000
1568908877	25.730000
1568908997	25.730000
1568909058	25.794000
1568909117	25.870000
1568909177	25.839000
1568909236	25.870000
1568909358	25.870000
1568909417	25.960000
1568909477	25.960000
1568909537	25.971000
1568909596	25.971000
1568909719	25.890000
1568909777	25.890000
1568909897	25.956000
1568909958	25.956000
1568910017	25.956000
1568910076	25.956000
1568910137	26.122000
1568910258	26.122000
1568910316	25.834000
1568910438	26.196000
1568910497	26.196000
1568910557	26.196000
1568910677	25.877000
1568910737	26.196000
1568910799	26.215000
1568910857	26.215000
1568910917	26.079000
1568911038	28.627000
1568911097	28.627000
1568911157	26.748000
1568911217	26.748000
1568911337	26.748000
1568911397	26.748000
1568911457	26.748000
1568911518	27.841000
1568911577	27.841000
1568911637	30.348000
1568911698	30.348000
1568911757	26.339000
1568911816	25.981000
1568911877	25.950000
1568911937	25.936000
1568911996	25.936000
1568912057	25.936000
1568912117	26.143000
1568912176	26.143000
1568912236	26.258000
1568912297	26.258000
1568912433	26.258000
1568912477	25.978000
1568912537	26.258000
1568912599	26.420000
1568912657	25.801000
1568912778	27.813000
1568912837	27.813000
1568912897	25.790000
1568913018	25.790000
1568913077	25.784000
1568913137	25.721000
1568913197	25.721000
1568913332	25.761000
1568913377	25.761000
1568913437	26.095000
1568913499	26.761000
1568913558	26.761000
1568913617	26.095000
1568913737	25.903000
1568913796	25.760000
1568913857	25.760000
1568913917	25.764000
1568913976	25.764000
1568914036	25.764000
1568914157	25.764000
1568914219	25.823000
1568914277	25.698000
1568914337	25.969000
1568914397	25.972000
1568914459	26.233000
1568914517	26.233000
1568914577	26.233000
1568914697	25.838000
1568914756	25.838000
1568914817	25.838000
1568914877	25.861000
1568914937	25.918000
1568914997	25.918000
1568915130	26.001000
1568915177	26.001000
1568915298	26.007000
1568915356	26.007000
1568915418	26.602000
1568915477	26.007000
1568915537	25.961000
1568915597	25.942000
1568915657	25.961000
1568915717	25.942000
1568915777	25.942000
1568915837	25.918000
1568915958	25.866000
1568916019	25.797000
1568916077	25.797000
1568916197	25.797000
1568916259	25.866000
1568916317	25.774000
1568916437	25.828000
1568916496	25.880000
1568916618	25.880000
1568916677	25.950000
1568916737	26.001000
1568916796	26.001000
1568916856	32.479000
1568916977	36.119000
1568917099	49.807000
1568917156	49.807000
1568917277	51.362000
1568917336	51.362000
1568917397	49.505000
1568917457	48.664000
1568917517	48.664000
1568917577	48.664000
1568917637	49.505000
1568917758	50.326000
1568917818	50.326000
1568917877	50.465000
1568917937	50.901000
1568917998	59.428000
1568918060	59.428000
1568918117	59.428000
1568918237	48.205000
1568918297	41.835000
1568918417	25.910000
1568918477	25.910000
1568918597	25.832000
1568918656	25.807000
1568918719	25.807000
1568918777	25.822000
1568918838	25.822000
1568918897	26.438000
1568918958	26.438000
1568919017	25.954000
1568919077	25.954000
1568919137	25.954000
1568919196	25.954000
1568919330	25.954000
1568919377	25.801000
1568919436	25.753000
1568919496	25.697000
1568919633	25.697000
1568919677	25.697000
1568919737	25.859000
1568919797	26.786000
1568919857	26.786000
1568919917	25.890000
1568919976	29.198000
1568920110	25.890000
1568920157	25.890000
1568920217	25.886000
1568920338	25.877000
1568920397	25.877000
1568920457	25.890000
1568920578	25.890000
1568920637	25.890000
1568920697	26.471000
1568920761	26.471000
1568920817	26.051000
1568920877	26.030000
1568920937	26.030000
1568920996	26.030000
1568921118	25.841000
1568921177	25.841000
1568921237	25.974000
1568921296	25.984000
1568921357	25.974000
1568921418	25.974000
1568921477	25.984000
1568921537	25.984000
1568921599	26.223000
1568921655	26.223000
1568921717	26.223000
1568921837	25.813000
1568921897	25.813000
1568922017	25.792000
1568922076	25.792000
1568922197	25.912000
1568922257	25.912000
1568922318	25.868000
1568922377	25.912000
1568922437	25.912000
1568922497	25.998000
1568922557	25.998000
1568922677	26.365000
1568922737	26.839000
1568922796	26.365000
1568922856	25.949000
1568922917	26.365000
1568923037	26.839000
1568923097	26.917000
1568923233	26.917000
1568923277	26.917000
1568923337	28.299000
1568923399	28.299000
1568923457	26.646000
1568923517	25.883000
1568923577	26.145000
1568923698	26.145000
1568923757	26.145000
1568923817	26.145000
1568923876	26.145000
1568923936	25.824000
1568923996	25.824000
1568924057	25.824000
1568924176	25.919000
1568924237	25.944000
1568924297	26.016000
1568924356	25.944000
1568924417	25.991000
1568924477	25.991000
1568924537	25.896000
1568924596	25.879000
1568924718	25.879000
1568924777	25.879000
1568924837	25.879000
1568924897	25.879000
1568924957	25.879000
1568925076	25.846000
1568925137	25.887000
1568925197	25.887000
1568925258	26.805000
1568925317	26.805000
1568925377	26.805000
1568925437	26.460000
1568925557	25.928000
1568925617	25.928000
1568925676	25.921000
1568925737	25.848000
1568925796	25.916000
1568925932	25.848000
1568925977	25.816000
1568926099	25.848000
1568926157	25.816000
1568926217	25.816000
1568926338	25.908000
1568926398	25.908000
1568926457	25.908000
1568926516	26.535000
1568926577	25.908000
1568926637	25.942000
1568926758	25.942000
1568926877	25.797000
1568926937	25.724000
1568926996	25.797000
1568927056	25.797000
1568927178	25.797000
1568927237	25.797000
1568927296	25.832000
1568927357	25.832000
1568927416	25.832000
1568927538	26.006000
1568927597	26.006000
1568927657	26.006000
1568927718	25.905000
1568927776	25.992000
1568927836	25.992000
1568927899	26.331000
1568927956	25.992000
1568928017	25.992000
1568928077	26.366000
1568928137	25.886000
1568928196	25.836000
1568928257	25.836000
1568928317	26.351000
1568928438	25.836000
1568928497	25.836000
1568928556	26.095000
1568928677	25.833000
1568928738	25.833000
1568928797	26.095000
1568928856	26.095000
1568928917	25.895000
1568928977	25.895000
1568929098	25.895000
1568929157	25.895000
1568929278	25.895000
1568929337	25.863000
1568929458	25.928000
1568929518	25.863000
1568929577	25.781000
1568929698	25.863000
1568929756	25.928000
1568929877	25.842000
1568929936	25.842000
1568929996	25.858000
1568930057	25.842000
1568930117	25.799000
1568930176	25.799000
1568930298	25.858000
1568930357	25.764000
1568930419	25.918000
1568930477	25.918000
1568930537	25.918000
1568930598	26.174000
1568930656	26.174000
1568930717	25.879000
1568930838	26.459000
1568930897	26.210000
1568930956	26.210000
1568931078	26.210000
1568931137	26.210000
1568931197	26.210000
1568931257	26.172000
1568931376	26.018000
1568931437	26.018000
1568931497	26.240000
1568931557	26.203000
1568931617	26.562000
1568931677	26.562000
1568931798	26.357000
1568931857	26.230000
1568931917	26.230000
1568931977	26.123000
1568932037	26.123000
1568932096	26.097000
1568932157	26.097000
1568932277	26.085000
1568932338	26.097000
1568932399	26.321000
1568932457	27.242000
1568932517	29.415000
1568932577	29.415000
1568932698	27.242000
1568932757	26.191000
1568932817	25.993000
1568932878	25.993000
1568932938	25.993000
1568932999	43.395000
1568933056	43.395000
1568933118	43.395000
1568933177	26.164000
1568933237	26.164000
1568933299	26.164000
1568933359	26.164000
1568933417	25.859000
1568933477	25.859000
1568933536	25.859000
1568933658	25.814000
1568933717	25.814000
1568933777	25.980000
1568933836	25.980000
1568933896	25.961000
1568934033	25.961000
1568934077	25.931000
1568934137	25.931000
1568934198	25.931000
1568934257	27.587000
1568934316	27.587000
1568934438	27.587000
1568934497	25.864000
1568934618	25.854000
1568934677	25.814000
1568934737	25.828000
1568934797	25.854000
1568934857	25.854000
1568934976	25.961000
1568935037	25.961000
1568935097	26.118000
1568935158	26.118000
1568935217	25.805000
1568935277	25.803000
1568935398	25.805000
1568935456	25.805000
1568935578	25.893000
1568935637	25.893000
1568935697	25.908000
1568935756	25.908000
1568935818	25.908000
1568935877	25.892000
1568935938	25.908000
1568935996	26.206000
1568936059	26.206000
1568936117	27.211000
1568936176	27.211000
1568936237	25.904000
1568936297	25.904000
1568936357	25.904000
1568936478	25.890000
1568936537	25.856000
1568936597	25.780000
1568936732	25.780000
1568936778	25.756000
1568936838	25.756000
1568936898	26.279000
1568936957	26.645000
1568937017	26.645000
1568937077	26.645000
1568937136	26.324000
1568937196	25.863000
1568937257	25.863000
1568937377	25.863000
1568937437	25.819000
1568937496	25.819000
1568937631	26.047000
1568937677	26.047000
1568937737	26.239000
1568937797	35.221000
1568937857	35.221000
1568937917	35.221000
1568937977	26.114000
1568938097	25.977000
1568938157	25.977000
1568938217	25.977000
1568938338	25.981000
1568938397	25.967000
1568938456	25.967000
1568938518	25.937000
1568938577	25.820000
1568938638	25.820000
1568938698	25.937000
1568938757	25.937000
1568938817	25.954000
1568938876	26.103000
1568938998	25.954000
1568939058	25.869000
1568939117	25.869000
1568939176	25.818000
1568939237	25.781000
1568939297	25.776000
1568939356	25.776000
1568939419	25.781000
1568939478	25.794000
1568939597	25.814000
1568939659	25.858000
1568939717	25.929000
1568939837	25.929000
1568939897	25.929000
1568940018	25.858000
1568940077	25.929000
1568940137	25.824000
1568940197	25.815000
1568940257	25.795000
1568940318	25.815000
1568940377	25.815000
1568940498	25.847000
1568940557	25.847000
1568940616	25.847000
1568940677	25.804000
1568940810	25.804000
1568940857	25.804000
1568940917	25.918000
1568941038	25.930000
1568941097	25.930000
1568941157	26.009000
1568941277	26.080000
1568941338	26.080000
1568941399	26.080000
1568941457	26.080000
1568941578	26.080000
1568941637	26.065000
1568941758	26.012000
1568941817	26.012000
1568941877	26.065000
1568941936	26.111000
1568942058	26.111000
1568942176	26.111000
1568942237	26.106000
1568942296	26.054000
1568942356	26.054000
1568942417	25.991000
1568942477	25.982000
1568942536	25.855000
1568942597	25.855000
1568942718	25.812000
1568942777	25.795000
1568942837	25.812000
1568942896	25.812000
1568943032	25.838000
1568943077	25.838000
1568943137	25.916000
1568943198	26.312000
1568943257	26.312000
1568943378	26.066000
1568943436	26.066000
1568943570	25.839000
1568943617	25.821000
1568943677	25.836000
1568943736	25.835000
1568943797	25.835000
1568943919	25.836000
1568943977	25.922000
1568944038	26.114000
1568944100	26.199000
1568944156	26.199000
1568944217	26.114000
1568944277	25.906000
1568944337	25.887000
1568944458	25.880000
1568944517	25.762000
1568944577	25.880000
1568944637	25.880000
1568944697	25.941000
1568944832	26.016000
1568944877	26.016000
1568944937	26.287000
1568944997	26.502000
1568945058	26.502000
1568945116	26.200000
1568945177	26.200000
1568945298	25.874000
1568945357	25.874000
1568945417	25.793000
1568945476	25.793000
1568945598	25.856000
1568945657	25.924000
1568945718	25.856000
1568945777	25.856000
1568945897	25.856000
1568945956	25.869000
1568946017	25.869000
1568946077	26.854000
1568946137	26.854000
1568946269	25.899000
1568946316	25.899000
1568946438	25.782000
1568946497	25.782000
1568946557	25.799000
1568946618	25.799000
1568946677	26.048000
1568946737	26.269000
1568946797	26.269000
1568946857	26.269000
1568946917	26.269000
1568946977	29.183000
1568947097	25.876000
1568947157	25.876000
1568947217	26.256000
1568947338	25.876000
1568947397	25.876000
1568947457	25.786000
1568947577	25.840000
1568947638	25.840000
1568947697	25.915000
1568947756	25.840000
1568947878	26.137000
1568947941	26.137000
1568947997	26.065000
1568948117	25.971000
1568948177	26.027000
1568948236	25.985000
1568948296	25.985000
1568948358	25.872000
1568948419	25.985000
1568948477	25.970000
1568948537	25.970000
1568948599	26.443000
1568948657	26.443000
1568948717	25.970000
1568948777	25.843000
1568948836	25.843000
1568948896	25.843000
1568948957	25.840000
1568949017	25.916000
1568949137	25.916000
1568949196	25.916000
1568949319	25.840000
1568949377	25.878000
1568949499	25.878000
1568949559	25.878000
1568949616	25.981000
1568949676	26.099000
1568949737	26.099000
1568949797	25.981000
1568949856	25.902000
1568949916	25.744000
1568950038	25.744000
1568950098	25.835000
1568950157	25.835000
1568950218	25.868000
1568950277	25.868000
1568950337	25.835000
1568950397	25.868000
1568950459	25.988000
1568950517	25.773000
1568950638	25.939000
1568950697	25.939000
1568950818	25.939000
1568950877	25.927000
1568950937	25.939000
1568950997	25.942000
1568951057	25.942000
1568951131	25.942000
1568951177	25.942000
1568951237	26.026000
1568951299	26.926000
1568951357	26.926000
1568951417	25.889000
1568951477	26.042000
1568951597	25.889000
1568951656	25.889000
1568951777	25.889000
1568951836	25.813000
1568951958	25.813000
1568952077	25.908000
1568952137	25.908000
1568952196	25.908000
1568952318	26.198000
1568952377	25.908000
1568952437	25.850000
1568952497	25.850000
1568952556	25.850000
1568952617	25.775000
1568952677	25.850000
1568952737	25.775000
1568952797	25.775000
1568952856	26.590000
1568952977	26.590000
1568953038	28.804000
1568953097	28.856000
1568953157	28.856000
1568953278	26.115000
1568953337	26.115000
1568953396	25.867000
1568953457	25.699000
1568953517	25.699000
1568953576	25.761000
1568953636	25.761000
1568953758	26.102000
1568953819	26.102000
1568953877	25.761000
1568953938	26.102000
1568953999	26.102000
1568954056	26.066000
1568954117	26.066000
1568954177	26.066000
1568954298	26.026000
1568954357	25.774000
1568954478	25.774000
1568954537	25.765000
1568954597	25.765000
1568954656	25.773000
1568954777	25.773000
1568954837	25.773000
1568954899	25.905000
1568954957	26.260000
1568955017	26.260000
1568955138	26.260000
1568955197	25.789000
1568955256	25.789000
1568955316	25.789000
1568955377	25.792000
1568955436	25.846000
1568955497	25.945000
1568955556	25.945000
1568955677	25.945000
1568955737	25.945000
1568955799	26.128000
1568955857	26.128000
1568955978	26.128000
1568956037	25.895000
1568956097	25.886000
1568956157	25.886000
1568956217	25.791000
1568956338	25.812000
1568956397	25.812000
1568956457	25.812000
1568956577	25.735000
1568956637	25.812000
1568956698	26.327000
1568956758	26.327000
1568956817	25.739000
1568956877	26.393000
1568956936	25.995000
1568956996	25.739000
1568957130	25.942000
1568957177	25.942000
1568957236	25.942000
1568957358	25.942000
1568957418	25.942000
1568957477	25.912000
1568957538	26.150000
1568957599	25.927000
1568957657	25.912000
1568957778	25.893000
1568957837	25.768000
1568957897	25.765000
1568957957	25.765000
1568958077	25.768000
1568958137	25.863000
1568958197	25.886000
1568958256	25.886000
1568958319	25.863000
1568958377	25.813000
1568958438	25.813000
1568958499	25.813000
1568958557	25.813000
1568958678	25.728000
1568958737	25.761000
1568958797	25.761000
1568958857	25.691000
1568958978	25.733000
1568959037	25.761000
1568959097	25.891000
1568959157	25.902000
1568959277	25.941000
1568959338	26.155000
1568959400	26.155000
1568959456	26.155000
1568959577	25.902000
1568959637	25.889000
1568959758	25.858000
1568959817	25.889000
1568959877	25.902000
1568959936	26.005000
1568959997	26.005000
1568960057	26.080000
1568960118	26.005000
1568960177	25.852000
1568960237	25.852000
1568960297	25.795000
1568960357	25.795000
1568960417	25.795000
1568960477	25.795000
1568960598	25.795000
1568960657	25.924000
1568960717	26.033000
1568960837	26.033000
1568960897	26.033000
1568961019	25.949000
1568961076	25.949000
1568961137	25.949000
1568961199	26.001000
1568961257	26.001000
1568961317	26.011000
1568961438	26.011000
1568961497	25.851000
1568961556	25.851000
1568961616	25.865000
1568961738	25.837000
1568961797	25.865000
1568961857	26.144000
1568961918	26.144000
1568961977	25.824000
1568962037	26.144000
1568962099	25.824000
1568962157	25.824000
1568962217	26.024000
1568962277	26.024000
1568962410	25.751000
1568962457	25.835000
1568962517	25.834000
1568962577	25.834000
1568962698	25.835000
1568962757	26.084000
1568962818	26.156000
1568962877	26.156000
1568962937	26.772000
1568962998	26.772000
1568963056	26.036000
1568963178	26.036000
1568963237	26.036000
1568963297	25.946000
1568963357	25.905000
1568963417	25.905000
1568963476	25.832000
1568963536	25.905000
1568963596	25.905000
1568963731	25.982000
1568963776	25.802000
1568963899	26.013000
1568963957	25.803000
1568964078	25.834000
1568964137	25.803000
1568964197	25.834000
1568964256	25.803000
1568964378	25.727000
1568964437	25.727000
1568964497	25.737000
1568964557	25.737000
1568964618	25.864000
1568964677	25.864000
1568964737	25.864000
1568964797	26.194000
1568964858	26.194000
1568964917	26.031000
1568964977	26.031000
1568965097	25.959000
1568965157	25.957000
1568965278	25.957000
1568965337	25.957000
1568965397	25.957000
1568965457	25.824000
1568965518	25.824000
1568965577	25.821000
1568965638	25.824000
1568965698	25.904000
1568965757	26.036000
1568965817	26.036000
1568965938	26.036000
1568965997	25.846000
1568966057	25.846000
1568966116	25.846000
1568966176	25.846000
1568966298	25.844000
1568966357	25.922000
1568966418	25.996000
1568966477	25.996000
1568966598	27.911000
1568966656	27.911000
1568966778	27.911000
1568966838	25.891000
1568966897	25.891000
1568966956	25.792000
1568967016	25.891000
1568967138	25.892000
1568967197	25.943000
1568967256	25.943000
1568967378	26.045000
1568967437	25.943000
1568967497	25.943000
1568967557	26.171000
1568967617	26.438000
1568967677	26.767000
1568967737	26.767000
1568967858	26.438000
1568967917	25.994000
1568967977	25.964000
1568968036	25.731000
1568968170	25.731000
1568968218	25.964000
1568968278	26.231000
1568968337	27.900000
1568968397	27.900000
1568968457	27.900000
1568968517	26.668000
1568968638	26.203000
1568968696	26.139000
1568968757	26.100000
1568968878	26.100000
1568968937	26.021000
1568969057	26.100000
1568969118	25.983000
1568969177	26.016000
1568969237	26.016000
1568969298	26.221000
1568969356	26.016000
1568969478	26.016000
1568969537	25.844000
1568969596	25.844000
1568969719	25.844000
1568969777	25.828000
1568969836	25.820000
1568969897	26.215000
1568969956	25.833000
1568970077	25.833000
1568970138	26.153000
1568970199	27.257000
1568970257	26.153000
1568970316	26.153000
1568970377	26.468000
1568970497	26.084000
1568970556	26.045000
1568970617	26.045000
1568970677	26.084000
1568970737	26.084000
1568970796	26.045000
1568970857	26.092000
1568970977	26.417000
1568971038	26.578000
1568971098	26.643000
1568971157	26.643000
1568971216	26.643000
1568971281	26.452000
1568971410	26.298000
1568971457	26.233000
1568971578	26.233000
1568971637	26.452000
1568971758	26.054000
1568971819	26.054000
1568971877	26.387000
1568971937	26.387000
1568971999	26.387000
1568972055	26.387000
1568972117	26.734000
1568972249	26.734000
1568972296	26.734000
1568972356	26.424000
1568972417	26.734000
1568972537	26.424000
1568972596	26.424000
1568972657	25.830000
1568972778	25.830000
1568972837	25.820000
1568972898	25.830000
1568972960	26.474000
1568973017	26.474000
1568973076	26.028000
1568973137	26.028000
1568973257	25.915000
1568973316	25.787000
1568973438	25.726000
1568973497	25.787000
1568973557	25.787000
1568973620	26.182000
1568973677	26.182000
1568973737	26.330000
1568973799	26.330000
1568973856	26.330000
1568973917	26.252000
1568973977	26.252000
1568974097	25.836000
1568974157	25.836000
1568974218	25.836000
1568974277	27.455000
1568974398	27.455000
1568974457	27.455000
1568974577	26.100000
1568974637	25.945000
1568974698	25.945000
1568974761	25.945000
1568974817	25.886000
1568974877	25.803000
1568974998	25.803000
1568975057	25.803000
1568975117	25.803000
1568975238	25.846000
1568975297	25.864000
1568975357	25.860000
1568975476	25.896000
1568975537	25.897000
1568975597	25.897000
1568975657	25.957000
1568975779	25.957000
1568975837	25.957000
1568975897	25.957000
1568975957	26.410000
1568976017	26.410000
1568976076	26.410000
1568976198	26.410000
1568976257	26.191000
1568976318	25.860000
1568976377	25.860000
1568976499	26.103000
1568976556	26.103000
1568976617	26.103000
1568976750	27.232000
1568976797	27.232000
1568976857	26.756000
1568976978	26.453000
1568977038	26.453000
1568977097	26.095000
1568977157	26.079000
1568977277	26.079000
1568977337	26.079000
1568977397	26.095000
1568977459	26.095000
1568977517	26.095000
1568977576	26.081000
1568977636	25.996000
1568977697	25.875000
1568977757	25.855000
1568977878	25.801000
1568977936	25.801000
1568977997	25.855000
1568978057	25.855000
1568978118	25.855000
1568978177	25.879000
1568978237	25.879000
1568978298	26.125000
1568978356	26.125000
1568978421	26.125000
1568978477	25.825000
1568978537	25.825000
1568978597	25.825000
1568978657	25.860000
1568978778	25.959000
1568978837	25.959000
1568978897	25.910000
1568979020	25.910000
1568979077	25.910000
1568979137	25.910000
1568979199	25.962000
1568979256	26.278000
1568979391	28.564000
1568979437	32.513000
1568979497	28.564000
1568979618	26.278000
1568979677	26.067000
1568979737	25.897000
1568979796	25.890000
1568979856	25.890000
1568979977	25.868000
1568980038	25.868000
1568980099	26.142000
1568980156	26.142000
1568980217	25.898000
1568980338	26.246000
1568980397	26.246000
1568980457	25.898000
1568980517	25.898000
1568980577	25.920000
1568980698	25.920000
1568980757	25.863000
1568980819	25.904000
1568980877	25.904000
1568980938	25.904000
1568980999	25.863000
1568981057	25.860000
1568981118	25.860000
1568981177	25.872000
1568981237	25.872000
1568981297	25.872000
1568981357	25.926000
1568981478	25.973000
1568981537	25.991000
1568981597	25.991000
1568981656	25.991000
1568981777	25.991000
1568981837	26.267000
1568981898	27.065000
1568981956	26.159000
1568982017	26.159000
1568982077	26.159000
1568982141	26.159000
1568982196	25.981000
1568982256	25.887000
1568982316	25.872000
1568982377	25.981000
1568982498	25.869000
1568982557	25.842000
1568982619	25.794000
1568982677	25.778000
1568982737	25.778000
1568982798	25.778000
1568982858	25.778000
1568982917	25.773000
1568983038	25.774000
1568983097	25.774000
1568983157	25.774000
1568983217	25.855000
1568983338	25.967000
1568983397	25.967000
1568983457	25.863000
1568983518	26.138000
1568983578	26.016000
1568983637	26.016000
1568983697	26.105000
1568983756	26.105000
1568983817	26.105000
1568983938	26.109000
1568983997	26.105000
1568984056	25.942000
1568984178	26.109000
1568984237	25.983000
1568984296	25.942000
1568984356	25.942000
1568984420	25.983000
1568984477	25.812000
1568984537	25.812000
1568984597	26.081000
1568984658	26.081000
1568984717	25.793000
1568984837	25.899000
1568984896	25.827000
1568985018	25.827000
1568985077	25.869000
1568985137	25.899000
1568985196	25.869000
1568985257	25.869000
1568985377	25.800000
1568985437	25.800000
1568985498	25.800000
1568985558	25.816000
1568985616	25.816000
1568985677	25.871000
1568985798	25.847000
1568985857	25.847000
1568985917	25.843000
1568985977	25.843000
1568986098	25.837000
1568986157	25.837000
1568986219	25.809000
1568986277	25.798000
1568986337	25.798000
1568986397	25.987000
1568986456	26.386000
1568986517	26.386000
1568986579	26.386000
1568986637	25.998000
1568986697	25.998000
1568986818	25.998000
1568986877	25.998000
1568986937	25.998000
1568987058	26.005000
1568987118	25.904000
1568987177	25.863000
1568987237	25.904000
1568987299	25.921000
1568987356	25.890000
1568987417	25.890000
1568987476	25.921000
1568987537	25.890000
1568987658	25.857000
1568987717	25.850000
1568987777	25.857000
1568987897	25.833000
1568987956	25.762000
1568988077	25.833000
1568988137	26.193000
1568988198	26.430000
1568988257	26.430000
1568988316	26.430000
1568988438	25.978000
1568988497	25.971000
1568988556	25.821000
1568988616	25.961000
1568988738	25.961000
1568988797	25.838000
1568988857	25.838000
1568988919	25.838000
1568988977	25.835000
1568989037	25.838000
1568989099	25.974000
1568989157	25.815000
1568989217	25.905000
1568989277	25.905000
1568989398	25.844000
1568989457	25.844000
1568989517	25.844000
1568989577	25.771000
1568989637	25.771000
1568989758	25.774000
1568989877	25.774000
1568989937	25.835000
1568990058	25.835000
1568990117	25.907000
1568990177	25.912000
1568990298	25.912000
1568990357	25.841000
1568990416	25.975000
1568990538	25.841000
1568990597	25.817000
1568990656	25.817000
1568990777	25.915000
1568990838	25.915000
1568990899	26.040000
1568990957	26.040000
1568991016	26.163000
1568991077	26.163000
1568991197	25.753000
1568991256	25.753000
1568991378	25.988000
1568991437	25.988000
1568991497	25.988000
1568991556	25.988000
1568991620	25.962000
1568991677	25.930000
1568991738	25.930000
1568991799	25.962000
1568991857	25.930000
1568991916	25.839000
1568991977	25.871000
1568992110	25.839000
1568992157	25.839000
1568992217	25.839000
1568992338	25.797000
1568992397	25.797000
1568992520	25.865000
1568992577	25.797000
1568992637	25.865000
1568992697	26.259000
1568992756	25.948000
1568992817	25.948000
1568992938	25.948000
1568992997	25.948000
1568993057	25.948000
1568993117	25.991000
1568993177	26.239000
1568993237	26.239000
1568993297	25.991000
1568993420	25.991000
1568993477	25.931000
1568993537	25.931000
1568993599	26.157000
1568993655	26.157000
1568993718	26.020000
1568993777	26.020000
1568993836	26.020000
1568993897	26.020000
1568994018	26.032000
1568994076	26.035000
1568994137	26.035000
1568994197	26.035000
1568994256	25.818000
1568994319	25.818000
1568994377	25.777000
1568994437	25.777000
1568994499	26.204000
1568994555	26.204000
1568994617	26.013000
1568994677	26.020000
1568994736	26.013000
1568994797	25.791000
1568994930	25.791000
1568994977	25.791000
1568995037	25.791000
1568995158	26.314000
1568995219	26.314000
1568995277	26.314000
1568995398	26.318000
1568995456	26.298000
1568995517	26.112000
1568995638	26.112000
1568995697	27.331000
1568995818	25.994000
1568995877	25.994000
1568995936	25.932000
1568995996	25.932000
1568996057	25.932000
1568996178	25.932000
1568996237	25.938000
1568996297	26.004000
1568996360	26.004000
1568996417	25.913000
1568996477	25.758000
1568996537	25.758000
1568996597	25.758000
1568996717	25.763000
1568996776	25.806000
1568996837	26.074000
1568996897	26.074000
1568996957	25.806000
1568997018	25.806000
1568997077	26.074000
1568997137	26.411000
1568997197	25.920000
1568997256	26.213000
1568997378	29.501000
1568997437	30.585000
1568997558	26.213000
1568997616	26.213000
1568997738	25.991000
1568997797	25.870000
1568997857	25.870000
1568997977	25.991000
1568998038	26.040000
1568998098	26.076000
1568998157	26.076000
1568998217	26.202000
1568998277	26.076000
1568998337	25.980000
1568998397	25.976000
1568998518	25.976000
1568998577	25.801000
1568998637	25.791000
1568998697	25.848000
1568998820	25.848000
1568998877	25.799000
1568998937	25.848000
1568999000	25.848000
1568999057	26.900000
1568999178	26.900000
1568999237	26.900000
1568999297	26.273000
1568999357	26.273000
1568999417	25.815000
1568999538	25.815000
1568999597	25.815000
1568999657	25.886000
1568999718	25.886000
1568999777	25.886000
1568999899	25.886000
1568999957	25.886000
1569000077	26.014000
1569000137	26.014000
1569000259	26.022000
1569000317	26.014000
1569000376	25.902000
1569000437	25.867000
1569000557	25.862000
1569000618	25.862000
1569000677	25.867000
1569000737	25.917000
1569000799	25.960000
1569000859	25.960000
1569000917	27.996000
1569000976	27.996000
1569001098	26.421000
1569001157	26.016000
1569001216	26.016000
1569001277	25.942000
1569001336	25.895000
1569001458	25.895000
1569001518	25.895000
1569001577	25.895000
1569001699	25.946000
1569001757	26.128000
1569001817	25.946000
1569001876	25.962000
1569001937	25.962000
1569001997	25.962000
1569002056	25.808000
1569002116	25.831000
1569002238	25.827000
1569002297	25.831000
1569002357	25.831000
1569002477	25.831000
1569002537	25.835000
1569002597	26.011000
1569002658	25.905000
1569002717	25.905000
1569002777	25.966000
1569002837	25.905000
1569002896	25.762000
1569003018	25.762000
1569003077	25.769000
1569003137	25.749000
1569003196	25.721000
1569003331	25.769000
1569003377	25.721000
1569003437	25.721000
1569003497	26.285000
1569003558	26.285000
1569003616	25.838000
1569003677	26.018000
1569003737	25.838000
1569003796	25.838000
1569003919	26.018000
1569003977	26.018000
1569004037	26.311000
1569004097	26.311000
1569004220	26.421000
1569004277	26.421000
1569004338	27.390000
1569004399	28.498000
1569004456	28.498000
1569004517	27.390000
1569004577	26.598000
1569004637	26.264000
1569004758	25.920000
1569004816	25.905000
1569004938	25.916000
1569004997	25.790000
1569005132	25.790000
1569005177	25.916000
1569005237	27.760000
1569005299	28.613000
1569005356	28.613000
1569005478	28.613000
1569005537	25.845000
1569005597	25.822000
1569005658	25.822000
1569005777	25.822000
1569005836	25.821000
1569005897	25.809000
1569006034	26.026000
1569006077	25.809000
1569006137	25.809000
1569006199	26.267000
1569006255	26.267000
1569006317	26.007000
1569006377	26.007000
1569006437	25.764000
1569006496	25.764000
1569006556	25.764000
1569006616	25.763000
1569006677	25.763000
1569006737	25.814000
1569006797	25.814000
1569006856	25.814000
1569006977	25.814000
1569007038	25.914000
1569007099	30.013000
1569007156	25.914000
1569007217	25.839000
1569007277	25.839000
1569007337	25.839000
1569007397	25.839000
1569007457	25.814000
1569007578	25.814000
1569007637	25.869000
1569007696	25.869000
1569007830	25.906000
1569007877	25.991000
1569007937	26.129000
1569008001	26.129000
1569008057	25.991000
1569008117	25.973000
1569008177	25.919000
1569008237	25.826000
1569008297	25.826000
1569008431	25.826000
1569008477	25.826000
1569008536	25.810000
1569008597	25.788000
1569008732	25.854000
1569008777	25.854000
1569008898	25.871000
1569008956	25.871000
1569009017	25.952000
1569009077	25.952000
1569009136	25.952000
1569009196	25.947000
1569009257	25.952000
1569009317	25.997000
1569009437	25.997000
1569009496	26.049000
1569009622	26.384000
1569009677	26.384000
1569009737	27.795000
1569009799	28.880000
1569009856	26.384000
1569009917	25.837000
1569009976	25.807000
1569010036	25.807000
1569010097	25.807000
1569010218	25.813000
1569010277	25.813000
1569010336	25.930000
1569010397	25.930000
1569010457	25.813000
1569010519	25.984000
1569010577	25.984000
1569010638	25.984000
1569010699	26.046000
1569010755	26.046000
1569010817	25.980000
1569010937	25.980000
1569010997	25.845000
1569011117	25.845000
1569011176	25.785000
1569011237	25.785000
1569011297	25.898000
1569011356	25.963000
1569011419	25.963000
1569011477	25.963000
1569011597	25.976000
1569011657	26.512000
1569011717	26.512000
1569011777	25.895000
1569011898	25.931000
1569011957	25.931000
1569012017	25.931000
1569012077	27.530000
1569012136	27.530000
1569012258	27.530000
1569012318	26.258000
1569012377	25.855000
1569012499	25.855000
1569012556	25.855000
1569012617	25.934000
1569012677	25.934000
1569012737	26.040000
1569012797	26.011000
1569012857	26.011000
1569012917	26.011000
1569012976	25.931000
1569013037	25.928000
1569013097	25.928000
1569013231	25.931000
1569013277	25.928000
1569013337	25.999000
1569013399	28.966000
1569013456	28.966000
1569013516	25.849000
1569013577	25.881000
1569013697	25.881000
1569013756	25.849000
1569013878	25.881000
1569013937	25.881000
1569013997	25.818000
1569014057	25.818000
1569014118	25.892000
1569014177	25.818000
1569014238	26.000000
1569014297	26.370000
1569014358	26.370000
1569014417	26.023000
1569014538	28.789000
1569014597	28.008000
1569014657	26.023000
1569014717	26.287000
1569014777	26.287000
1569014837	25.938000
1569014896	25.933000
1569015032	25.933000
1569015077	25.933000
1569015198	25.960000
1569015257	25.960000
1569015378	26.232000
1569015437	26.232000
1569015497	26.061000
1569015557	26.061000
1569015617	26.061000
1569015677	26.042000
1569015737	25.914000
1569015858	25.890000
1569015918	25.859000
1569015978	25.859000
1569016037	25.890000
1569016098	25.949000
1569016157	25.949000
1569016217	25.949000
1569016338	26.216000
1569016397	26.216000
1569016457	25.921000
1569016517	25.921000
1569016638	25.903000
1569016697	25.903000
1569016756	25.903000
1569016877	25.916000
1569016938	25.922000
1569016999	26.119000
1569017056	26.119000
1569017117	26.109000
1569017237	26.109000
1569017296	26.109000
1569017357	25.977000
1569017417	26.046000
1569017477	25.977000
1569017536	25.977000
1569017658	25.977000
1569017718	25.900000
1569017777	25.828000
1569017898	25.900000
1569017957	27.186000
1569018017	27.186000
1569018077	29.008000
1569018137	29.008000
1569018196	27.186000
1569018256	25.860000
1569018317	25.860000
1569018377	25.860000
1569018437	25.872000
1569018496	25.899000
1569018619	25.939000
1569018677	25.974000
1569018798	26.059000
1569018857	26.098000
1569018917	26.098000
1569018977	26.098000
1569019037	26.098000
1569019097	25.843000
1569019218	25.843000
1569019277	25.936000
1569019337	25.843000
1569019397	25.843000
1569019531	25.936000
1569019577	25.782000
1569019699	25.782000
1569019760	25.782000
1569019817	25.833000
1569019876	25.833000
1569019998	25.883000
1569020057	25.833000
1569020116	25.833000
1569020176	25.832000
1569020237	25.832000
1569020357	25.832000
1569020418	25.971000
1569020477	25.971000
1569020599	25.971000
1569020657	25.971000
1569020778	25.971000
1569020837	25.883000
1569020897	25.990000
1569020957	25.990000
1569021016	25.883000
1569021076	25.873000
1569021198	25.836000
1569021257	25.825000
1569021318	25.825000
1569021377	25.811000
1569021437	25.811000
1569021497	25.889000
1569021560	25.889000
1569021617	25.780000
1569021738	25.894000
1569021797	25.781000
1569021857	25.780000
1569021978	25.781000
1569022037	25.781000
1569022158	25.781000
1569022219	25.859000
1569022277	25.970000
1569022337	26.218000
1569022400	28.233000
1569022457	28.233000
1569022517	28.233000
1569022577	26.110000
1569022637	25.878000
1569022758	25.878000
1569022817	25.858000
1569022877	25.858000
1569022998	25.858000
1569023057	25.858000
1569023118	25.858000
1569023177	25.790000
1569023237	25.878000
1569023298	26.525000
1569023357	25.929000
1569023417	25.929000
1569023477	26.049000
1569023598	26.049000
1569023657	25.929000
1569023717	26.049000
1569023777	26.049000
1569023837	25.862000
1569023957	25.861000
1569024018	25.861000
1569024076	25.861000
1569024136	25.877000
1569024197	25.883000
1569024259	27.618000
1569024318	25.883000
1569024377	25.877000
1569024436	25.833000
1569024496	25.833000
1569024618	25.808000
1569024677	25.808000
1569024737	25.808000
1569024797	25.831000
1569024856	25.831000
1569024977	25.933000
1569025099	26.054000
1569025158	25.995000
1569025216	26.072000
1569025276	26.449000
1569025337	26.449000
1569025397	26.241000
1569025456	26.241000
1569025517	25.804000
1569025638	25.804000
1569025697	25.712000
1569025757	25.804000
1569025877	25.725000
1569025937	25.775000
1569025997	25.775000
1569026057	25.775000
1569026117	25.775000
1569026238	25.877000
1569026297	25.877000
1569026357	25.877000
1569026417	25.877000
1569026477	25.877000
1569026536	25.871000
1569026596	25.882000
1569026657	25.882000
1569026777	25.882000
1569026837	25.882000
1569026898	26.271000
1569026955	26.271000
1569027017	25.826000
1569027076	25.826000
1569027137	25.826000
1569027270	25.779000
1569027317	25.807000
1569027377	25.777000
1569027437	25.778000
1569027496	25.778000
1569027556	25.778000
1569027633	25.778000
1569027677	25.833000
1569027737	26.268000
1569027799	26.268000
1569027857	26.268000
1569027917	25.823000
1569027977	25.823000
1569028037	25.803000
1569028097	25.803000
1569028218	25.861000
1569028277	25.929000
1569028397	26.363000
1569028456	26.363000
1569028519	26.292000
1569028577	26.292000
1569028638	26.292000
1569028699	26.292000
1569028756	26.935000
1569028878	26.935000
1569028937	26.935000
1569029058	26.175000
1569029117	26.175000
1569029177	25.845000
1569029237	26.175000
1569029358	26.180000
1569029419	26.180000
1569029477	25.845000
1569029537	26.180000
1569029597	26.180000
1569029657	29.142000
1569029717	29.142000
1569029777	29.142000
1569029837	26.382000
1569029896	26.382000
1569030018	25.927000
1569030077	25.797000
1569030137	25.797000
1569030258	25.834000
1569030318	25.834000
1569030377	25.834000
1569030499	25.956000
1569030556	25.980000
1569030678	25.980000
1569030737	25.885000
1569030796	25.947000
1569030918	25.947000
1569030977	25.938000
1569031098	25.938000
1569031157	25.947000
1569031276	28.195000
1569031336	25.938000
1569031398	28.195000
1569031459	28.195000
1569031517	25.930000
1569031577	25.930000
1569031637	25.967000
1569031696	25.967000
1569031756	26.192000
1569031878	26.209000
1569031937	26.209000
1569031997	26.209000
1569032057	25.979000
1569032119	25.816000
1569032177	25.811000
1569032238	25.811000
1569032300	25.816000
1569032357	25.853000
1569032417	25.853000
1569032477	26.016000
1569032536	25.901000
1569032597	25.853000
1569032718	25.901000
1569032777	25.901000
1569032837	25.901000
1569032897	25.918000
1569032957	25.918000
1569033019	25.918000
1569033077	25.918000
1569033138	25.918000
1569033197	26.474000
1569033257	26.474000
1569033316	26.117000
1569033377	26.117000
1569033498	26.117000
1569033557	25.969000
1569033616	25.969000
1569033676	25.827000
1569033798	25.827000
1569033857	25.827000
1569033918	25.827000
1569033977	25.839000
1569034037	26.010000
1569034099	26.135000
1569034158	26.135000
1569034217	26.010000
1569034277	26.002000
1569034398	26.002000
1569034457	25.851000
1569034602	25.865000
1569034637	26.002000
1569034697	26.022000
1569034757	25.865000
1569034820	26.022000
1569034878	26.022000
1569034938	26.250000
1569034998	26.389000
1569035056	26.389000
1569035117	25.923000
1569035237	25.923000
1569035297	25.860000
1569035357	25.849000
1569035416	25.860000
1569035538	25.860000
1569035597	25.860000
1569035657	25.849000
1569035776	25.814000
1569035837	25.814000
1569035898	25.814000
1569035956	25.900000
1569036017	25.900000
1569036076	25.900000
1569036137	25.867000
1569036196	25.783000
1569036318	25.783000
1569036377	25.867000
1569036437	25.950000
1569036497	26.115000
1569036557	26.115000
1569036618	26.115000
1569036676	26.046000
1569036737	26.046000
1569036798	26.046000
1569036855	26.046000
1569036978	31.351000
1569037037	31.351000
1569037097	26.707000
1569037157	25.855000
1569037216	25.855000
1569037277	25.850000
1569037398	25.850000
1569037457	25.832000
1569037518	25.832000
1569037577	25.832000
1569037637	25.832000
1569037699	25.725000
1569037758	25.708000
1569037817	25.708000
1569037877	25.773000
1569037937	25.773000
1569038058	25.933000
1569038117	25.933000
1569038237	26.108000
1569038298	26.130000
1569038357	26.130000
1569038477	25.818000
1569038537	26.481000
1569038599	26.481000
1569038657	26.011000
1569038717	27.808000
1569038777	27.808000
1569038837	26.574000
1569038896	26.011000
1569038957	25.912000
1569039090	25.895000
1569039137	25.807000
1569039257	25.814000
1569039318	25.814000
1569039376	25.895000
1569039438	25.917000
1569039499	26.170000
1569039557	26.572000
1569039617	26.572000
1569039676	26.572000
1569039736	26.208000
1569039858	26.123000
1569039917	25.995000
1569039977	26.123000
1569040037	25.995000
1569040158	25.820000
1569040218	25.820000
1569040277	26.013000
1569040337	26.013000
1569040397	26.032000
1569040461	26.032000
1569040517	26.032000
1569040577	25.989000
1569040698	25.989000
1569040756	25.933000
1569040878	25.757000
1569040937	25.757000
1569040996	25.898000
1569041057	25.684000
1569041177	25.747000
1569041238	25.898000
1569041297	26.072000
1569041357	25.793000
1569041416	26.071000
1569041477	26.071000
1569041537	26.071000
1569041597	26.071000
1569041657	26.071000
1569041716	26.088000
1569041776	26.088000
1569041837	26.024000
1569041897	25.940000
1569042034	25.940000
1569042077	25.940000
1569042197	26.228000
1569042258	26.228000
1569042317	26.228000
1569042377	25.839000
1569042498	25.775000
1569042557	25.775000
1569042617	25.757000
1569042676	25.742000
1569042737	25.757000
1569042797	25.880000
1569042857	25.971000
1569042918	26.132000
1569042977	26.148000
1569043097	26.148000
1569043157	26.148000
1569043217	26.148000
1569043277	25.800000
1569043336	25.800000
1569043457	25.792000
1569043516	25.800000
1569043637	25.843000
1569043701	25.874000
1569043757	26.242000
1569043818	26.242000
1569043876	25.874000
1569043937	28.815000
1569043997	26.135000
1569044056	26.135000
1569044178	26.942000
1569044237	26.942000
1569044296	26.920000
1569044357	26.920000
1569044417	25.843000
1569044476	25.757000
1569044536	25.643000
1569044658	25.643000
1569044719	25.706000
1569044777	25.706000
1569044837	25.706000
1569044899	25.797000
1569044956	25.797000
1569045017	25.800000
1569045076	25.800000
1569045136	25.771000
1569045197	25.752000
1569045257	25.717000
1569045389	25.717000
1569045436	25.771000
1569045496	25.717000
1569045556	25.799000
1569045619	25.850000
1569045677	25.829000
1569045799	25.829000
1569045856	25.850000
1569045917	25.850000
1569045977	25.829000
1569046037	25.840000
1569046097	25.840000
1569046156	25.840000
1569046217	25.890000
1569046338	25.891000
1569046397	25.891000
1569046457	25.891000
1569046520	25.882000
1569046576	25.845000
1569046637	25.845000
1569046699	25.882000
1569046756	25.882000
1569046817	27.696000
1569046877	27.696000
1569046937	25.881000
1569046996	25.781000
1569047118	25.881000
1569047177	25.834000
1569047236	25.881000
1569047357	25.876000
1569047418	26.079000
1569047477	25.876000
1569047537	26.079000
1569047599	26.079000
1569047656	26.079000
1569047717	26.881000
1569047777	26.881000
1569047837	25.791000
1569047958	25.788000
1569048017	25.791000
1569048076	25.791000
1569048137	25.829000
1569048197	25.847000
1569048333	25.870000
1569048377	25.877000
1569048437	26.304000
1569048497	26.318000
1569048557	26.318000
1569048617	26.109000
1569048677	27.393000
1569048736	26.109000
1569048797	25.987000
1569048857	25.987000
1569048978	25.987000
1569049037	25.894000
1569049097	25.894000
1569049157	25.894000
1569049219	25.859000
1569049277	25.859000
1569049338	25.859000
1569049399	25.849000
1569049456	25.849000
1569049517	25.947000
1569049577	26.001000
1569049637	25.947000
1569049757	25.947000
1569049817	25.913000
1569049938	25.779000
1569049997	25.704000
1569050057	25.704000
1569050118	25.779000
1569050176	25.779000
1569050299	25.889000
1569050357	25.944000
1569050417	25.889000
1569050477	25.888000
1569050598	25.888000
1569050657	25.888000
1569050717	25.819000
1569050777	25.818000
1569050837	25.819000
1569050896	25.954000
1569051032	25.954000
1569051077	25.954000
1569051138	26.167000
1569051199	26.468000
1569051256	26.468000
1569051378	26.956000
1569051437	26.956000
1569051497	26.956000
1569051618	26.136000
1569051677	26.079000
1569051737	26.048000
1569051797	26.000000
1569051856	25.949000
1569051977	25.949000
1569052038	25.949000
1569052097	26.203000
1569052157	26.386000
1569052217	26.386000
1569052276	26.386000
1569052337	25.785000
1569052397	25.784000
1569052518	25.784000
1569052577	25.784000
1569052698	25.784000
1569052757	25.809000
1569052819	25.816000
1569052877	25.893000
1569052938	25.949000
1569052999	26.445000
1569053056	26.445000
1569053117	30.362000
1569053177	30.362000
1569053298	26.010000
1569053357	25.881000
1569053417	25.881000
1569053538	25.830000
1569053597	25.830000
1569053657	25.757000
1569053777	25.757000
1569053837	25.830000
1569053898	25.957000
1569053956	25.757000
1569054016	25.804000
1569054137	25.804000
1569054196	25.804000
1569054257	25.804000
1569054317	25.827000
1569054437	25.827000
1569054496	25.945000
1569054557	25.857000
1569054677	25.857000
1569054737	25.857000
1569054798	25.945000
1569054858	25.857000
1569054917	26.015000
1569055038	26.015000
1569055096	25.877000
1569055218	25.877000
1569055277	25.877000
1569055336	25.877000
1569055397	25.906000
1569055457	25.906000
1569055578	25.866000
1569055638	26.365000
1569055700	26.912000
1569055758	28.709000
1569055817	29.082000
1569055877	29.082000
1569055936	28.709000
1569056058	26.002000
1569056117	25.777000
1569056176	25.741000
1569056236	25.741000
1569056358	25.777000
1569056419	25.777000
1569056477	25.797000
1569056537	25.896000
1569056599	26.405000
1569056657	26.464000
1569056778	26.405000
1569056837	26.405000
1569056958	25.869000
1569057017	25.869000
1569057077	25.847000
1569057137	25.847000
1569057196	25.847000
1569057319	25.803000
1569057377	25.803000
1569057437	25.803000
1569057497	26.183000
1569057560	26.226000
1569057617	26.315000
1569057677	26.315000
1569057736	26.226000
1569057797	26.115000
1569057918	26.115000
1569057977	25.891000
1569058037	25.891000
1569058097	25.880000
1569058231	25.880000
1569058277	25.776000
1569058337	25.880000
1569058399	26.462000
1569058457	26.462000
1569058517	26.150000
1569058638	26.150000
1569058697	26.027000
1569058757	25.916000
1569058817	25.916000
1569058877	25.922000
1569058998	25.922000
1569059057	25.957000
1569059119	25.957000
1569059177	25.949000
1569059237	25.997000
1569059297	26.275000
1569059359	25.949000
1569059417	25.822000
1569059476	25.822000
1569059536	25.796000
1569059597	25.796000
1569059657	25.822000
1569059717	25.824000
1569059838	25.824000
1569059897	25.902000
1569059956	25.824000
1569060019	25.902000
1569060077	25.898000
1569060137	25.902000
1569060197	25.918000
1569060259	25.937000
1569060317	25.937000
1569060438	25.937000
1569060497	25.910000
1569060557	25.910000
1569060678	25.910000
1569060737	25.834000
1569060797	25.808000
1569060857	25.950000
1569060919	25.820000
1569060977	25.820000
1569061038	28.549000
1569061100	28.608000
1569061157	28.549000
1569061278	28.549000
1569061337	31.186000
1569061397	26.290000
1569061457	26.048000
1569061517	25.925000
1569061637	26.031000
1569061696	25.979000
1569061757	25.979000
1569061818	25.979000
1569061877	25.979000
1569061937	25.979000
1569061998	26.203000
1569062056	25.765000
1569062178	25.978000
1569062237	25.978000
1569062297	25.732000
1569062356	25.732000
1569062417	25.841000
1569062537	25.775000
1569062596	25.775000
1569062656	25.775000
1569062777	25.752000
1569062837	25.752000
1569062899	25.752000
1569062956	25.848000
1569063017	25.848000
1569063077	26.141000
1569063137	26.051000
1569063197	25.848000
1569063256	26.051000
1569063378	26.051000
1569063437	26.030000
1569063497	25.822000
1569063557	25.867000
1569063677	25.822000
1569063737	25.822000
1569063799	25.820000
1569063857	25.748000
1569063917	25.748000
1569064038	25.834000
1569064097	25.800000
1569064157	25.829000
1569064217	25.829000
1569064338	25.800000
1569064397	25.800000
1569064456	25.784000
1569064520	25.784000
1569064577	25.849000
1569064637	27.625000
1569064699	27.625000
1569064757	27.625000
1569064816	27.625000
1569064877	27.596000
1569064997	27.596000
1569065056	27.596000
1569065116	37.522000
1569065250	37.522000
1569065297	37.522000
1569065357	32.486000
1569065476	25.944000
1569065536	25.944000
1569065598	25.944000
1569065659	25.944000
1569065717	26.195000
1569065777	26.195000
1569065836	25.942000
1569065958	25.942000
1569066017	25.969000
1569066077	25.969000
1569066140	25.969000
1569066197	26.966000
1569066257	26.966000
1569066377	25.954000
1569066437	25.954000
1569066499	26.026000
1569066557	25.954000
1569066617	25.954000
1569066676	25.791000
1569066798	25.791000
1569066857	25.791000
1569066978	25.806000
1569067037	25.947000
1569067096	26.109000
1569067157	26.109000
1569067219	26.109000
1569067277	26.070000
1569067338	26.070000
1569067399	26.070000
1569067457	26.194000
1569067578	26.194000
1569067637	26.194000
1569067697	25.823000
1569067757	25.823000
1569067878	25.823000
1569067937	25.850000
1569067996	25.894000
1569068132	25.898000
1569068177	25.898000
1569068237	25.898000
1569068299	26.443000
1569068357	26.443000
1569068417	25.920000
1569068477	26.225000
1569068537	25.920000
1569068597	25.920000
1569068717	25.951000
1569068776	26.225000
1569068898	26.000000
1569068958	26.000000
1569069018	26.000000
1569069077	25.856000
1569069137	25.856000
1569069198	25.856000
1569069256	25.856000
1569069378	25.746000
1569069437	25.746000
1569069557	25.746000
1569069616	25.746000
1569069750	25.806000
1569069797	25.847000
1569069857	25.847000
1569069977	25.847000
1569070038	25.869000
1569070099	25.869000
1569070157	25.868000
1569070278	25.868000
1569070337	25.868000
1569070397	25.868000
1569070457	25.868000
1569070517	25.828000
1569070638	26.171000
1569070697	26.171000
1569070757	26.171000
1569070877	25.934000
1569070937	26.171000
1569070999	27.569000
1569071056	27.569000
1569071117	26.156000
1569071176	26.156000
1569071298	25.955000
1569071357	25.849000
1569071417	25.808000
1569071538	25.808000
1569071597	25.847000
1569071657	25.847000
1569071777	25.847000
1569071837	25.857000
1569071898	26.039000
1569071960	25.885000
1569072016	25.857000
1569072076	25.885000
1569072136	25.885000
1569072196	25.885000
1569072256	25.854000
1569072377	25.932000
1569072437	26.063000
1569072496	26.063000
1569072557	25.854000
1569072677	25.704000
1569072737	25.704000
1569072798	25.704000
1569072859	25.732000
1569072916	25.773000
1569072977	25.823000
1569073037	25.951000
1569073097	25.951000
1569073156	25.951000
1569073216	26.075000
1569073338	26.075000
1569073397	25.952000
1569073532	25.952000
1569073577	25.998000
1569073637	25.998000
1569073697	28.736000
1569073757	28.736000
1569073817	26.189000
1569073877	26.243000
1569073937	26.243000
1569073997	26.189000
1569074057	25.863000
1569074117	25.863000
1569074177	25.863000
1569074237	25.863000
1569074296	25.879000
1569074357	25.945000
1569074419	26.024000
1569074477	26.024000
1569074598	26.024000
1569074657	26.024000
1569074717	25.924000
1569074838	25.924000
1569074897	25.969000
1569075018	25.884000
1569075077	25.884000
1569075137	25.969000
1569075258	26.050000
1569075318	26.050000
1569075377	26.088000
1569075437	26.090000
1569075498	26.447000
1569075557	26.447000
1569075616	26.090000
1569075677	25.913000
1569075797	25.907000
1569075857	25.907000
1569075917	25.913000
1569075976	25.913000
1569076037	25.853000
1569076158	25.811000
1569076219	25.811000
1569076277	25.758000
1569076337	25.811000
1569076398	25.831000
1569076458	25.831000
1569076517	25.831000
1569076577	25.918000
1569076698	25.918000
1569076757	25.918000
1569076817	25.918000
1569076877	25.774000
1569076937	25.774000
1569076997	25.764000
1569077131	25.764000
1569077177	25.812000
1569077237	26.035000
1569077299	27.494000
1569077357	27.494000
1569077417	26.035000
1569077476	25.974000
1569077537	25.938000
1569077596	25.938000
1569077717	25.938000
1569077776	25.938000
1569077836	25.938000
1569077897	26.036000
1569077956	26.097000
1569078019	26.108000
1569078077	28.077000
1569078138	28.077000
1569078196	29.112000
1569078259	28.077000
1569078317	26.573000
1569078377	26.109000
1569078498	26.109000
1569078557	25.994000
1569078678	25.994000
1569078737	25.958000
1569078797	25.958000
1569078857	25.958000
1569078918	25.958000
1569078977	25.861000
1569079097	27.037000
1569079157	27.037000
1569079217	26.325000
1569079277	25.861000
1569079337	25.972000
1569079397	25.841000
1569079519	25.841000
1569079577	25.858000
1569079637	25.858000
1569079697	25.858000
1569079757	25.858000
1569079877	25.766000
1569079937	25.766000
1569079997	26.031000
1569080058	25.812000
1569080116	25.812000
1569080238	25.998000
1569080297	25.998000
1569080357	25.812000
1569080417	25.831000
1569080477	25.831000
1569080537	25.831000
1569080597	25.831000
1569080657	25.869000
1569080777	25.869000
1569080898	25.934000
1569080957	26.128000
1569081078	26.181000
1569081137	26.181000
1569081197	26.525000
1569081257	26.181000
1569081317	26.181000
1569081377	26.102000
1569081437	25.897000
1569081557	25.885000
1569081618	25.885000
1569081677	25.885000
1569081798	25.897000
1569081857	25.815000
1569081917	25.815000
1569082038	25.758000
1569082097	25.758000
1569082218	25.758000
1569082277	25.935000
1569082337	26.119000
1569082397	26.206000
1569082531	26.323000
1569082577	26.543000
1569082699	26.935000
1569082758	26.935000
1569082817	26.935000
1569082877	26.543000
1569082998	25.828000
1569083057	25.828000
1569083117	25.831000
1569083176	25.831000
1569083237	25.831000
1569083297	25.952000
1569083432	26.060000
1569083477	26.060000
1569083538	26.417000
1569083597	26.419000
1569083657	26.419000
1569083716	25.830000
1569083850	25.929000
1569083897	25.831000
1569084018	25.831000
1569084077	25.894000
1569084137	25.929000
1569084197	25.991000
1569084325	26.132000
1569084377	25.991000
1569084437	26.853000
1569084498	27.169000
1569084556	27.169000
1569084616	26.449000
1569084738	26.449000
1569084797	26.303000
1569084918	26.303000
1569084977	26.303000
1569085036	26.303000
1569085158	26.303000
1569085219	26.331000
1569085277	26.008000
1569085400	26.331000
1569085457	26.331000
1569085517	26.637000
1569085638	26.637000
1569085697	26.637000
1569085818	26.090000
1569085877	26.068000
1569085937	26.009000
1569085996	26.009000
1569086131	26.009000
1569086177	26.068000
1569086237	26.506000
1569086299	26.506000
1569086357	26.820000
1569086417	26.820000
1569086477	25.948000
1569086537	25.891000
1569086597	25.808000
1569086657	25.808000
1569086778	25.808000
1569086837	25.871000
1569086897	25.908000
1569086957	25.908000
1569087077	25.948000
1569087137	26.035000
1569087198	26.501000
1569087256	26.501000
1569087316	26.501000
1569087376	25.945000
1569087497	25.813000
1569087556	25.813000
1569087617	25.945000
1569087738	25.803000
1569087797	25.932000
1569087857	25.991000
1569087919	25.991000
1569087977	25.992000
1569088037	26.230000
1569088099	28.028000
1569088157	28.028000
1569088216	26.230000
1569088277	26.105000
1569088398	26.105000
1569088457	26.105000
1569088517	26.105000
1569088637	26.105000
1569088696	26.020000
1569088757	25.887000
1569088876	25.887000
1569088936	25.877000
1569088997	25.825000
1569089056	25.825000
1569089117	25.877000
1569089177	25.877000
1569089237	25.825000
1569089297	25.738000
1569089418	25.976000
1569089477	25.892000
1569089537	25.863000
1569089597	25.892000
1569089657	25.917000
1569089777	25.917000
1569089837	25.942000
1569089898	26.239000
1569089957	26.239000
1569090016	26.239000
1569090077	26.007000
1569090198	25.971000
1569090257	25.955000
1569090316	25.955000
1569090376	25.955000
1569090436	25.936000
1569090557	25.936000
1569090677	25.931000
1569090737	25.936000
1569090799	25.936000
1569090856	25.931000
1569090978	25.792000
1569091037	25.986000
1569091097	25.792000
1569091157	25.792000
1569091217	25.846000
1569091277	25.927000
1569091337	25.846000
1569091397	25.927000
1569091457	25.927000
1569091576	27.563000
1569091637	28.257000
1569091698	36.873000
1569091757	42.645000
1569091877	44.963000
1569091936	51.805000
1569092058	42.645000
1569092117	42.645000
1569092238	25.954000
1569092297	25.954000
1569092357	25.954000
1569092419	26.044000
1569092477	26.131000
1569092598	27.448000
1569092656	27.448000
1569092717	26.729000
1569092776	26.131000
1569092836	25.921000
1569092896	25.883000
1569092957	25.883000
1569093077	25.865000
1569093136	25.883000
1569093196	25.913000
1569093256	25.913000
1569093331	25.913000
1569093377	25.947000
1569093437	25.947000
1569093497	25.947000
1569093557	25.947000
1569093617	25.817000
1569093677	25.817000
1569093737	25.817000
1569093857	25.922000
1569093917	25.922000
1569093977	25.922000
1569094037	25.922000
1569094097	25.875000
1569094157	25.875000
1569094277	26.069000
1569094337	26.069000
1569094398	26.069000
1569094459	26.069000
1569094517	25.867000
1569094577	25.867000
1569094636	25.867000
1569094697	25.832000
1569094757	25.867000
1569094817	25.871000
1569094938	25.871000
1569094997	25.906000
1569095057	25.906000
1569095177	25.906000
1569095238	25.906000
1569095299	25.906000
1569095356	25.873000
1569095417	25.873000
1569095476	25.790000
1569095537	25.785000
1569095658	25.785000
1569095717	25.790000
1569095837	25.796000
1569095896	26.057000
1569095957	26.057000
1569096077	26.099000
1569096137	26.099000
1569096199	26.099000
1569096257	26.099000
1569096317	26.099000
1569096377	25.852000
1569096436	25.852000
1569096497	25.852000
1569096556	25.928000
1569096617	25.928000
1569096677	25.928000
1569096810	25.928000
1569096857	25.796000
1569096977	25.796000
1569097037	25.808000
1569097099	25.955000
1569097157	26.030000
1569097278	26.030000
1569097337	26.030000
1569097397	25.810000
1569097518	25.810000
1569097577	25.765000
1569097637	25.728000
1569097758	25.717000
1569097818	25.717000
1569097877	25.717000
1569097937	25.772000
1569097998	25.957000
1569098057	25.957000
1569098178	26.022000
1569098237	26.022000
1569098297	25.937000
1569098357	25.937000
1569098417	25.937000
1569098477	25.915000
1569098536	25.825000
1569098658	25.825000
1569098719	25.825000
1569098777	25.930000
1569098837	26.272000
1569098899	26.538000
1569098957	26.272000
1569099078	26.272000
1569099137	26.000000
1569099197	26.000000
1569099257	25.862000
1569099317	25.862000
1569099377	25.862000
1569099436	25.875000
1569099497	25.875000
1569099557	25.875000
1569099677	25.864000
1569099737	25.875000
1569099797	26.120000
1569099857	25.864000
1569099978	25.987000
1569100037	25.987000
1569100097	25.826000
1569100157	25.826000
1569100278	25.897000
1569100337	25.833000
1569100396	25.833000
1569100456	25.833000
1569100518	25.833000
1569100577	25.647000
1569100637	25.647000
1569100699	25.846000
1569100757	25.904000
1569100878	25.904000
1569100937	25.926000
1569100997	25.926000
1569101057	25.904000
1569101117	25.926000
1569101177	25.948000
1569101236	25.948000
1569101297	26.035000
1569101432	26.085000
1569101477	26.085000
1569101537	26.810000
1569101598	26.811000
1569101657	30.301000
1569101716	30.301000
1569101837	30.301000
1569101896	25.865000
1569101957	25.865000
1569102016	25.831000
1569102076	25.831000
1569102136	25.831000
1569102258	25.866000
1569102319	25.866000
1569102377	25.866000
1569102437	26.204000
1569102498	27.872000
1569102556	26.204000
1569102618	26.343000
1569102677	26.343000
1569102737	25.972000
1569102797	25.932000
1569102857	25.932000
1569102917	25.919000
1569102977	25.811000
1569103037	25.811000
1569103097	25.789000
1569103157	25.781000
1569103277	25.811000
1569103337	25.878000
1569103399	25.878000
1569103456	25.908000
1569103517	25.908000
1569103577	27.221000
1569103637	25.908000
1569103770	25.868000
1569103817	25.868000
1569103876	25.963000
1569103937	25.963000
1569104058	25.963000
1569104118	25.988000
1569104177	25.963000
1569104237	26.281000
1569104299	26.871000
1569104357	26.871000
1569104478	25.877000
1569104537	26.419000
1569104658	25.877000
1569104717	25.877000
1569104776	25.917000
1569104898	26.031000
1569104957	26.031000
1569105018	26.038000
1569105076	26.031000
1569105198	26.038000
1569105257	26.038000
1569105377	26.000000
1569105436	25.918000
1569105497	26.000000
1569105630	25.918000
1569105677	26.000000
1569105798	25.949000
1569105857	25.949000
1569105978	25.811000
1569106037	25.941000
1569106098	25.941000
1569106159	25.941000
1569106217	25.941000
1569106277	25.944000
1569106337	26.220000
1569106397	25.947000
1569106457	25.947000
1569106516	26.056000
1569106577	26.056000
1569106637	26.056000
1569106697	26.056000
1569106756	26.107000
1569106877	25.894000
1569106937	26.107000
1569106997	26.574000
1569107056	26.574000
1569107117	26.140000
1569107238	26.140000
1569107297	25.941000
1569107357	25.873000
1569107417	25.941000
1569107549	25.938000
1569107596	25.938000
1569107657	25.938000
1569107777	25.968000
1569107836	25.968000
1569107899	26.304000
1569107959	26.304000
1569108017	26.304000
1569108077	26.152000
1569108137	25.885000
1569108197	25.823000
1569108318	25.823000
1569108377	25.819000
1569108498	25.758000
1569108557	25.819000
1569108677	25.912000
1569108738	25.912000
1569108797	25.912000
1569108857	25.912000
1569108977	25.912000
1569109037	25.899000
1569109097	25.899000
1569109157	25.895000
1569109217	25.901000
1569109277	25.901000
1569109337	25.901000
1569109458	25.895000
1569109518	25.953000
1569109577	25.753000
1569109637	25.753000
1569109697	26.425000
1569109757	26.425000
1569109817	25.965000
1569109877	25.965000
1569109937	25.938000
1569109996	25.938000
1569110057	25.965000
1569110178	26.092000
1569110237	26.206000
1569110297	26.206000
1569110357	26.092000
1569110477	25.788000
1569110537	25.788000
1569110597	25.788000
1569110657	25.788000
1569110717	26.019000
1569110777	26.019000
1569110837	25.977000
1569110896	25.977000
1569110957	25.977000
1569111017	25.977000
1569111077	25.869000
1569111137	25.869000
1569111258	25.828000
1569111377	25.828000
1569111438	25.828000
1569111499	26.080000
1569111557	26.080000
1569111617	26.080000
1569111677	26.730000
1569111737	26.038000
1569111797	25.965000
1569111857	25.936000
1569111917	25.936000
1569111976	25.936000
1569112037	25.965000
1569112158	26.120000
1569112276	26.123000
1569112336	26.216000
1569112458	26.216000
1569112517	26.216000
1569112577	26.102000
1569112637	25.939000
1569112758	25.939000
1569112817	25.801000
1569112877	25.811000
1569112936	25.811000
1569113057	25.811000
1569113118	25.811000
1569113177	25.886000
1569113298	26.012000
1569113358	26.012000
1569113417	25.886000
1569113476	25.884000
1569113537	25.884000
1569113597	25.884000
1569113657	25.884000
1569113717	26.004000
1569113777	26.004000
1569113837	26.018000
1569113897	25.816000
1569113957	25.972000
1569114077	25.972000
1569114137	26.018000
1569114197	26.653000
1569114259	26.653000
1569114317	26.653000
1569114376	26.108000
1569114498	25.917000
1569114557	25.870000
1569114678	25.917000
1569114737	25.886000
1569114797	25.886000
1569114857	25.914000
1569114977	26.039000
1569115037	25.914000
1569115097	26.039000
1569115160	26.039000
1569115216	25.840000
1569115277	25.840000
1569115336	25.925000
1569115397	25.840000
1569115456	25.925000
1569115517	25.925000
1569115638	25.837000
1569115697	25.837000
1569115757	25.919000
1569115877	25.837000
1569115938	25.919000
1569115996	26.359000
1569116061	28.973000
1569116117	28.973000
1569116238	28.973000
1569116297	26.036000
1569116418	25.969000
1569116477	25.825000
1569116537	25.825000
1569116597	25.806000
1569116657	25.825000
1569116777	25.825000
1569116897	25.937000
1569116959	26.181000
1569117017	26.181000
1569117138	26.181000
1569117197	26.181000
1569117317	26.181000
1569117377	25.912000
1569117437	25.912000
1569117497	25.861000
1569117557	25.912000
1569117618	25.912000
1569117677	25.861000
1569117737	26.152000
1569117797	33.223000
1569117858	33.223000
1569117917	25.847000
1569117977	25.847000
1569118037	25.847000
1569118097	25.847000
1569118156	25.771000
1569118277	25.866000
1569118336	25.988000
1569118397	25.988000
1569118531	25.988000
1569118577	25.988000
1569118698	26.011000
1569118757	27.482000
1569118817	34.646000
1569118877	34.646000
1569118937	34.646000
1569118997	26.214000
1569119057	26.214000
1569119117	25.948000
1569119177	26.214000
1569119237	25.948000
1569119358	25.993000
1569119477	25.877000
1569119537	25.993000
1569119599	25.993000
1569119656	25.993000
1569119778	25.836000
1569119837	25.836000
1569119958	25.836000
1569120017	25.836000
1569120077	25.833000
1569120137	25.903000
1569120258	26.089000
1569120376	26.089000
1569120437	26.064000
1569120497	26.089000
1569120618	26.121000
1569120677	26.064000
1569120798	26.064000
1569120857	25.801000
1569120917	25.801000
1569121038	25.801000
1569121096	25.845000
1569121157	25.845000
1569121220	25.925000
1569121277	25.845000
1569121399	25.925000
1569121457	26.285000
1569121517	26.285000
1569121576	26.123000
1569121637	26.123000
1569121758	26.123000
1569121817	26.006000
1569121938	26.114000
1569121997	26.114000
1569122120	26.237000
1569122177	26.114000
1569122237	26.241000
1569122299	27.387000
1569122357	26.839000
1569122417	30.700000
1569122477	30.700000
1569122597	27.989000
1569122657	26.839000
1569122778	26.355000
1569122837	26.147000
1569122897	26.147000
1569123031	26.147000
1569123077	25.992000
1569123198	26.180000
1569123257	26.452000
1569123317	26.452000
1569123377	25.992000
1569123498	25.799000
1569123557	25.794000
1569123616	25.794000
1569123677	25.781000
1569123798	25.794000
1569123857	25.818000
1569123976	25.855000
1569124036	25.818000
1569124096	25.818000
1569124157	25.855000
1569124216	25.817000
1569124277	25.817000
1569124398	25.817000
1569124457	25.817000
1569124517	25.817000
1569124577	25.892000
1569124637	25.892000
1569124757	25.892000
1569124819	26.038000
1569124877	25.933000
1569124999	25.933000
1569125056	25.933000
1569125117	25.933000
1569125177	25.923000
1569125237	25.923000
1569125297	25.895000
1569125357	25.830000
1569125416	25.830000
1569125477	25.801000
1569125598	25.801000
1569125656	25.801000
1569125718	25.830000
1569125777	25.830000
1569125837	25.897000
1569125898	26.046000
1569125957	26.363000
1569126017	26.921000
1569126077	26.921000
1569126137	26.363000
1569126197	26.189000
1569126257	26.040000
1569126317	25.928000
1569126438	25.855000
1569126496	25.928000
1569126632	25.928000
1569126677	25.928000
1569126738	26.307000
1569126797	26.969000
1569126860	26.307000
1569126917	25.927000
1569126977	25.927000
1569127098	25.850000
1569127158	25.850000
1569127217	25.850000
1569127338	25.886000
1569127397	25.886000
1569127520	25.914000
1569127577	25.914000
1569127637	25.914000
1569127699	26.103000
1569127757	27.083000
1569127817	27.083000
1569127877	27.083000
1569127937	26.049000
1569128058	26.049000
1569128117	25.969000
1569128177	25.969000
1569128237	25.954000
1569128358	25.887000
1569128419	25.846000
1569128477	25.887000
1569128537	25.937000
1569128597	25.937000
1569128660	25.999000
1569128716	25.999000
1569128776	25.984000
1569128837	25.999000
1569128957	25.984000
1569129017	25.969000
1569129138	25.965000
1569129197	25.801000
1569129257	25.801000
1569129318	25.801000
1569129377	25.837000
1569129437	25.885000
1569129497	25.965000
1569129556	25.994000
1569129617	26.120000
1569129677	26.120000
1569129798	25.994000
1569129857	25.994000
1569129978	26.104000
1569130037	26.104000
1569130158	26.104000
1569130276	26.270000
1569130336	26.467000
1569130397	26.467000
1569130517	25.898000
1569130577	25.828000
1569130637	25.828000
1569130758	25.828000
1569130817	25.768000
1569130877	26.174000
1569130997	26.174000
1569131057	26.174000
1569131177	25.807000
1569131237	26.219000
1569131298	26.219000
1569131361	26.219000
1569131417	26.219000
1569131476	26.219000
1569131536	25.923000
1569131597	25.905000
1569131718	25.923000
1569131776	25.923000
1569131836	25.788000
1569131896	25.818000
1569132020	26.053000
1569132077	26.181000
1569132137	26.181000
1569132197	28.330000
1569132257	28.330000
1569132317	26.181000
1569132437	25.945000
1569132497	25.945000
1569132618	25.807000
1569132677	25.807000
1569132737	25.930000
1569132797	25.930000
1569132931	25.930000
1569132976	25.930000
1569133099	25.726000
1569133156	25.726000
1569133216	25.804000
1569133277	25.739000
1569133398	25.804000
1569133457	25.804000
1569133517	25.804000
1569133638	25.802000
1569133697	25.802000
1569133757	25.802000
1569133877	25.802000
1569133938	25.802000
1569133999	25.917000
1569134057	25.917000
1569134190	25.885000
1569134237	25.885000
1569134297	25.870000
1569134357	25.870000
1569134416	25.848000
1569134476	25.791000
1569134597	25.765000
1569134656	25.791000
1569134777	25.791000
1569134838	25.830000
1569134899	26.108000
1569134957	26.108000
1569135077	25.856000
1569135136	25.856000
1569135258	25.847000
1569135317	25.742000
1569135377	25.742000
1569135498	25.742000
1569135557	25.869000
1569135677	25.869000
1569135737	25.895000
1569135798	26.249000
1569135857	26.249000
1569135917	25.950000
1569135976	26.024000
1569136098	26.024000
1569136157	25.950000
1569136217	25.946000
1569136276	25.796000
1569136398	25.796000
1569136457	25.747000
1569136518	25.796000
1569136577	25.838000
1569136637	26.001000
1569136697	26.001000
1569136757	26.001000
1569136817	25.996000
1569136938	25.804000
1569136997	25.804000
1569137057	25.713000
1569137178	25.804000
1569137237	25.725000
1569137297	25.911000
1569137356	25.911000
1569137419	25.911000
1569137477	25.922000
1569137537	26.051000
1569137598	26.257000
1569137656	26.257000
1569137716	26.257000
1569137777	25.870000
1569137837	25.870000
1569137958	25.870000
1569138017	25.870000
1569138077	25.870000
1569138197	25.790000
1569138256	25.790000
1569138377	25.790000
1569138497	25.906000
1569138557	26.201000
1569138678	26.201000
1569138737	26.566000
1569138796	27.415000
1569138857	26.201000
1569138917	26.756000
1569138977	26.756000
1569139098	26.078000
1569139157	25.798000
1569139277	25.850000
1569139337	25.850000
1569139399	25.850000
1569139457	25.877000
1569139517	25.877000
1569139578	25.877000
1569139698	25.833000
1569139757	25.833000
1569139816	25.833000
1569139938	25.833000
1569139997	25.921000
1569140057	25.921000
1569140177	25.816000
1569140297	25.816000
1569140357	25.932000
1569140416	25.816000
1569140477	25.788000
1569140537	25.875000
1569140658	25.788000
1569140717	25.788000
1569140777	25.788000
1569140837	25.872000
1569140897	25.774000
1569140956	25.824000
1569141018	25.824000
1569141077	25.839000
1569141137	25.839000
1569141197	25.844000
1569141257	26.591000
1569141316	26.684000
1569141377	29.535000
1569141498	26.684000
1569141557	26.591000
1569141617	26.000000
1569141749	26.000000
1569141796	25.991000
1569141857	25.991000
1569141919	25.944000
1569141977	25.750000
1569142038	25.750000
1569142099	25.944000
1569142156	25.722000
1569142216	26.479000
1569142277	26.479000
1569142398	26.209000
1569142457	26.152000
1569142518	26.152000
1569142577	25.972000
1569142637	25.859000
1569142697	25.791000
1569142756	25.764000
1569142819	25.764000
1569142877	25.756000
1569142999	25.764000
1569143059	26.039000
1569143117	26.039000
1569143177	25.789000
1569143297	25.819000
1569143356	25.819000
1569143478	25.819000
1569143537	25.939000
1569143596	25.939000
1569143657	25.939000
1569143777	25.863000
1569143837	25.863000
1569143897	25.863000
1569143960	26.367000
1569144016	26.367000
1569144076	26.367000
1569144198	25.866000
1569144257	25.859000
1569144317	25.829000
1569144376	25.816000
1569144436	25.736000
1569144497	25.736000
1569144557	25.736000
1569144677	25.736000
1569144738	25.779000
1569144797	25.884000
1569144858	26.063000
1569144917	26.552000
1569144977	26.552000
1569145037	26.205000
1569145097	26.205000
1569145156	26.205000
1569145278	25.922000
1569145337	25.880000
1569145397	25.719000
1569145457	25.719000
1569145577	25.719000
1569145637	25.947000
1569145699	29.421000
1569145756	29.421000
1569145878	29.421000
1569145937	25.996000
1569145997	25.977000
1569146056	25.883000
1569146116	25.883000
1569146250	25.883000
1569146297	25.858000
1569146356	25.800000
1569146419	25.856000
1569146477	25.858000
1569146597	25.858000
1569146658	25.870000
1569146716	25.870000
1569146776	25.870000
1569146837	25.911000
1569146957	25.911000
1569147016	25.891000
1569147077	25.911000
1569147198	25.911000
1569147257	26.235000
1569147377	26.230000
1569147437	26.235000
1569147497	27.924000
1569147558	27.924000
1569147617	26.234000
1569147678	26.234000
1569147737	26.042000
1569147796	25.972000
1569147857	26.042000
1569147917	25.972000
1569147976	25.972000
1569148037	25.868000
1569148158	25.868000
1569148277	25.868000
1569148337	25.909000
1569148398	28.139000
1569148458	28.139000
1569148516	26.004000
1569148638	26.004000
1569148697	25.944000
1569148757	25.944000
1569148817	25.944000
1569148876	25.944000
1569148937	25.944000
1569149058	25.886000
1569149177	25.838000
1569149237	25.815000
1569149297	25.815000
1569149357	25.838000
1569149477	25.946000
1569149536	25.946000
1569149658	25.946000
1569149717	25.908000
1569149777	25.848000
1569149836	25.781000
1569149896	25.770000
1569150033	25.770000
1569150077	25.769000
1569150137	25.781000
1569150197	26.989000
1569150256	26.989000
1569150317	26.474000
1569150377	26.474000
1569150437	25.846000
1569150497	25.776000
1569150557	25.759000
1569150690	25.759000
1569150737	25.776000
1569150797	25.811000
1569150857	25.816000
1569150977	25.893000
1569151038	26.091000
1569151099	26.091000
1569151156	26.091000
1569151217	25.930000
1569151277	25.930000
1569151337	25.853000
1569151397	25.792000
1569151518	25.792000
1569151577	25.787000
1569151637	25.792000
1569151758	25.835000
1569151818	25.928000
1569151877	25.835000
1569151937	25.928000
1569151997	26.542000
1569152057	26.542000
