time bw
1547289005	62.700000
1547292606	88.700000
1547296205	89.400000
1547299806	38.000000
1547303406	51.100000
1547307005	42.900000
1547310606	29.900000
1547314205	87.500000
1547317805	89.800000
1547321405	89.800000
1547325005	89.100000
1547328605	91.200000
1547330406	83.100000
1547331305	90.000000
1547332205	90.700000
1547333105	89.100000
1547334005	89.500000
1547334905	87.800000
1547335806	88.900000
1547336705	88.800000
1547337606	51.300000
1547338506	89.900000
1547339405	91.100000
1547340306	90.900000
1547341206	90.900000
1547342106	91.000000
1547343005	89.200000
1547343905	81.200000
1547344806	92.400000
1547345705	86.000000
1547346605	88.700000
1547347506	88.500000
1547348405	81.400000
1547349305	38.900000
1547350206	91.200000
1547351105	79.200000
1547352005	80.900000
1547352906	90.800000
1547353806	89.100000
1547354706	74.300000
1547355605	36.900000
1547356505	30.200000
1547357406	80.100000
1547358305	57.200000
1547359206	90.900000
1547360105	57.800000
1547361006	88.000000
1547361905	49.000000
1547362806	89.600000
1547363705	52.200000
1547364605	41.900000
1547365506	81.000000
1547366406	89.400000
1547367305	33.100000
1547368205	91.100000
1547369106	90.900000
1547370006	71.800000
1547370905	48.900000
1547371806	89.700000
1547372706	91.300000
1547373606	89.500000
1547374506	90.300000
1547375405	31.200000
1547376305	63.100000
1547377206	90.900000
1547378105	37.700000
1547379006	90.100000
1547379906	55.400000
1547380805	55.200000
1547381706	87.200000
1547382605	88.300000
1547383506	54.700000
1547384405	39.200000
1547385305	88.000000
1547386205	49.900000
1547387105	69.700000
1547388006	86.600000
1547388906	24.900000
1547389805	39.800000
1547390706	87.800000
1547391605	35.600000
1547392506	90.100000
1547393405	32.500000
1547394305	56.200000
1547395205	86.100000
1547396106	31.100000
1547397005	41.200000
1547397906	64.300000
1547398805	43.900000
1547399706	55.100000
1547400605	31.800000
1547401505	89.700000
1547402405	40.700000
1547403305	72.700000
1547404206	62.800000
1547405105	45.000000
1547406005	59.200000
1547406906	52.300000
1547407806	39.500000
