time bw
1547288688	7.560000
1547292291	7.330000
1547295892	7.690000
1547299490	8.040000
1547303089	7.710000
1547306688	7.840000
1547310288	7.900000
1547313884	7.470000
1547317485	7.520000
1547321090	7.920000
1547324683	7.660000
1547328284	7.520000
1547330089	7.570000
1547330983	7.650000
1547331882	7.500000
1547332782	7.480000
1547333683	7.820000
1547334582	7.610000
1547335488	7.710000
1547336381	7.630000
1547337287	7.470000
1547338188	7.560000
1547339081	7.680000
1547339984	5.220000
1547340890	7.490000
1547341781	7.540000
1547342680	7.810000
1547343580	7.630000
1547344488	8.130000
1547345380	7.630000
1547346281	7.350000
1547347181	7.520000
1547348086	7.250000
1547348981	7.520000
1547349880	7.930000
1547350779	7.570000
1547351680	7.720000
1547352587	7.730000
1547353480	7.720000
1547354381	8.520000
1547355279	7.490000
1547356179	7.660000
1547357086	7.470000
1547357980	7.680000
1547358881	7.460000
1547359779	7.640000
1547360680	7.430000
1547361578	7.580000
1547362479	7.540000
1547363378	7.720000
1547364278	7.620000
1547365178	7.800000
1547366078	7.420000
1547366978	7.310000
1547367878	7.190000
1547368779	7.640000
1547369681	7.620000
1547370577	7.690000
1547371478	7.200000
1547372378	7.360000
1547373280	7.440000
1547374178	7.620000
1547375077	7.830000
1547375979	7.810000
1547376883	7.600000
1547377776	7.320000
1547378683	7.460000
1547379576	7.860000
1547380476	7.510000
1547381376	7.590000
1547382275	7.730000
1547383179	7.880000
1547384078	7.850000
1547384976	7.610000
1547385875	7.700000
1547386775	8.150000
1547387679	7.490000
1547388576	7.700000
1547389475	7.740000
1547390375	7.520000
1547391275	7.530000
1547392176	7.800000
1547393074	7.790000
1547393975	7.610000
1547394877	6.030000
1547395774	7.560000
1547396674	7.770000
1547397575	7.330000
1547398478	6.010000
1547399374	7.550000
1547400275	7.420000
1547401175	7.820000
1547402080	7.570000
1547402974	7.370000
1547403878	7.620000
1547404780	8.140000
1547405676	7.650000
1547406575	7.630000
1547407473	7.890000
