time bw
1547289035	92.300000
1547292635	79.700000
1547296237	85.800000
1547299838	93.600000
1547303435	92.000000
1547307034	71.300000
1547310635	92.100000
1547314234	83.900000
1547317834	90.900000
1547321435	83.000000
1547325034	91.600000
1547328634	91.400000
1547330435	92.300000
1547331334	93.200000
1547332234	93.400000
1547333134	91.600000
1547334035	89.200000
1547334935	85.800000
1547335835	91.700000
1547336734	92.300000
1547337635	93.500000
1547338535	94.100000
1547339434	91.100000
1547340335	85.000000
1547341235	93.500000
1547342135	91.700000
1547343034	85.900000
1547343934	92.300000
1547344835	93.200000
1547345734	92.000000
1547346634	93.100000
1547347535	93.800000
1547348434	66.600000
1547349333	84.900000
1547350235	92.000000
1547351134	93.600000
1547352034	91.600000
1547352935	93.600000
1547353835	71.200000
1547354735	88.700000
1547355634	80.000000
1547356534	93.600000
1547357435	92.200000
1547358334	91.300000
1547359236	93.500000
1547360134	93.400000
1547361035	83.800000
1547361934	92.400000
1547362834	92.000000
1547363734	93.800000
1547364634	93.200000
1547365535	93.600000
1547366434	90.000000
1547367334	93.300000
1547368234	92.300000
1547369136	92.600000
1547370036	92.100000
1547370934	92.100000
1547371835	92.900000
1547372735	92.300000
1547373636	92.800000
1547374535	93.100000
1547375434	92.700000
1547376334	91.900000
1547377236	93.900000
1547378134	94.300000
1547379035	92.900000
1547379934	93.600000
1547380834	92.700000
1547381735	92.500000
1547382634	92.200000
1547383534	92.500000
1547384434	91.800000
1547385335	90.300000
1547386234	92.500000
1547387134	94.000000
1547388036	75.100000
1547388935	91.200000
1547389834	91.700000
1547390735	86.100000
1547391634	92.400000
1547392536	92.400000
1547393434	79.800000
1547394334	88.100000
1547395234	92.100000
1547396135	92.600000
1547397034	84.900000
1547397935	90.600000
1547398834	86.200000
1547399735	92.400000
1547400635	92.500000
1547401534	94.100000
1547402434	91.800000
1547403334	94.600000
1547404235	84.800000
1547405134	93.400000
1547406034	89.400000
1547406935	93.400000
