time bw
1547292495	13.000000
1547296091	17.300000
1547299703	10.000000
1547303290	10.600000
1547306893	15.600000
1547310493	11.600000
1547314087	13.600000
1547317697	8.770000
1547321294	14.800000
1547324886	16.300000
1547328485	9.330000
1547330291	16.600000
1547331186	16.100000
1547332083	15.700000
1547332980	18.000000
1547333884	15.700000
1547334786	12.000000
1547335691	16.800000
1547336585	17.600000
1547337498	12.700000
1547338392	13.300000
1547339283	10.100000
1547340187	10.900000
1547341090	17.700000
1547341982	17.400000
1547342885	14.200000
1547343786	15.400000
1547344694	17.900000
1547345586	16.000000
1547346482	17.700000
1547347384	13.400000
1547348287	17.100000
1547349182	17.700000
1547350082	15.700000
1547350982	14.200000
1547351882	10.000000
1547352790	12.500000
1547353683	18.000000
1547354586	17.900000
1547355479	16.300000
1547356379	18.000000
1547357287	17.900000
1547358180	17.600000
1547359082	17.800000
1547359979	18.000000
1547360879	16.000000
1547361779	16.700000
1547362684	18.000000
1547363583	16.200000
1547364478	13.800000
1547365379	13.900000
1547366279	11.000000
1547367179	13.400000
1547368079	13.800000
1547368982	13.400000
1547369884	12.000000
1547370778	13.900000
1547371681	13.900000
1547372578	17.800000
1547373481	17.500000
1547374379	17.900000
1547375278	17.900000
1547376180	8.790000
1547377090	13.300000
1547377978	7.550000
1547378886	13.700000
1547379777	15.400000
1547380680	13.100000
1547381578	16.200000
1547382476	15.200000
1547383382	15.600000
1547384289	17.200000
1547385177	12.500000
1547386077	11.700000
1547386977	8.790000
1547387879	10.300000
1547388777	12.600000
1547389676	15.200000
1547390574	17.700000
1547391477	13.500000
1547392377	18.000000
1547393276	11.000000
1547394176	17.800000
1547395081	14.900000
1547395989	17.900000
1547396875	17.900000
1547397776	16.200000
1547398682	17.700000
1547399577	13.300000
1547400476	17.900000
1547401375	10.400000
1547402282	14.400000
1547403172	15.700000
1547404082	15.700000
1547404981	17.800000
1547405877	17.400000
1547406775	10.600000
1547407673	17.800000
