time bw
1547289062	0.910000
1547292662	0.920000
1547296266	0.930000
1547299865	0.770000
1547303462	0.690000
1547307062	0.820000
1547310665	0.930000
1547314262	1.000000
1547317862	0.910000
1547321463	0.990000
1547325062	0.920000
1547328663	1.000000
1547330464	0.490000
1547331362	0.990000
1547332262	0.930000
1547333161	1.000000
1547334063	0.930000
1547334962	0.940000
1547335864	0.490000
1547336762	0.920000
1547337664	0.920000
1547338564	0.500000
1547339461	0.930000
1547340363	0.930000
1547341266	0.500000
1547342162	0.920000
1547343061	1.000000
1547343962	0.940000
1547344866	0.510000
1547345762	0.890000
1547346662	0.990000
1547347562	0.920000
1547348464	0.490000
1547349362	0.980000
1547350262	0.970000
1547351162	0.910000
1547352062	0.910000
1547352964	0.500000
1547353862	0.930000
1547354763	0.920000
1547355662	0.920000
1547356562	0.930000
1547357464	0.500000
1547358363	0.950000
1547359265	1.010000
1547360162	1.050000
1547361063	0.920000
1547361961	1.000000
1547362863	1.000000
1547363762	0.930000
1547364662	0.920000
1547365562	0.920000
1547366462	0.930000
1547367362	0.940000
1547368262	0.930000
1547369163	0.940000
1547370065	0.990000
1547370961	1.000000
1547371862	1.000000
1547372762	1.000000
1547373664	0.930000
1547374563	0.930000
1547375462	0.900000
1547376361	0.810000
1547377266	0.930000
1547378162	0.930000
1547379064	0.500000
1547379962	0.870000
1547380862	0.940000
1547381762	0.930000
1547382661	0.930000
1547383563	0.480000
1547384463	0.930000
1547385362	1.000000
1547386262	0.920000
1547387161	0.930000
1547388065	1.000000
1547388962	0.930000
1547389862	0.920000
1547390762	0.910000
1547391662	0.930000
1547392563	0.950000
1547393461	0.920000
1547394362	0.890000
1547395262	0.940000
1547396162	0.900000
1547397062	0.920000
1547397962	0.820000
1547398864	0.990000
1547399762	0.940000
1547400663	0.930000
1547401562	0.770000
1547402464	0.500000
1547403362	0.930000
1547404262	0.920000
1547405164	0.380000
1547406063	0.830000
1547406964	0.930000
