time bw
1547292842	71.400000
1547296438	29.800000
1547300050	42.600000
1547303638	61.700000
1547307242	64.600000
1547310843	77.600000
1547314436	44.800000
1547318047	73.300000
1547321645	80.900000
1547325237	46.100000
1547328835	67.100000
1547330643	58.700000
1547331537	54.000000
1547332434	52.000000
1547333331	60.400000
1547334236	72.300000
1547335138	69.300000
1547336047	61.000000
1547336936	81.000000
1547337851	70.700000
1547338749	27.300000
1547339635	78.200000
1547340539	66.500000
1547341447	52.600000
1547342335	83.400000
1547343238	91.300000
1547344139	54.800000
1547345051	35.700000
1547345943	87.800000
1547346835	78.600000
1547347737	90.900000
1547348640	80.200000
1547349540	88.000000
1547350439	61.000000
1547351336	88.000000
1547352236	88.900000
1547353144	90.000000
1547354037	70.700000
1547354940	87.500000
1547355834	71.600000
1547356733	80.500000
1547357646	64.100000
1547358534	89.100000
1547359436	87.600000
1547360334	55.000000
1547361235	91.900000
1547362133	84.900000
1547363039	81.100000
1547363937	84.400000
1547364833	84.500000
1547365734	37.900000
1547366635	85.000000
1547367534	68.200000
1547368434	79.600000
1547369337	27.100000
1547370240	85.400000
1547371134	82.900000
1547372037	80.400000
1547372935	78.700000
1547373838	69.600000
1547374735	81.900000
1547375635	86.800000
1547376541	85.400000
1547377447	76.000000
1547378336	61.900000
1547379243	57.100000
1547380136	72.300000
1547381038	66.600000
1547381935	80.500000
1547382834	53.200000
1547383740	70.000000
1547384647	47.800000
1547385534	53.500000
1547386435	51.400000
1547387335	77.000000
1547388238	52.400000
1547389135	61.800000
1547390035	65.700000
1547390937	55.100000
1547391836	42.500000
1547392736	27.900000
1547393635	33.200000
1547394535	36.600000
1547395441	42.000000
1547396348	55.200000
1547397234	11.400000
1547398137	42.400000
1547399042	32.800000
1547399937	19.900000
1547400836	8.450000
1547401738	16.800000
1547402646	21.200000
1547403533	15.700000
1547404443	24.600000
1547405347	32.900000
1547406241	38.200000
1547407135	32.300000
