time bw
1547412183	5.810000
1547413077	8.640000
1547413975	17.000000
1547414883	17.900000
1547415777	16.600000
1547416675	16.700000
1547417576	14.800000
1547418477	17.700000
1547419379	14.800000
1547420273	17.400000
1547421172	18.000000
1547422075	9.140000
1547422978	13.900000
1547423878	17.700000
1547424772	17.300000
1547425673	17.300000
1547426575	16.300000
1547427477	18.000000
1547428372	18.000000
1547429271	18.000000
1547430171	18.000000
1547431071	17.900000
1547431974	17.900000
1547432870	17.200000
1547433783	18.000000
1547434670	17.800000
1547435572	18.000000
1547436470	18.000000
1547437370	17.200000
1547438274	17.500000
1547439170	18.000000
1547440069	17.800000
1547440972	17.900000
1547441873	17.300000
1547442768	17.500000
1547443668	18.000000
1547444567	17.800000
1547445469	18.000000
1547446369	18.000000
1547447275	16.900000
1547448170	15.300000
1547449069	17.800000
1547449970	15.700000
1547450869	5.900000
1547451768	17.400000
1547452670	13.500000
