time bw
1547411974	4.110000
1547412875	8.090000
1547413773	7.740000
1547414680	5.990000
1547415576	7.670000
1547416473	7.060000
1547417372	7.870000
1547418275	7.860000
1547419177	7.450000
1547420072	7.650000
1547420971	7.490000
1547421870	7.640000
1547422777	7.600000
1547423677	7.580000
1547424571	7.490000
1547425471	7.710000
1547426373	6.320000
1547427277	7.470000
1547428172	7.730000
1547429070	7.890000
1547429971	7.450000
1547430870	7.810000
1547431770	7.610000
1547432670	7.510000
1547433582	7.590000
1547434470	8.240000
1547435369	7.570000
1547436269	7.550000
1547437170	7.900000
1547438073	7.590000
1547438969	7.690000
1547439868	7.790000
1547440769	7.890000
1547441669	7.710000
1547442568	7.850000
1547443468	7.950000
1547444368	7.540000
1547445268	7.690000
1547446168	7.210000
1547447073	7.690000
1547447968	7.590000
1547448868	7.540000
1547449768	7.780000
1547450667	7.900000
1547451567	7.700000
1547452469	7.800000
