time bw
1547412547	12.700000
1547413444	26.900000
1547414337	16.700000
1547415245	17.500000
1547416143	28.500000
1547417036	33.900000
1547417938	52.700000
1547418839	44.300000
1547419745	43.100000
1547420640	38.000000
1547421535	72.900000
1547422438	43.500000
1547423340	47.600000
1547424241	32.300000
1547425135	73.200000
1547426036	72.300000
1547426938	60.400000
1547427845	33.000000
1547428740	42.200000
1547429634	58.600000
1547430534	66.000000
1547431439	66.500000
1547432337	63.400000
1547433234	71.700000
1547434147	44.100000
1547435035	78.400000
1547435936	66.200000
1547436835	66.800000
1547437735	49.400000
1547438638	73.200000
1547439535	69.000000
1547440434	75.900000
1547441337	66.300000
1547442238	59.300000
1547443133	80.700000
1547444033	60.200000
1547444933	62.300000
1547445834	69.600000
1547446734	73.100000
1547447640	50.500000
1547448536	76.600000
1547449435	79.300000
1547450335	83.800000
1547451235	69.700000
1547452134	53.800000
1547453037	59.000000
