time bw
1547412513	78.700000
1547413406	80.400000
1547414304	56.300000
1547415212	76.400000
1547416106	67.300000
1547417003	75.900000
1547417905	80.900000
1547418807	66.600000
1547419708	71.900000
1547420602	75.600000
1547421502	75.600000
1547422405	79.700000
1547423308	78.800000
1547424207	89.700000
1547425102	92.400000
1547426003	90.800000
1547426905	84.800000
1547427808	78.800000
1547428703	84.900000
1547429601	91.800000
1547430502	86.900000
1547431401	82.700000
1547432304	89.500000
1547433201	92.300000
1547434114	90.600000
1547435002	92.400000
1547435903	92.600000
1547436801	89.400000
1547437701	88.700000
1547438605	92.500000
1547439502	91.200000
1547440401	90.800000
1547441304	92.300000
1547442205	92.100000
1547443100	92.400000
1547444000	86.700000
1547444900	92.300000
1547445801	92.300000
1547446701	90.300000
1547447607	92.200000
1547448503	85.300000
1547449402	92.800000
1547450303	92.100000
1547451202	90.800000
1547452101	86.200000
1547453004	92.100000
